stress_period	sp_length	time_step	study (0 : TS or 1 : SS)	rech
0.0	1.0	1.0	1.0	0.0008005495078547683
1.0	7.0	1.0	0.0	0.0
8.0	7.0	1.0	0.0	0.0
15.0	7.0	1.0	0.0	0.00047999999999999996
22.0	7.0	1.0	0.0	0.00043
29.0	7.0	1.0	0.0	0.0
36.0	7.0	1.0	0.0	8e-05
43.0	7.0	1.0	0.0	2.9999999999999997e-05
50.0	7.0	1.0	0.0	0.0
57.0	7.0	1.0	0.0	0.0
64.0	7.0	1.0	0.0	0.00013000000000000002
71.0	7.0	1.0	0.0	0.0001
78.0	7.0	1.0	0.0	0.0
85.0	7.0	1.0	0.0	0.0
92.0	7.0	1.0	0.0	8e-05
99.0	7.0	1.0	0.0	0.0
106.0	7.0	1.0	0.0	5.9999999999999995e-05
113.0	7.0	1.0	0.0	0.00015
120.0	7.0	1.0	0.0	0.0015199999999999999
127.0	7.0	1.0	0.0	0.00294
134.0	7.0	1.0	0.0	0.0017
141.0	7.0	1.0	0.0	0.0008900000000000001
148.0	7.0	1.0	0.0	0.00011
155.0	7.0	1.0	0.0	0.00074
162.0	7.0	1.0	0.0	0.0006
169.0	7.0	1.0	0.0	0.00095
176.0	7.0	1.0	0.0	0.00435
183.0	7.0	1.0	0.0	0.00474
190.0	7.0	1.0	0.0	0.00135
197.0	7.0	1.0	0.0	0.00031
204.0	7.0	1.0	0.0	0.00324
211.0	7.0	1.0	0.0	0.0009400000000000001
218.0	7.0	1.0	0.0	0.0007099999999999999
225.0	7.0	1.0	0.0	0.00011
232.0	7.0	1.0	0.0	0.00179
239.0	7.0	1.0	0.0	0.00131
246.0	7.0	1.0	0.0	0.00018999999999999998
253.0	7.0	1.0	0.0	0.0
260.0	7.0	1.0	0.0	0.0
267.0	7.0	1.0	0.0	0.0006
274.0	7.0	1.0	0.0	0.0
281.0	7.0	1.0	0.0	0.0
288.0	7.0	1.0	0.0	0.00036
295.0	7.0	1.0	0.0	0.002
302.0	7.0	1.0	0.0	0.00164
309.0	7.0	1.0	0.0	5e-05
316.0	7.0	1.0	0.0	0.00016
323.0	7.0	1.0	0.0	0.0003
330.0	7.0	1.0	0.0	0.0001
337.0	7.0	1.0	0.0	7e-05
344.0	7.0	1.0	0.0	0.0
351.0	7.0	1.0	0.0	0.0
358.0	7.0	1.0	0.0	0.00021
365.0	7.0	1.0	0.0	0.0
372.0	7.0	1.0	0.0	0.0
379.0	7.0	1.0	0.0	0.00018999999999999998
386.0	7.0	1.0	0.0	0.0001
393.0	7.0	1.0	0.0	0.0
400.0	7.0	1.0	0.0	0.0
407.0	7.0	1.0	0.0	0.00016999999999999999
414.0	7.0	1.0	0.0	0.0
421.0	7.0	1.0	0.0	1e-05
428.0	7.0	1.0	0.0	0.0
435.0	7.0	1.0	0.0	0.0
442.0	7.0	1.0	0.0	0.00031
449.0	7.0	1.0	0.0	0.0
456.0	7.0	1.0	0.0	0.0
463.0	7.0	1.0	0.0	4e-05
470.0	7.0	1.0	0.0	0.0
477.0	7.0	1.0	0.0	0.00156
484.0	7.0	1.0	0.0	0.00131
491.0	7.0	1.0	0.0	0.0019399999999999999
498.0	7.0	1.0	0.0	0.0005200000000000001
505.0	7.0	1.0	0.0	0.00026000000000000003
512.0	7.0	1.0	0.0	0.00062
519.0	7.0	1.0	0.0	5e-05
526.0	7.0	1.0	0.0	0.0009400000000000001
533.0	7.0	1.0	0.0	0.0028
540.0	7.0	1.0	0.0	0.00294
547.0	7.0	1.0	0.0	0.0050799999999999994
554.0	7.0	1.0	0.0	0.00278
561.0	7.0	1.0	0.0	0.0069900000000000006
568.0	7.0	1.0	0.0	0.0039299999999999995
575.0	7.0	1.0	0.0	0.00161
582.0	7.0	1.0	0.0	0.00252
589.0	7.0	1.0	0.0	0.0024
596.0	7.0	1.0	0.0	0.0002
603.0	7.0	1.0	0.0	5.9999999999999995e-05
610.0	7.0	1.0	0.0	0.0
617.0	7.0	1.0	0.0	0.00106
624.0	7.0	1.0	0.0	0.0015400000000000001
631.0	7.0	1.0	0.0	0.0
638.0	7.0	1.0	0.0	1e-05
645.0	7.0	1.0	0.0	0.00108
652.0	7.0	1.0	0.0	0.00112
659.0	7.0	1.0	0.0	0.0
666.0	7.0	1.0	0.0	4e-05
673.0	7.0	1.0	0.0	0.0008699999999999999
680.0	7.0	1.0	0.0	0.00026000000000000003
687.0	7.0	1.0	0.0	8e-05
694.0	7.0	1.0	0.0	0.0
701.0	7.0	1.0	0.0	0.00037999999999999997
708.0	7.0	1.0	0.0	1e-05
715.0	7.0	1.0	0.0	0.0
722.0	7.0	1.0	0.0	9e-05
729.0	7.0	1.0	0.0	0.0
736.0	7.0	1.0	0.0	0.0
743.0	7.0	1.0	0.0	0.0
750.0	7.0	1.0	0.0	0.0
757.0	7.0	1.0	0.0	0.0
764.0	7.0	1.0	0.0	0.0
771.0	7.0	1.0	0.0	0.0
778.0	7.0	1.0	0.0	0.0
785.0	7.0	1.0	0.0	0.0
792.0	7.0	1.0	0.0	0.0
799.0	7.0	1.0	0.0	0.0
806.0	7.0	1.0	0.0	0.0
813.0	7.0	1.0	0.0	0.0
820.0	7.0	1.0	0.0	0.0
827.0	7.0	1.0	0.0	5.9999999999999995e-05
834.0	7.0	1.0	0.0	0.00093
841.0	7.0	1.0	0.0	0.00279
848.0	7.0	1.0	0.0	9e-05
855.0	7.0	1.0	0.0	0.0002
862.0	7.0	1.0	0.0	0.00256
869.0	7.0	1.0	0.0	0.0015199999999999999
876.0	7.0	1.0	0.0	0.00031
883.0	7.0	1.0	0.0	0.00016999999999999999
890.0	7.0	1.0	0.0	0.0
897.0	7.0	1.0	0.0	0.00014
904.0	7.0	1.0	0.0	0.0008
911.0	7.0	1.0	0.0	0.0037
918.0	7.0	1.0	0.0	0.00196
925.0	7.0	1.0	0.0	0.0012
932.0	7.0	1.0	0.0	0.0017800000000000001
939.0	7.0	1.0	0.0	0.00225
946.0	7.0	1.0	0.0	0.00091
953.0	7.0	1.0	0.0	2e-05
960.0	7.0	1.0	0.0	0.0
967.0	7.0	1.0	0.0	1e-05
974.0	7.0	1.0	0.0	0.0
981.0	7.0	1.0	0.0	0.0002
988.0	7.0	1.0	0.0	0.0
995.0	7.0	1.0	0.0	2e-05
1002.0	7.0	1.0	0.0	0.00011
1009.0	7.0	1.0	0.0	0.00073
1016.0	7.0	1.0	0.0	0.0
1023.0	7.0	1.0	0.0	0.00103
1030.0	7.0	1.0	0.0	0.00049
1037.0	7.0	1.0	0.0	0.0
1044.0	7.0	1.0	0.0	1e-05
1051.0	7.0	1.0	0.0	0.0
1058.0	7.0	1.0	0.0	0.0
1065.0	7.0	1.0	0.0	0.0
1072.0	7.0	1.0	0.0	0.0
1079.0	7.0	1.0	0.0	0.00088
1086.0	7.0	1.0	0.0	0.00043
1093.0	7.0	1.0	0.0	0.0
1100.0	7.0	1.0	0.0	0.0
1107.0	7.0	1.0	0.0	0.0
1114.0	7.0	1.0	0.0	0.0
1121.0	7.0	1.0	0.0	0.0
1128.0	7.0	1.0	0.0	0.0
1135.0	7.0	1.0	0.0	0.00011999999999999999
1142.0	7.0	1.0	0.0	2e-05
1149.0	7.0	1.0	0.0	0.00103
1156.0	7.0	1.0	0.0	0.0
1163.0	7.0	1.0	0.0	1e-05
1170.0	7.0	1.0	0.0	0.00061
1177.0	7.0	1.0	0.0	0.0001
1184.0	7.0	1.0	0.0	0.0
1191.0	7.0	1.0	0.0	0.0008
1198.0	7.0	1.0	0.0	0.0
1205.0	7.0	1.0	0.0	0.0
1212.0	7.0	1.0	0.0	0.00018999999999999998
1219.0	7.0	1.0	0.0	0.0009199999999999999
1226.0	7.0	1.0	0.0	0.0028699999999999997
1233.0	7.0	1.0	0.0	0.00225
1240.0	7.0	1.0	0.0	0.0028699999999999997
1247.0	7.0	1.0	0.0	0.00161
1254.0	7.0	1.0	0.0	0.00039
1261.0	7.0	1.0	0.0	0.0033399999999999997
1268.0	7.0	1.0	0.0	0.00147
1275.0	7.0	1.0	0.0	0.00075
1282.0	7.0	1.0	0.0	5.9999999999999995e-05
1289.0	7.0	1.0	0.0	0.00301
1296.0	7.0	1.0	0.0	0.0028399999999999996
1303.0	7.0	1.0	0.0	0.00042
1310.0	7.0	1.0	0.0	0.0022
1317.0	7.0	1.0	0.0	0.00047000000000000004
1324.0	7.0	1.0	0.0	0.00454
1331.0	7.0	1.0	0.0	0.00165
1338.0	7.0	1.0	0.0	4e-05
1345.0	7.0	1.0	0.0	1e-05
1352.0	7.0	1.0	0.0	0.0
1359.0	7.0	1.0	0.0	0.0
1366.0	7.0	1.0	0.0	0.00016999999999999999
1373.0	7.0	1.0	0.0	0.00013000000000000002
1380.0	7.0	1.0	0.0	4e-05
1387.0	7.0	1.0	0.0	0.0
1394.0	7.0	1.0	0.0	0.0
1401.0	7.0	1.0	0.0	0.0
1408.0	7.0	1.0	0.0	1e-05
1415.0	7.0	1.0	0.0	1e-05
1422.0	7.0	1.0	0.0	0.00056
1429.0	7.0	1.0	0.0	0.00018
1436.0	7.0	1.0	0.0	0.0
1443.0	7.0	1.0	0.0	8e-05
1450.0	7.0	1.0	0.0	0.0
1457.0	7.0	1.0	0.0	0.0
1464.0	7.0	1.0	0.0	0.0
1471.0	7.0	1.0	0.0	4e-05
1478.0	7.0	1.0	0.0	0.0
1485.0	7.0	1.0	0.0	0.0
1492.0	7.0	1.0	0.0	1e-05
1499.0	7.0	1.0	0.0	0.0
1506.0	7.0	1.0	0.0	5.9999999999999995e-05
1513.0	7.0	1.0	0.0	0.00066
1520.0	7.0	1.0	0.0	0.00275
1527.0	7.0	1.0	0.0	0.00494
1534.0	7.0	1.0	0.0	0.00389
1541.0	7.0	1.0	0.0	0.00733
1548.0	7.0	1.0	0.0	0.00409
1555.0	7.0	1.0	0.0	0.0037
1562.0	7.0	1.0	0.0	0.00329
1569.0	7.0	1.0	0.0	0.00491
1576.0	7.0	1.0	0.0	0.00477
1583.0	7.0	1.0	0.0	0.0039
1590.0	7.0	1.0	0.0	0.00134
1597.0	7.0	1.0	0.0	0.00065
1604.0	7.0	1.0	0.0	0.0012
1611.0	7.0	1.0	0.0	0.00115
1618.0	7.0	1.0	0.0	0.00045999999999999996
1625.0	7.0	1.0	0.0	9e-05
1632.0	7.0	1.0	0.0	0.00031
1639.0	7.0	1.0	0.0	0.00216
1646.0	7.0	1.0	0.0	0.00257
1653.0	7.0	1.0	0.0	0.00039
1660.0	7.0	1.0	0.0	0.0013
1667.0	7.0	1.0	0.0	0.00072
1674.0	7.0	1.0	0.0	8e-05
1681.0	7.0	1.0	0.0	0.00463
1688.0	7.0	1.0	0.0	0.0019399999999999999
1695.0	7.0	1.0	0.0	0.00156
1702.0	7.0	1.0	0.0	0.00271
1709.0	7.0	1.0	0.0	0.00223
1716.0	7.0	1.0	0.0	0.00156
1723.0	7.0	1.0	0.0	0.0011300000000000001
1730.0	7.0	1.0	0.0	0.0
1737.0	7.0	1.0	0.0	0.0
1744.0	7.0	1.0	0.0	4e-05
1751.0	7.0	1.0	0.0	0.0
1758.0	7.0	1.0	0.0	0.0
1765.0	7.0	1.0	0.0	0.0
1772.0	7.0	1.0	0.0	0.0
1779.0	7.0	1.0	0.0	0.0
1786.0	7.0	1.0	0.0	0.0
1793.0	7.0	1.0	0.0	0.0
1800.0	7.0	1.0	0.0	0.0
1807.0	7.0	1.0	0.0	0.0
1814.0	7.0	1.0	0.0	0.0
1821.0	7.0	1.0	0.0	0.0
1828.0	7.0	1.0	0.0	0.0
1835.0	7.0	1.0	0.0	0.0
1842.0	7.0	1.0	0.0	5e-05
1849.0	7.0	1.0	0.0	0.0
1856.0	7.0	1.0	0.0	5.9999999999999995e-05
1863.0	7.0	1.0	0.0	0.0
1870.0	7.0	1.0	0.0	1e-05
1877.0	7.0	1.0	0.0	0.0
1884.0	7.0	1.0	0.0	2e-05
1891.0	7.0	1.0	0.0	0.0
1898.0	7.0	1.0	0.0	0.0
1905.0	7.0	1.0	0.0	0.0
1912.0	7.0	1.0	0.0	0.0
1919.0	7.0	1.0	0.0	0.00062
1926.0	7.0	1.0	0.0	0.0
1933.0	7.0	1.0	0.0	0.00259
1940.0	7.0	1.0	0.0	0.0
1947.0	7.0	1.0	0.0	0.00242
1954.0	7.0	1.0	0.0	0.0015
1961.0	7.0	1.0	0.0	0.00033999999999999997
1968.0	7.0	1.0	0.0	0.0
1975.0	7.0	1.0	0.0	0.00022
1982.0	7.0	1.0	0.0	7e-05
1989.0	7.0	1.0	0.0	8e-05
1996.0	7.0	1.0	0.0	7e-05
2003.0	7.0	1.0	0.0	0.00037
2010.0	7.0	1.0	0.0	0.0
2017.0	7.0	1.0	0.0	0.00091
2024.0	7.0	1.0	0.0	0.00307
2031.0	7.0	1.0	0.0	0.0011099999999999999
2038.0	7.0	1.0	0.0	8e-05
2045.0	7.0	1.0	0.0	0.0
2052.0	7.0	1.0	0.0	5.9999999999999995e-05
2059.0	7.0	1.0	0.0	0.0015199999999999999
2066.0	7.0	1.0	0.0	0.00011
2073.0	7.0	1.0	0.0	0.0
2080.0	7.0	1.0	0.0	0.0
2087.0	7.0	1.0	0.0	0.0
2094.0	7.0	1.0	0.0	0.0
2101.0	7.0	1.0	0.0	0.0
2108.0	7.0	1.0	0.0	2e-05
2115.0	7.0	1.0	0.0	0.0
2122.0	7.0	1.0	0.0	0.0
2129.0	7.0	1.0	0.0	0.0
2136.0	7.0	1.0	0.0	0.0
2143.0	7.0	1.0	0.0	0.0
2150.0	7.0	1.0	0.0	0.0
2157.0	7.0	1.0	0.0	0.0
2164.0	7.0	1.0	0.0	0.0
2171.0	7.0	1.0	0.0	0.0
2178.0	7.0	1.0	0.0	0.0
2185.0	7.0	1.0	0.0	0.0
2192.0	7.0	1.0	0.0	0.0
2199.0	7.0	1.0	0.0	0.0
2206.0	7.0	1.0	0.0	0.0
2213.0	7.0	1.0	0.0	0.0
2220.0	7.0	1.0	0.0	1e-05
2227.0	7.0	1.0	0.0	0.0
2234.0	7.0	1.0	0.0	8e-05
2241.0	7.0	1.0	0.0	0.0
2248.0	7.0	1.0	0.0	0.00021
2255.0	7.0	1.0	0.0	0.0009599999999999999
2262.0	7.0	1.0	0.0	0.0
2269.0	7.0	1.0	0.0	7e-05
2276.0	7.0	1.0	0.0	0.0032
2283.0	7.0	1.0	0.0	0.00134
2290.0	7.0	1.0	0.0	0.00148
2297.0	7.0	1.0	0.0	0.00214
2304.0	7.0	1.0	0.0	0.00147
2311.0	7.0	1.0	0.0	0.00148
2318.0	7.0	1.0	0.0	0.00854
2325.0	7.0	1.0	0.0	0.0042899999999999995
2332.0	7.0	1.0	0.0	0.00179
2339.0	7.0	1.0	0.0	0.0005
2346.0	7.0	1.0	0.0	0.00137
2353.0	7.0	1.0	0.0	0.0030600000000000002
2360.0	7.0	1.0	0.0	0.0025399999999999997
2367.0	7.0	1.0	0.0	0.00165
2374.0	7.0	1.0	0.0	0.00296
2381.0	7.0	1.0	0.0	0.00443
2388.0	7.0	1.0	0.0	0.00301
2395.0	7.0	1.0	0.0	0.00413
2402.0	7.0	1.0	0.0	0.0013
2409.0	7.0	1.0	0.0	0.00073
2416.0	7.0	1.0	0.0	0.00106
2423.0	7.0	1.0	0.0	0.00114
2430.0	7.0	1.0	0.0	0.0018800000000000002
2437.0	7.0	1.0	0.0	0.0022
2444.0	7.0	1.0	0.0	0.00021
2451.0	7.0	1.0	0.0	0.0
2458.0	7.0	1.0	0.0	0.00018999999999999998
2465.0	7.0	1.0	0.0	0.00011999999999999999
2472.0	7.0	1.0	0.0	0.0
2479.0	7.0	1.0	0.0	0.00055
2486.0	7.0	1.0	0.0	0.0
2493.0	7.0	1.0	0.0	0.0
2500.0	7.0	1.0	0.0	0.00018
2507.0	7.0	1.0	0.0	0.00032
2514.0	7.0	1.0	0.0	0.0
2521.0	7.0	1.0	0.0	0.0001
2528.0	7.0	1.0	0.0	0.0
2535.0	7.0	1.0	0.0	0.0
2542.0	7.0	1.0	0.0	0.0
2549.0	7.0	1.0	0.0	0.00045999999999999996
2556.0	7.0	1.0	0.0	0.0
2563.0	7.0	1.0	0.0	2.9999999999999997e-05
2570.0	7.0	1.0	0.0	0.0
2577.0	7.0	1.0	0.0	0.00021
2584.0	7.0	1.0	0.0	0.0
2591.0	7.0	1.0	0.0	0.0
2598.0	7.0	1.0	0.0	0.0
2605.0	7.0	1.0	0.0	0.0
2612.0	7.0	1.0	0.0	2e-05
2619.0	7.0	1.0	0.0	0.00016
2626.0	7.0	1.0	0.0	5.9999999999999995e-05
2633.0	7.0	1.0	0.0	0.0
2640.0	7.0	1.0	0.0	1e-05
2647.0	7.0	1.0	0.0	8e-05
2654.0	7.0	1.0	0.0	0.00056
2661.0	7.0	1.0	0.0	0.00081
2668.0	7.0	1.0	0.0	0.00199
2675.0	7.0	1.0	0.0	0.00198
2682.0	7.0	1.0	0.0	0.00033999999999999997
2689.0	7.0	1.0	0.0	0.00255
2696.0	7.0	1.0	0.0	0.00098
2703.0	7.0	1.0	0.0	0.0016
2710.0	7.0	1.0	0.0	0.00288
2717.0	7.0	1.0	0.0	0.00125
2724.0	7.0	1.0	0.0	0.0010199999999999999
2731.0	7.0	1.0	0.0	0.0018899999999999998
2738.0	7.0	1.0	0.0	0.0049700000000000005
2745.0	7.0	1.0	0.0	0.00509
2752.0	7.0	1.0	0.0	0.00213
2759.0	7.0	1.0	0.0	0.0078
2766.0	7.0	1.0	0.0	0.00373
2773.0	7.0	1.0	0.0	0.0014199999999999998
2780.0	7.0	1.0	0.0	0.00037999999999999997
2787.0	7.0	1.0	0.0	0.00282
2794.0	7.0	1.0	0.0	0.00375
2801.0	7.0	1.0	0.0	0.00307
2808.0	7.0	1.0	0.0	0.00045
2815.0	7.0	1.0	0.0	4e-05
2822.0	7.0	1.0	0.0	5e-05
2829.0	7.0	1.0	0.0	0.00057
2836.0	7.0	1.0	0.0	0.00116
2843.0	7.0	1.0	0.0	2e-05
2850.0	7.0	1.0	0.0	0.0
2857.0	7.0	1.0	0.0	0.0
2864.0	7.0	1.0	0.0	0.0
2871.0	7.0	1.0	0.0	0.0
2878.0	7.0	1.0	0.0	0.00016999999999999999
2885.0	7.0	1.0	0.0	0.0
2892.0	7.0	1.0	0.0	0.00037
2899.0	7.0	1.0	0.0	0.0
2906.0	7.0	1.0	0.0	0.0
2913.0	7.0	1.0	0.0	0.0
2920.0	7.0	1.0	0.0	0.00073
2927.0	7.0	1.0	0.0	0.00033999999999999997
2934.0	7.0	1.0	0.0	0.0
2941.0	7.0	1.0	0.0	0.0
2948.0	7.0	1.0	0.0	0.0
2955.0	7.0	1.0	0.0	0.0
2962.0	7.0	1.0	0.0	0.0
2969.0	7.0	1.0	0.0	0.0
2976.0	7.0	1.0	0.0	0.0
2983.0	7.0	1.0	0.0	8e-05
2990.0	7.0	1.0	0.0	0.0
2997.0	7.0	1.0	0.0	0.0
3004.0	7.0	1.0	0.0	2e-05
3011.0	7.0	1.0	0.0	0.0
3018.0	7.0	1.0	0.0	0.0
3025.0	7.0	1.0	0.0	0.0
3032.0	7.0	1.0	0.0	7e-05
3039.0	7.0	1.0	0.0	0.00014
3046.0	7.0	1.0	0.0	0.00036
3053.0	7.0	1.0	0.0	0.00032
3060.0	7.0	1.0	0.0	0.0
3067.0	7.0	1.0	0.0	0.00081
3074.0	7.0	1.0	0.0	0.00016999999999999999
3081.0	7.0	1.0	0.0	0.0
3088.0	7.0	1.0	0.0	0.00063
3095.0	7.0	1.0	0.0	0.0011300000000000001
3102.0	7.0	1.0	0.0	0.00134
3109.0	7.0	1.0	0.0	0.00442
3116.0	7.0	1.0	0.0	0.00657
3123.0	7.0	1.0	0.0	0.00365
3130.0	7.0	1.0	0.0	0.0008
3137.0	7.0	1.0	0.0	0.0017
3144.0	7.0	1.0	0.0	0.00372
3151.0	7.0	1.0	0.0	0.00331
3158.0	7.0	1.0	0.0	0.0019100000000000002
3165.0	7.0	1.0	0.0	0.00098
3172.0	7.0	1.0	0.0	0.00123
3179.0	7.0	1.0	0.0	0.00057
3186.0	7.0	1.0	0.0	9e-05
3193.0	7.0	1.0	0.0	0.0009599999999999999
3200.0	7.0	1.0	0.0	0.00067
3207.0	7.0	1.0	0.0	0.0
3214.0	7.0	1.0	0.0	0.0031100000000000004
3221.0	7.0	1.0	0.0	0.00172
3228.0	7.0	1.0	0.0	0.00149
3235.0	7.0	1.0	0.0	1e-05
3242.0	7.0	1.0	0.0	0.0
3249.0	7.0	1.0	0.0	0.0001
3256.0	7.0	1.0	0.0	0.0
3263.0	7.0	1.0	0.0	0.0
3270.0	7.0	1.0	0.0	0.0
3277.0	7.0	1.0	0.0	0.0
3284.0	7.0	1.0	0.0	4e-05
3291.0	7.0	1.0	0.0	0.0
3298.0	7.0	1.0	0.0	4e-05
3305.0	7.0	1.0	0.0	0.0
3312.0	7.0	1.0	0.0	0.0001
3319.0	7.0	1.0	0.0	0.00011999999999999999
3326.0	7.0	1.0	0.0	0.0
3333.0	7.0	1.0	0.0	0.0
3340.0	7.0	1.0	0.0	1e-05
3347.0	7.0	1.0	0.0	0.0
3354.0	7.0	1.0	0.0	2e-05
3361.0	7.0	1.0	0.0	0.0
3368.0	7.0	1.0	0.0	0.0
3375.0	7.0	1.0	0.0	0.0
3382.0	7.0	1.0	0.0	0.00027
3389.0	7.0	1.0	0.0	0.0011300000000000001
3396.0	7.0	1.0	0.0	0.0069900000000000006
3403.0	7.0	1.0	0.0	0.0026899999999999997
3410.0	7.0	1.0	0.0	0.0005200000000000001
3417.0	7.0	1.0	0.0	0.0029100000000000003
3424.0	7.0	1.0	0.0	0.01059
3431.0	7.0	1.0	0.0	0.00665
3438.0	7.0	1.0	0.0	0.00513
3445.0	7.0	1.0	0.0	0.00448
3452.0	7.0	1.0	0.0	0.00237
3459.0	7.0	1.0	0.0	0.00035
3466.0	7.0	1.0	0.0	0.0005
3473.0	7.0	1.0	0.0	0.00404
3480.0	7.0	1.0	0.0	0.00435
3487.0	7.0	1.0	0.0	0.00215
3494.0	7.0	1.0	0.0	0.0012699999999999999
3501.0	7.0	1.0	0.0	0.0001
3508.0	7.0	1.0	0.0	0.00215
3515.0	7.0	1.0	0.0	0.00198
3522.0	7.0	1.0	0.0	0.0008300000000000001
3529.0	7.0	1.0	0.0	0.0009199999999999999
3536.0	7.0	1.0	0.0	0.00013000000000000002
3543.0	7.0	1.0	0.0	0.0
3550.0	7.0	1.0	0.0	0.0
3557.0	7.0	1.0	0.0	0.0
3564.0	7.0	1.0	0.0	0.0
3571.0	7.0	1.0	0.0	0.0
3578.0	7.0	1.0	0.0	0.0
3585.0	7.0	1.0	0.0	0.0
3592.0	7.0	1.0	0.0	0.0
3599.0	7.0	1.0	0.0	0.0
3606.0	7.0	1.0	0.0	0.00035
3613.0	7.0	1.0	0.0	0.00066
3620.0	7.0	1.0	0.0	0.00014
3627.0	7.0	1.0	0.0	0.00023999999999999998
3634.0	7.0	1.0	0.0	0.00093
3641.0	7.0	1.0	0.0	0.00037
3648.0	7.0	1.0	0.0	4e-05
3655.0	7.0	1.0	0.0	0.0
3662.0	7.0	1.0	0.0	0.0
3669.0	7.0	1.0	0.0	8e-05
3676.0	7.0	1.0	0.0	0.0
3683.0	7.0	1.0	0.0	0.0
3690.0	7.0	1.0	0.0	0.0
3697.0	7.0	1.0	0.0	0.0
3704.0	7.0	1.0	0.0	0.0
3711.0	7.0	1.0	0.0	0.0
3718.0	7.0	1.0	0.0	0.0
3725.0	7.0	1.0	0.0	0.0
3732.0	7.0	1.0	0.0	0.0
3739.0	7.0	1.0	0.0	0.00047999999999999996
3746.0	7.0	1.0	0.0	5e-05
3753.0	7.0	1.0	0.0	5e-05
3760.0	7.0	1.0	0.0	0.00271
3767.0	7.0	1.0	0.0	0.00148
3774.0	7.0	1.0	0.0	0.0019399999999999999
3781.0	7.0	1.0	0.0	0.00139
3788.0	7.0	1.0	0.0	0.00144
3795.0	7.0	1.0	0.0	0.00566
3802.0	7.0	1.0	0.0	0.00359
3809.0	7.0	1.0	0.0	0.00323
3816.0	7.0	1.0	0.0	0.00294
3823.0	7.0	1.0	0.0	0.00409
3830.0	7.0	1.0	0.0	0.00292
3837.0	7.0	1.0	0.0	0.00047000000000000004
3844.0	7.0	1.0	0.0	0.00162
3851.0	7.0	1.0	0.0	0.00015
3858.0	7.0	1.0	0.0	0.00215
3865.0	7.0	1.0	0.0	0.0023
3872.0	7.0	1.0	0.0	0.00283
3879.0	7.0	1.0	0.0	0.0022
3886.0	7.0	1.0	0.0	0.00065
3893.0	7.0	1.0	0.0	0.0019100000000000002
3900.0	7.0	1.0	0.0	0.0012699999999999999
3907.0	7.0	1.0	0.0	0.00133
3914.0	7.0	1.0	0.0	5.9999999999999995e-05
3921.0	7.0	1.0	0.0	0.00145
3928.0	7.0	1.0	0.0	0.00067
3935.0	7.0	1.0	0.0	0.00131
3942.0	7.0	1.0	0.0	0.005
3949.0	7.0	1.0	0.0	0.00277
3956.0	7.0	1.0	0.0	0.00476
3963.0	7.0	1.0	0.0	0.0028399999999999996
3970.0	7.0	1.0	0.0	0.00011999999999999999
3977.0	7.0	1.0	0.0	0.0
3984.0	7.0	1.0	0.0	0.0
3991.0	7.0	1.0	0.0	0.0
3998.0	7.0	1.0	0.0	1e-05
4005.0	7.0	1.0	0.0	0.0002
4012.0	7.0	1.0	0.0	0.00018
4019.0	7.0	1.0	0.0	0.0
4026.0	7.0	1.0	0.0	0.0
4033.0	7.0	1.0	0.0	0.0
4040.0	7.0	1.0	0.0	0.0
4047.0	7.0	1.0	0.0	2e-05
4054.0	7.0	1.0	0.0	0.0
4061.0	7.0	1.0	0.0	0.0
4068.0	7.0	1.0	0.0	0.00331
4075.0	7.0	1.0	0.0	0.0
4082.0	7.0	1.0	0.0	0.0
4089.0	7.0	1.0	0.0	0.0
4096.0	7.0	1.0	0.0	0.003
4103.0	7.0	1.0	0.0	0.00624
4110.0	7.0	1.0	0.0	0.00331
4117.0	7.0	1.0	0.0	0.0006799999999999999
4124.0	7.0	1.0	0.0	0.0002
4131.0	7.0	1.0	0.0	0.0005200000000000001
4138.0	7.0	1.0	0.0	0.00157
4145.0	7.0	1.0	0.0	0.0036899999999999997
4152.0	7.0	1.0	0.0	0.00371
4159.0	7.0	1.0	0.0	0.0054
4166.0	7.0	1.0	0.0	0.00292
4173.0	7.0	1.0	0.0	0.00298
4180.0	7.0	1.0	0.0	0.00535
4187.0	7.0	1.0	0.0	0.00212
4194.0	7.0	1.0	0.0	0.0017100000000000001
4201.0	7.0	1.0	0.0	0.00079
4208.0	7.0	1.0	0.0	5.9999999999999995e-05
4215.0	7.0	1.0	0.0	0.00059
4222.0	7.0	1.0	0.0	0.00057
4229.0	7.0	1.0	0.0	0.00079
4236.0	7.0	1.0	0.0	0.00117
4243.0	7.0	1.0	0.0	0.0018800000000000002
4250.0	7.0	1.0	0.0	0.0027199999999999998
4257.0	7.0	1.0	0.0	0.00022
4264.0	7.0	1.0	0.0	0.0
4271.0	7.0	1.0	0.0	0.0
4278.0	7.0	1.0	0.0	0.0
4285.0	7.0	1.0	0.0	0.0
4292.0	7.0	1.0	0.0	0.0
4299.0	7.0	1.0	0.0	0.0
4306.0	7.0	1.0	0.0	0.0
4313.0	7.0	1.0	0.0	0.0003
4320.0	7.0	1.0	0.0	0.0
4327.0	7.0	1.0	0.0	0.0
4334.0	7.0	1.0	0.0	0.00042
4341.0	7.0	1.0	0.0	0.0
4348.0	7.0	1.0	0.0	0.00022999999999999998
4355.0	7.0	1.0	0.0	0.0
4362.0	7.0	1.0	0.0	0.0
4369.0	7.0	1.0	0.0	0.0
4376.0	7.0	1.0	0.0	0.0
4383.0	7.0	1.0	0.0	0.0
4390.0	7.0	1.0	0.0	0.0
4397.0	7.0	1.0	0.0	0.00044
4404.0	7.0	1.0	0.0	0.0
4411.0	7.0	1.0	0.0	0.0
4418.0	7.0	1.0	0.0	0.0
4425.0	7.0	1.0	0.0	0.0
4432.0	7.0	1.0	0.0	4e-05
4439.0	7.0	1.0	0.0	2e-05
4446.0	7.0	1.0	0.0	5e-05
4453.0	7.0	1.0	0.0	0.00047999999999999996
4460.0	7.0	1.0	0.0	0.0026100000000000003
4467.0	7.0	1.0	0.0	0.0039
4474.0	7.0	1.0	0.0	0.00141
4481.0	7.0	1.0	0.0	0.0018399999999999998
4488.0	7.0	1.0	0.0	0.00399
4495.0	7.0	1.0	0.0	0.00303
4502.0	7.0	1.0	0.0	0.00293
4509.0	7.0	1.0	0.0	0.00245
4516.0	7.0	1.0	0.0	0.00463
4523.0	7.0	1.0	0.0	0.00996
4530.0	7.0	1.0	0.0	0.00609
4537.0	7.0	1.0	0.0	0.00236
4544.0	7.0	1.0	0.0	0.00148
4551.0	7.0	1.0	0.0	0.00134
4558.0	7.0	1.0	0.0	5.9999999999999995e-05
4565.0	7.0	1.0	0.0	0.00128
4572.0	7.0	1.0	0.0	0.00232
4579.0	7.0	1.0	0.0	0.0016699999999999998
4586.0	7.0	1.0	0.0	5.9999999999999995e-05
4593.0	7.0	1.0	0.0	0.00202
4600.0	7.0	1.0	0.0	0.00045
4607.0	7.0	1.0	0.0	1e-05
4614.0	7.0	1.0	0.0	0.00029
4621.0	7.0	1.0	0.0	0.00148
4628.0	7.0	1.0	0.0	0.0007599999999999999
4635.0	7.0	1.0	0.0	0.0013800000000000002
4642.0	7.0	1.0	0.0	0.00075
4649.0	7.0	1.0	0.0	0.0009199999999999999
4656.0	7.0	1.0	0.0	0.00198
4663.0	7.0	1.0	0.0	0.00112
4670.0	7.0	1.0	0.0	0.00278
4677.0	7.0	1.0	0.0	0.00221
4684.0	7.0	1.0	0.0	2e-05
4691.0	7.0	1.0	0.0	0.0
4698.0	7.0	1.0	0.0	0.00033
4705.0	7.0	1.0	0.0	0.0
4712.0	7.0	1.0	0.0	5.9999999999999995e-05
4719.0	7.0	1.0	0.0	0.0
4726.0	7.0	1.0	0.0	0.0
4733.0	7.0	1.0	0.0	0.0
4740.0	7.0	1.0	0.0	0.0
4747.0	7.0	1.0	0.0	2e-05
4754.0	7.0	1.0	0.0	0.0
4761.0	7.0	1.0	0.0	0.0
4768.0	7.0	1.0	0.0	4e-05
4775.0	7.0	1.0	0.0	0.0
4782.0	7.0	1.0	0.0	1e-05
4789.0	7.0	1.0	0.0	2.9999999999999997e-05
4796.0	7.0	1.0	0.0	0.00055
4803.0	7.0	1.0	0.0	0.0
4810.0	7.0	1.0	0.0	0.0
4817.0	7.0	1.0	0.0	0.0
4824.0	7.0	1.0	0.0	0.0006799999999999999
4831.0	7.0	1.0	0.0	0.0
4838.0	7.0	1.0	0.0	0.0
4845.0	7.0	1.0	0.0	0.0
4852.0	7.0	1.0	0.0	0.0
4859.0	7.0	1.0	0.0	0.0
4866.0	7.0	1.0	0.0	0.00035
4873.0	7.0	1.0	0.0	0.0
4880.0	7.0	1.0	0.0	0.0
4887.0	7.0	1.0	0.0	0.00025
4894.0	7.0	1.0	0.0	0.00059
4901.0	7.0	1.0	0.0	0.0
4908.0	7.0	1.0	0.0	0.00045999999999999996
4915.0	7.0	1.0	0.0	0.00386
4922.0	7.0	1.0	0.0	0.00432
4929.0	7.0	1.0	0.0	0.00502
4936.0	7.0	1.0	0.0	0.0045
4943.0	7.0	1.0	0.0	0.00164
4950.0	7.0	1.0	0.0	0.00011999999999999999
4957.0	7.0	1.0	0.0	0.0010400000000000001
4964.0	7.0	1.0	0.0	0.0001
4971.0	7.0	1.0	0.0	0.00018999999999999998
4978.0	7.0	1.0	0.0	0.0
4985.0	7.0	1.0	0.0	0.00016999999999999999
4992.0	7.0	1.0	0.0	0.00249
4999.0	7.0	1.0	0.0	0.00055
5006.0	7.0	1.0	0.0	0.0
5013.0	7.0	1.0	0.0	0.0
5020.0	7.0	1.0	0.0	0.0
5027.0	7.0	1.0	0.0	0.00043
5034.0	7.0	1.0	0.0	0.0
5041.0	7.0	1.0	0.0	0.00045999999999999996
5048.0	7.0	1.0	0.0	5e-05
5055.0	7.0	1.0	0.0	0.00022999999999999998
5062.0	7.0	1.0	0.0	0.0
5069.0	7.0	1.0	0.0	0.0
5076.0	7.0	1.0	0.0	0.0
5083.0	7.0	1.0	0.0	0.0
5090.0	7.0	1.0	0.0	0.0
5097.0	7.0	1.0	0.0	1e-05
5104.0	7.0	1.0	0.0	0.0
5111.0	7.0	1.0	0.0	0.0
5118.0	7.0	1.0	0.0	0.0
5125.0	7.0	1.0	0.0	0.0
5132.0	7.0	1.0	0.0	0.0
5139.0	7.0	1.0	0.0	0.0
5146.0	7.0	1.0	0.0	0.0
5153.0	7.0	1.0	0.0	1e-05
5160.0	7.0	1.0	0.0	0.0
5167.0	7.0	1.0	0.0	0.00041
5174.0	7.0	1.0	0.0	0.0006
5181.0	7.0	1.0	0.0	0.0
5188.0	7.0	1.0	0.0	0.0
5195.0	7.0	1.0	0.0	5.9999999999999995e-05
5202.0	7.0	1.0	0.0	0.00088
5209.0	7.0	1.0	0.0	0.0
5216.0	7.0	1.0	0.0	0.0
5223.0	7.0	1.0	0.0	0.0007700000000000001
5230.0	7.0	1.0	0.0	0.0030399999999999997
5237.0	7.0	1.0	0.0	0.00148
5244.0	7.0	1.0	0.0	0.00144
5251.0	7.0	1.0	0.0	0.0012699999999999999
5258.0	7.0	1.0	0.0	0.00549
5265.0	7.0	1.0	0.0	0.0031100000000000004
5272.0	7.0	1.0	0.0	0.0017399999999999998
5279.0	7.0	1.0	0.0	0.00027
5286.0	7.0	1.0	0.0	0.00403
5293.0	7.0	1.0	0.0	0.00364
5300.0	7.0	1.0	0.0	0.0023899999999999998
5307.0	7.0	1.0	0.0	0.00228
5314.0	7.0	1.0	0.0	0.0020399999999999997
5321.0	7.0	1.0	0.0	0.0001
5328.0	7.0	1.0	0.0	0.00198
5335.0	7.0	1.0	0.0	0.0008699999999999999
5342.0	7.0	1.0	0.0	0.00164
5349.0	7.0	1.0	0.0	0.00159
5356.0	7.0	1.0	0.0	0.00197
5363.0	7.0	1.0	0.0	0.0014
5370.0	7.0	1.0	0.0	0.00165
5377.0	7.0	1.0	0.0	2.9999999999999997e-05
5384.0	7.0	1.0	0.0	0.0
5391.0	7.0	1.0	0.0	0.00045
5398.0	7.0	1.0	0.0	0.00014
5405.0	7.0	1.0	0.0	0.0
5412.0	7.0	1.0	0.0	0.0
5419.0	7.0	1.0	0.0	0.0
5426.0	7.0	1.0	0.0	0.00033
5433.0	7.0	1.0	0.0	0.0
5440.0	7.0	1.0	0.0	9e-05
5447.0	7.0	1.0	0.0	0.0
5454.0	7.0	1.0	0.0	0.0
5461.0	7.0	1.0	0.0	0.0
5468.0	7.0	1.0	0.0	1e-05
5475.0	7.0	1.0	0.0	4e-05
5482.0	7.0	1.0	0.0	0.0
5489.0	7.0	1.0	0.0	2.9999999999999997e-05
5496.0	7.0	1.0	0.0	2.9999999999999997e-05
5503.0	7.0	1.0	0.0	5e-05
5510.0	7.0	1.0	0.0	0.0
5517.0	7.0	1.0	0.0	0.0
5524.0	7.0	1.0	0.0	7e-05
5531.0	7.0	1.0	0.0	0.0
5538.0	7.0	1.0	0.0	0.0
5545.0	7.0	1.0	0.0	0.0
5552.0	7.0	1.0	0.0	0.0
5559.0	7.0	1.0	0.0	0.0
5566.0	7.0	1.0	0.0	0.0
5573.0	7.0	1.0	0.0	0.0
5580.0	7.0	1.0	0.0	0.00016999999999999999
5587.0	7.0	1.0	0.0	0.00016
5594.0	7.0	1.0	0.0	1e-05
5601.0	7.0	1.0	0.0	1e-05
5608.0	7.0	1.0	0.0	0.00033
5615.0	7.0	1.0	0.0	0.0
5622.0	7.0	1.0	0.0	0.00044
5629.0	7.0	1.0	0.0	0.0
5636.0	7.0	1.0	0.0	0.00244
5643.0	7.0	1.0	0.0	0.00374
5650.0	7.0	1.0	0.0	0.00203
5657.0	7.0	1.0	0.0	0.00203
5664.0	7.0	1.0	0.0	0.0021
5671.0	7.0	1.0	0.0	0.00036
5678.0	7.0	1.0	0.0	0.0001
5685.0	7.0	1.0	0.0	9e-05
5692.0	7.0	1.0	0.0	0.00131
5699.0	7.0	1.0	0.0	0.00123
5706.0	7.0	1.0	0.0	8e-05
5713.0	7.0	1.0	0.0	0.00108
5720.0	7.0	1.0	0.0	0.00495
5727.0	7.0	1.0	0.0	0.00123
5734.0	7.0	1.0	0.0	0.00037
5741.0	7.0	1.0	0.0	0.00244
5748.0	7.0	1.0	0.0	0.00072
5755.0	7.0	1.0	0.0	0.0004
5762.0	7.0	1.0	0.0	0.0
5769.0	7.0	1.0	0.0	0.0
5776.0	7.0	1.0	0.0	0.0
5783.0	7.0	1.0	0.0	4e-05
5790.0	7.0	1.0	0.0	7e-05
5797.0	7.0	1.0	0.0	0.0
5804.0	7.0	1.0	0.0	0.0006799999999999999
5811.0	7.0	1.0	0.0	0.0
5818.0	7.0	1.0	0.0	0.00093
5825.0	7.0	1.0	0.0	0.0
5832.0	7.0	1.0	0.0	0.0
5839.0	7.0	1.0	0.0	1e-05
5846.0	7.0	1.0	0.0	0.0002
5853.0	7.0	1.0	0.0	0.0
5860.0	7.0	1.0	0.0	0.0
5867.0	7.0	1.0	0.0	0.00018
5874.0	7.0	1.0	0.0	0.0
5881.0	7.0	1.0	0.0	0.0
5888.0	7.0	1.0	0.0	0.00047999999999999996
5895.0	7.0	1.0	0.0	0.0
5902.0	7.0	1.0	0.0	0.0
5909.0	7.0	1.0	0.0	0.0
5916.0	7.0	1.0	0.0	0.0
5923.0	7.0	1.0	0.0	0.00042
5930.0	7.0	1.0	0.0	0.0
5937.0	7.0	1.0	0.0	0.0
5944.0	7.0	1.0	0.0	0.0
5951.0	7.0	1.0	0.0	0.0005099999999999999
5958.0	7.0	1.0	0.0	0.00351
5965.0	7.0	1.0	0.0	0.00156
5972.0	7.0	1.0	0.0	0.00072
5979.0	7.0	1.0	0.0	0.0016899999999999999
5986.0	7.0	1.0	0.0	0.00515
5993.0	7.0	1.0	0.0	0.00466
6000.0	7.0	1.0	0.0	0.00436
6007.0	7.0	1.0	0.0	0.00159
6014.0	7.0	1.0	0.0	0.0
6021.0	7.0	1.0	0.0	0.0
6028.0	7.0	1.0	0.0	0.0
6035.0	7.0	1.0	0.0	0.00014
6042.0	7.0	1.0	0.0	0.00074
6049.0	7.0	1.0	0.0	0.00078
6056.0	7.0	1.0	0.0	0.0016899999999999999
6063.0	7.0	1.0	0.0	0.00093
6070.0	7.0	1.0	0.0	0.0
6077.0	7.0	1.0	0.0	0.00045
6084.0	7.0	1.0	0.0	0.00179
6091.0	7.0	1.0	0.0	0.0013
6098.0	7.0	1.0	0.0	2e-05
6105.0	7.0	1.0	0.0	0.00053
6112.0	7.0	1.0	0.0	0.0
6119.0	7.0	1.0	0.0	1e-05
6126.0	7.0	1.0	0.0	0.0
6133.0	7.0	1.0	0.0	0.0
6140.0	7.0	1.0	0.0	0.0
6147.0	7.0	1.0	0.0	8e-05
6154.0	7.0	1.0	0.0	0.00072
6161.0	7.0	1.0	0.0	0.0
6168.0	7.0	1.0	0.0	7e-05
6175.0	7.0	1.0	0.0	0.0
6182.0	7.0	1.0	0.0	0.0
6189.0	7.0	1.0	0.0	0.0
6196.0	7.0	1.0	0.0	0.0018800000000000002
6203.0	7.0	1.0	0.0	0.0
6210.0	7.0	1.0	0.0	1e-05
6217.0	7.0	1.0	0.0	0.00022999999999999998
6224.0	7.0	1.0	0.0	0.0
6231.0	7.0	1.0	0.0	5e-05
6238.0	7.0	1.0	0.0	0.0
6245.0	7.0	1.0	0.0	0.0
6252.0	7.0	1.0	0.0	0.00015
6259.0	7.0	1.0	0.0	0.0
6266.0	7.0	1.0	0.0	0.0
6273.0	7.0	1.0	0.0	7e-05
6280.0	7.0	1.0	0.0	0.0
6287.0	7.0	1.0	0.0	0.0
6294.0	7.0	1.0	0.0	0.0
6301.0	7.0	1.0	0.0	1e-05
6308.0	7.0	1.0	0.0	0.00128
6315.0	7.0	1.0	0.0	0.00355
6322.0	7.0	1.0	0.0	0.00302
6329.0	7.0	1.0	0.0	0.00085
6336.0	7.0	1.0	0.0	0.00206
6343.0	7.0	1.0	0.0	0.0006799999999999999
6350.0	7.0	1.0	0.0	0.00282
6357.0	7.0	1.0	0.0	0.00175
6364.0	7.0	1.0	0.0	0.0031
6371.0	7.0	1.0	0.0	0.0048200000000000005
6378.0	7.0	1.0	0.0	0.00223
6385.0	7.0	1.0	0.0	0.00296
6392.0	7.0	1.0	0.0	0.00601
6399.0	7.0	1.0	0.0	0.00572
6406.0	7.0	1.0	0.0	0.00487
6413.0	7.0	1.0	0.0	0.0010199999999999999
6420.0	7.0	1.0	0.0	1e-05
6427.0	7.0	1.0	0.0	8e-05
6434.0	7.0	1.0	0.0	0.0
6441.0	7.0	1.0	0.0	0.00275
6448.0	7.0	1.0	0.0	0.0016300000000000002
6455.0	7.0	1.0	0.0	0.00078
6462.0	7.0	1.0	0.0	0.0
6469.0	7.0	1.0	0.0	0.0
6476.0	7.0	1.0	0.0	0.0
6483.0	7.0	1.0	0.0	9e-05
6490.0	7.0	1.0	0.0	0.0
6497.0	7.0	1.0	0.0	0.0
6504.0	7.0	1.0	0.0	0.0
6511.0	7.0	1.0	0.0	0.00095
6518.0	7.0	1.0	0.0	0.0
6525.0	7.0	1.0	0.0	0.0
6532.0	7.0	1.0	0.0	0.0
6539.0	7.0	1.0	0.0	0.0
6546.0	7.0	1.0	0.0	0.00037999999999999997
6553.0	7.0	1.0	0.0	0.0
6560.0	7.0	1.0	0.0	0.0
6567.0	7.0	1.0	0.0	2e-05
6574.0	7.0	1.0	0.0	0.0
6581.0	7.0	1.0	0.0	0.0
6588.0	7.0	1.0	0.0	0.0
6595.0	7.0	1.0	0.0	0.0
6602.0	7.0	1.0	0.0	0.00014
6609.0	7.0	1.0	0.0	0.0
6616.0	7.0	1.0	0.0	2e-05
6623.0	7.0	1.0	0.0	0.0
6630.0	7.0	1.0	0.0	0.00011999999999999999
6637.0	7.0	1.0	0.0	0.0
6644.0	7.0	1.0	0.0	0.0007700000000000001
6651.0	7.0	1.0	0.0	0.0
6658.0	7.0	1.0	0.0	0.0
6665.0	7.0	1.0	0.0	0.0
6672.0	7.0	1.0	0.0	0.0
6679.0	7.0	1.0	0.0	0.0
6686.0	7.0	1.0	0.0	0.0006799999999999999
6693.0	7.0	1.0	0.0	0.0
6700.0	7.0	1.0	0.0	0.00033999999999999997
6707.0	7.0	1.0	0.0	0.0
6714.0	7.0	1.0	0.0	0.0
6721.0	7.0	1.0	0.0	1e-05
6728.0	7.0	1.0	0.0	0.0
6735.0	7.0	1.0	0.0	0.0
6742.0	7.0	1.0	0.0	0.00095
6749.0	7.0	1.0	0.0	0.00057
6756.0	7.0	1.0	0.0	2e-05
6763.0	7.0	1.0	0.0	2.9999999999999997e-05
6770.0	7.0	1.0	0.0	0.00013000000000000002
6777.0	7.0	1.0	0.0	0.0017699999999999999
6784.0	7.0	1.0	0.0	0.00421
6791.0	7.0	1.0	0.0	0.0037700000000000003
6798.0	7.0	1.0	0.0	0.00262
6805.0	7.0	1.0	0.0	0.00265
6812.0	7.0	1.0	0.0	0.00133
6819.0	7.0	1.0	0.0	8e-05
6826.0	7.0	1.0	0.0	0.0
6833.0	7.0	1.0	0.0	0.00115
6840.0	7.0	1.0	0.0	0.0
6847.0	7.0	1.0	0.0	0.0
6854.0	7.0	1.0	0.0	0.0
6861.0	7.0	1.0	0.0	0.0
6868.0	7.0	1.0	0.0	0.0
6875.0	7.0	1.0	0.0	0.0
6882.0	7.0	1.0	0.0	0.0
6889.0	7.0	1.0	0.0	0.0
6896.0	7.0	1.0	0.0	0.0
6903.0	7.0	1.0	0.0	0.0
6910.0	7.0	1.0	0.0	0.0
6917.0	7.0	1.0	0.0	0.0
6924.0	7.0	1.0	0.0	0.0
6931.0	7.0	1.0	0.0	0.0
6938.0	7.0	1.0	0.0	0.0
6945.0	7.0	1.0	0.0	0.0
6952.0	7.0	1.0	0.0	0.0
6959.0	7.0	1.0	0.0	0.0
6966.0	7.0	1.0	0.0	0.0
6973.0	7.0	1.0	0.0	0.0
6980.0	7.0	1.0	0.0	1e-05
6987.0	7.0	1.0	0.0	0.0
6994.0	7.0	1.0	0.0	0.0
7001.0	7.0	1.0	0.0	0.0
7008.0	7.0	1.0	0.0	0.0
7015.0	7.0	1.0	0.0	0.0
7022.0	7.0	1.0	0.0	0.0
7029.0	7.0	1.0	0.0	1e-05
7036.0	7.0	1.0	0.0	0.00115
7043.0	7.0	1.0	0.0	0.0
7050.0	7.0	1.0	0.0	0.0
7057.0	7.0	1.0	0.0	0.0
7064.0	7.0	1.0	0.0	0.0
7071.0	7.0	1.0	0.0	0.0
7078.0	7.0	1.0	0.0	0.00015
7085.0	7.0	1.0	0.0	2.9999999999999997e-05
7092.0	7.0	1.0	0.0	0.0
7099.0	7.0	1.0	0.0	0.00095
7106.0	7.0	1.0	0.0	0.00117
7113.0	7.0	1.0	0.0	0.0007
7120.0	7.0	1.0	0.0	0.0033299999999999996
7127.0	7.0	1.0	0.0	0.00247
7134.0	7.0	1.0	0.0	0.00307
7141.0	7.0	1.0	0.0	0.00923
7148.0	7.0	1.0	0.0	0.00259
7155.0	7.0	1.0	0.0	0.00074
7162.0	7.0	1.0	0.0	0.0
7169.0	7.0	1.0	0.0	0.0
7176.0	7.0	1.0	0.0	4e-05
7183.0	7.0	1.0	0.0	0.0
7190.0	7.0	1.0	0.0	0.0
7197.0	7.0	1.0	0.0	0.00033
7204.0	7.0	1.0	0.0	9e-05
7211.0	7.0	1.0	0.0	0.0
7218.0	7.0	1.0	0.0	0.0
7225.0	7.0	1.0	0.0	0.0
7232.0	7.0	1.0	0.0	0.0
7239.0	7.0	1.0	0.0	0.0
7246.0	7.0	1.0	0.0	2e-05
7253.0	7.0	1.0	0.0	0.0
7260.0	7.0	1.0	0.0	0.0
7267.0	7.0	1.0	0.0	0.0
7274.0	7.0	1.0	0.0	0.0001
7281.0	7.0	1.0	0.0	0.0001
7288.0	7.0	1.0	0.0	0.0
7295.0	7.0	1.0	0.0	0.0
7302.0	7.0	1.0	0.0	0.0
7309.0	7.0	1.0	0.0	0.0
7316.0	7.0	1.0	0.0	0.0
7323.0	7.0	1.0	0.0	2.9999999999999997e-05
7330.0	7.0	1.0	0.0	0.0
7337.0	7.0	1.0	0.0	0.0
7344.0	7.0	1.0	0.0	0.0
7351.0	7.0	1.0	0.0	0.0
7358.0	7.0	1.0	0.0	2e-05
7365.0	7.0	1.0	0.0	2e-05
7372.0	7.0	1.0	0.0	2.9999999999999997e-05
7379.0	7.0	1.0	0.0	0.0
7386.0	7.0	1.0	0.0	0.0
7393.0	7.0	1.0	0.0	0.00229
7400.0	7.0	1.0	0.0	0.0
7407.0	7.0	1.0	0.0	0.00056
7414.0	7.0	1.0	0.0	0.0001
7421.0	7.0	1.0	0.0	0.00032
7428.0	7.0	1.0	0.0	0.0011
7435.0	7.0	1.0	0.0	0.0008300000000000001
7442.0	7.0	1.0	0.0	0.0007599999999999999
7449.0	7.0	1.0	0.0	0.00091
7456.0	7.0	1.0	0.0	0.00274
7463.0	7.0	1.0	0.0	0.00329
7470.0	7.0	1.0	0.0	0.0036799999999999997
7477.0	7.0	1.0	0.0	0.00176
7484.0	7.0	1.0	0.0	0.0004
7491.0	7.0	1.0	0.0	0.0
7498.0	7.0	1.0	0.0	0.0
7505.0	7.0	1.0	0.0	0.00233
7512.0	7.0	1.0	0.0	0.0016600000000000002
7519.0	7.0	1.0	0.0	0.00082
7526.0	7.0	1.0	0.0	0.00054
7533.0	7.0	1.0	0.0	0.00029
7540.0	7.0	1.0	0.0	0.00011
7547.0	7.0	1.0	0.0	0.0
7554.0	7.0	1.0	0.0	1e-05
7561.0	7.0	1.0	0.0	0.0
7568.0	7.0	1.0	0.0	0.0
7575.0	7.0	1.0	0.0	0.0
7582.0	7.0	1.0	0.0	5e-05
7589.0	7.0	1.0	0.0	0.0
7596.0	7.0	1.0	0.0	0.0
7603.0	7.0	1.0	0.0	0.0
7610.0	7.0	1.0	0.0	0.0
7617.0	7.0	1.0	0.0	0.0
7624.0	7.0	1.0	0.0	4e-05
7631.0	7.0	1.0	0.0	1e-05
7638.0	7.0	1.0	0.0	0.0
7645.0	7.0	1.0	0.0	2e-05
7652.0	7.0	1.0	0.0	0.00016
7659.0	7.0	1.0	0.0	0.0
7666.0	7.0	1.0	0.0	0.0
7673.0	7.0	1.0	0.0	0.0
7680.0	7.0	1.0	0.0	0.0
7687.0	7.0	1.0	0.0	0.0
7694.0	7.0	1.0	0.0	0.0
7701.0	7.0	1.0	0.0	7e-05
7708.0	7.0	1.0	0.0	0.0
7715.0	7.0	1.0	0.0	0.0
7722.0	7.0	1.0	0.0	0.0
7729.0	7.0	1.0	0.0	0.00035
7736.0	7.0	1.0	0.0	1e-05
7743.0	7.0	1.0	0.0	5.9999999999999995e-05
7750.0	7.0	1.0	0.0	0.0
7757.0	7.0	1.0	0.0	2e-05
7764.0	7.0	1.0	0.0	0.00036
7771.0	7.0	1.0	0.0	1e-05
7778.0	7.0	1.0	0.0	0.00044
7785.0	7.0	1.0	0.0	0.00135
7792.0	7.0	1.0	0.0	0.00063
7799.0	7.0	1.0	0.0	1e-05
7806.0	7.0	1.0	0.0	4e-05
7813.0	7.0	1.0	0.0	0.00141
7820.0	7.0	1.0	0.0	0.00059
7827.0	7.0	1.0	0.0	0.00033999999999999997
7834.0	7.0	1.0	0.0	0.00112
7841.0	7.0	1.0	0.0	0.00022
7848.0	7.0	1.0	0.0	0.00016999999999999999
7855.0	7.0	1.0	0.0	0.00011
7862.0	7.0	1.0	0.0	0.00053
7869.0	7.0	1.0	0.0	0.00134
7876.0	7.0	1.0	0.0	5.9999999999999995e-05
7883.0	7.0	1.0	0.0	5.9999999999999995e-05
7890.0	7.0	1.0	0.0	7e-05
7897.0	7.0	1.0	0.0	2.9999999999999997e-05
7904.0	7.0	1.0	0.0	7e-05
7911.0	7.0	1.0	0.0	0.00013000000000000002
7918.0	7.0	1.0	0.0	0.0
7925.0	7.0	1.0	0.0	9e-05
7932.0	7.0	1.0	0.0	0.0001
7939.0	7.0	1.0	0.0	0.00033999999999999997
7946.0	7.0	1.0	0.0	0.0
7953.0	7.0	1.0	0.0	0.00047000000000000004
7960.0	7.0	1.0	0.0	0.0
7967.0	7.0	1.0	0.0	4e-05
7974.0	7.0	1.0	0.0	0.00021
7981.0	7.0	1.0	0.0	0.0
7988.0	7.0	1.0	0.0	0.0
7995.0	7.0	1.0	0.0	0.00063
8002.0	7.0	1.0	0.0	0.0
8009.0	7.0	1.0	0.0	2e-05
8016.0	7.0	1.0	0.0	0.0
8023.0	7.0	1.0	0.0	0.0
8030.0	7.0	1.0	0.0	0.0
8037.0	7.0	1.0	0.0	0.0
8044.0	7.0	1.0	0.0	0.0
8051.0	7.0	1.0	0.0	5e-05
8058.0	7.0	1.0	0.0	0.0
8065.0	7.0	1.0	0.0	0.00035
8072.0	7.0	1.0	0.0	0.00018999999999999998
8079.0	7.0	1.0	0.0	7e-05
8086.0	7.0	1.0	0.0	0.0
8093.0	7.0	1.0	0.0	7e-05
8100.0	7.0	1.0	0.0	0.00022999999999999998
8107.0	7.0	1.0	0.0	0.0
8114.0	7.0	1.0	0.0	0.0
8121.0	7.0	1.0	0.0	0.00084
8128.0	7.0	1.0	0.0	0.0
8135.0	7.0	1.0	0.0	0.00095
8142.0	7.0	1.0	0.0	0.0034200000000000003
8149.0	7.0	1.0	0.0	0.00656
8156.0	7.0	1.0	0.0	0.0036899999999999997
8163.0	7.0	1.0	0.0	0.00603
8170.0	7.0	1.0	0.0	0.00349
8177.0	7.0	1.0	0.0	0.00143
8184.0	7.0	1.0	0.0	0.00037999999999999997
8191.0	7.0	1.0	0.0	0.0
8198.0	7.0	1.0	0.0	0.0015
8205.0	7.0	1.0	0.0	0.0036799999999999997
8212.0	7.0	1.0	0.0	0.00126
8219.0	7.0	1.0	0.0	2.9999999999999997e-05
8226.0	7.0	1.0	0.0	0.00014
8233.0	7.0	1.0	0.0	0.0
8240.0	7.0	1.0	0.0	0.0
8247.0	7.0	1.0	0.0	0.00037999999999999997
8254.0	7.0	1.0	0.0	0.0
8261.0	7.0	1.0	0.0	0.0
8268.0	7.0	1.0	0.0	0.0
8275.0	7.0	1.0	0.0	0.0
8282.0	7.0	1.0	0.0	0.0
8289.0	7.0	1.0	0.0	0.00011999999999999999
8296.0	7.0	1.0	0.0	0.0006900000000000001
8303.0	7.0	1.0	0.0	0.0009400000000000001
8310.0	7.0	1.0	0.0	2e-05
8317.0	7.0	1.0	0.0	5e-05
8324.0	7.0	1.0	0.0	7e-05
8331.0	7.0	1.0	0.0	0.00026000000000000003
8338.0	7.0	1.0	0.0	0.0
8345.0	7.0	1.0	0.0	0.0
8352.0	7.0	1.0	0.0	0.0029100000000000003
8359.0	7.0	1.0	0.0	0.00107
8366.0	7.0	1.0	0.0	0.0
8373.0	7.0	1.0	0.0	0.0
8380.0	7.0	1.0	0.0	0.00014
8387.0	7.0	1.0	0.0	2.9999999999999997e-05
8394.0	7.0	1.0	0.0	0.00047999999999999996
8401.0	7.0	1.0	0.0	0.00013000000000000002
8408.0	7.0	1.0	0.0	0.0
8415.0	7.0	1.0	0.0	5e-05
8422.0	7.0	1.0	0.0	1e-05
8429.0	7.0	1.0	0.0	0.0
8436.0	7.0	1.0	0.0	0.0
8443.0	7.0	1.0	0.0	0.00044
8450.0	7.0	1.0	0.0	0.0
8457.0	7.0	1.0	0.0	0.00025
8464.0	7.0	1.0	0.0	0.00126
8471.0	7.0	1.0	0.0	0.0043100000000000005
8478.0	7.0	1.0	0.0	0.0031100000000000004
8485.0	7.0	1.0	0.0	0.0008300000000000001
8492.0	7.0	1.0	0.0	1e-05
8499.0	7.0	1.0	0.0	8e-05
8506.0	7.0	1.0	0.0	0.00199
8513.0	7.0	1.0	0.0	0.00039
8520.0	7.0	1.0	0.0	0.0
8527.0	7.0	1.0	0.0	0.0008300000000000001
8534.0	7.0	1.0	0.0	0.008140000000000001
8541.0	7.0	1.0	0.0	0.0074
8548.0	7.0	1.0	0.0	0.00528
8555.0	7.0	1.0	0.0	0.00598
8562.0	7.0	1.0	0.0	0.00554
8569.0	7.0	1.0	0.0	0.00396
8576.0	7.0	1.0	0.0	0.00345
8583.0	7.0	1.0	0.0	0.00323
8590.0	7.0	1.0	0.0	0.0022199999999999998
8597.0	7.0	1.0	0.0	0.00375
8604.0	7.0	1.0	0.0	0.0032600000000000003
8611.0	7.0	1.0	0.0	0.00193
8618.0	7.0	1.0	0.0	0.00161
8625.0	7.0	1.0	0.0	0.0007700000000000001
8632.0	7.0	1.0	0.0	0.00121
8639.0	7.0	1.0	0.0	0.0005
8646.0	7.0	1.0	0.0	0.0023899999999999998
8653.0	7.0	1.0	0.0	0.00502
8660.0	7.0	1.0	0.0	0.0016300000000000002
8667.0	7.0	1.0	0.0	0.00023999999999999998
8674.0	7.0	1.0	0.0	0.0
8681.0	7.0	1.0	0.0	0.0
8688.0	7.0	1.0	0.0	0.0
8695.0	7.0	1.0	0.0	0.00571
8702.0	7.0	1.0	0.0	0.00275
8709.0	7.0	1.0	0.0	0.00128
8716.0	7.0	1.0	0.0	1e-05
8723.0	7.0	1.0	0.0	0.0
8730.0	7.0	1.0	0.0	2e-05
8737.0	7.0	1.0	0.0	0.0
8744.0	7.0	1.0	0.0	0.0
8751.0	7.0	1.0	0.0	5e-05
8758.0	7.0	1.0	0.0	0.0
8765.0	7.0	1.0	0.0	0.00016
8772.0	7.0	1.0	0.0	0.0
8779.0	7.0	1.0	0.0	0.0
8786.0	7.0	1.0	0.0	0.0
8793.0	7.0	1.0	0.0	0.0
8800.0	7.0	1.0	0.0	0.00015
8807.0	7.0	1.0	0.0	0.00011
8814.0	7.0	1.0	0.0	0.00026000000000000003
8821.0	7.0	1.0	0.0	0.0022
8828.0	7.0	1.0	0.0	0.00029
8835.0	7.0	1.0	0.0	0.0
8842.0	7.0	1.0	0.0	0.0
8849.0	7.0	1.0	0.0	0.0007099999999999999
8856.0	7.0	1.0	0.0	0.0053
8863.0	7.0	1.0	0.0	0.005370000000000001
8870.0	7.0	1.0	0.0	0.0057
8877.0	7.0	1.0	0.0	0.0045
8884.0	7.0	1.0	0.0	0.00157
8891.0	7.0	1.0	0.0	0.00123
8898.0	7.0	1.0	0.0	0.00322
8905.0	7.0	1.0	0.0	0.0021100000000000003
8912.0	7.0	1.0	0.0	0.00149
8919.0	7.0	1.0	0.0	0.00479
8926.0	7.0	1.0	0.0	0.00359
8933.0	7.0	1.0	0.0	0.00134
8940.0	7.0	1.0	0.0	0.006959999999999999
8947.0	7.0	1.0	0.0	0.00932
8954.0	7.0	1.0	0.0	0.00566
8961.0	7.0	1.0	0.0	0.00303
8968.0	7.0	1.0	0.0	0.00435
8975.0	7.0	1.0	0.0	0.00373
8982.0	7.0	1.0	0.0	0.00432
8989.0	7.0	1.0	0.0	0.00238
8996.0	7.0	1.0	0.0	0.0030600000000000002
9003.0	7.0	1.0	0.0	0.00043
9010.0	7.0	1.0	0.0	5e-05
9017.0	7.0	1.0	0.0	0.0
9024.0	7.0	1.0	0.0	0.0
9031.0	7.0	1.0	0.0	0.0
9038.0	7.0	1.0	0.0	0.00025
9045.0	7.0	1.0	0.0	0.0
9052.0	7.0	1.0	0.0	0.0
9059.0	7.0	1.0	0.0	0.0
9066.0	7.0	1.0	0.0	0.0
9073.0	7.0	1.0	0.0	8e-05
9080.0	7.0	1.0	0.0	2.9999999999999997e-05
9087.0	7.0	1.0	0.0	0.00061
9094.0	7.0	1.0	0.0	0.0
9101.0	7.0	1.0	0.0	0.00032
9108.0	7.0	1.0	0.0	0.0
9115.0	7.0	1.0	0.0	0.0
9122.0	7.0	1.0	0.0	0.0
9129.0	7.0	1.0	0.0	0.0
9136.0	7.0	1.0	0.0	0.00067
9143.0	7.0	1.0	0.0	2.9999999999999997e-05
9150.0	7.0	1.0	0.0	0.0
9157.0	7.0	1.0	0.0	4e-05
9164.0	7.0	1.0	0.0	8e-05
9171.0	7.0	1.0	0.0	0.00018999999999999998
9178.0	7.0	1.0	0.0	0.00018
9185.0	7.0	1.0	0.0	2e-05
9192.0	7.0	1.0	0.0	0.00011999999999999999
9199.0	7.0	1.0	0.0	0.0
9206.0	7.0	1.0	0.0	0.0
9213.0	7.0	1.0	0.0	0.0
9220.0	7.0	1.0	0.0	0.00016999999999999999
9227.0	7.0	1.0	0.0	0.0
9234.0	7.0	1.0	0.0	0.00066
9241.0	7.0	1.0	0.0	0.0
9248.0	7.0	1.0	0.0	0.00018
9255.0	7.0	1.0	0.0	0.00141
9262.0	7.0	1.0	0.0	0.0
9269.0	7.0	1.0	0.0	0.00022
9276.0	7.0	1.0	0.0	0.00035
9283.0	7.0	1.0	0.0	0.0019100000000000002
9290.0	7.0	1.0	0.0	0.0011
9297.0	7.0	1.0	0.0	0.00116
9304.0	7.0	1.0	0.0	5.9999999999999995e-05
9311.0	7.0	1.0	0.0	0.00022999999999999998
9318.0	7.0	1.0	0.0	0.0
9325.0	7.0	1.0	0.0	0.00212
9332.0	7.0	1.0	0.0	0.00293
9339.0	7.0	1.0	0.0	0.00345
9346.0	7.0	1.0	0.0	0.00099
9353.0	7.0	1.0	0.0	0.0
9360.0	7.0	1.0	0.0	0.0
9367.0	7.0	1.0	0.0	0.0
9374.0	7.0	1.0	0.0	2e-05
9381.0	7.0	1.0	0.0	0.0
9388.0	7.0	1.0	0.0	0.0
9395.0	7.0	1.0	0.0	0.0
9402.0	7.0	1.0	0.0	0.0
9409.0	7.0	1.0	0.0	0.0
9416.0	7.0	1.0	0.0	0.0
9423.0	7.0	1.0	0.0	0.0
9430.0	7.0	1.0	0.0	0.0
9437.0	7.0	1.0	0.0	0.0
9444.0	7.0	1.0	0.0	0.0
9451.0	7.0	1.0	0.0	0.0
9458.0	7.0	1.0	0.0	0.0
9465.0	7.0	1.0	0.0	0.0
9472.0	7.0	1.0	0.0	8e-05
9479.0	7.0	1.0	0.0	0.0
9486.0	7.0	1.0	0.0	0.0
9493.0	7.0	1.0	0.0	0.0
9500.0	7.0	1.0	0.0	0.0
9507.0	7.0	1.0	0.0	2.9999999999999997e-05
9514.0	7.0	1.0	0.0	0.0
9521.0	7.0	1.0	0.0	1e-05
9528.0	7.0	1.0	0.0	0.0
9535.0	7.0	1.0	0.0	0.0
9542.0	7.0	1.0	0.0	0.0
9549.0	7.0	1.0	0.0	0.0
9556.0	7.0	1.0	0.0	0.0
9563.0	7.0	1.0	0.0	0.0001
9570.0	7.0	1.0	0.0	0.0
9577.0	7.0	1.0	0.0	8e-05
9584.0	7.0	1.0	0.0	0.0
9591.0	7.0	1.0	0.0	9e-05
9598.0	7.0	1.0	0.0	0.00032
9605.0	7.0	1.0	0.0	0.00025
9612.0	7.0	1.0	0.0	0.00057
9619.0	7.0	1.0	0.0	0.00309
9626.0	7.0	1.0	0.0	0.00296
9633.0	7.0	1.0	0.0	0.00075
9640.0	7.0	1.0	0.0	0.00288
9647.0	7.0	1.0	0.0	0.0007599999999999999
9654.0	7.0	1.0	0.0	0.0
9661.0	7.0	1.0	0.0	5.9999999999999995e-05
9668.0	7.0	1.0	0.0	0.0
9675.0	7.0	1.0	0.0	0.00063
9682.0	7.0	1.0	0.0	2e-05
9689.0	7.0	1.0	0.0	0.001
9696.0	7.0	1.0	0.0	0.0031
9703.0	7.0	1.0	0.0	0.00158
9710.0	7.0	1.0	0.0	0.00016
9717.0	7.0	1.0	0.0	0.0
9724.0	7.0	1.0	0.0	5e-05
9731.0	7.0	1.0	0.0	0.0
9738.0	7.0	1.0	0.0	0.0
9745.0	7.0	1.0	0.0	0.0
9752.0	7.0	1.0	0.0	0.0
9759.0	7.0	1.0	0.0	0.0
9766.0	7.0	1.0	0.0	0.00026000000000000003
9773.0	7.0	1.0	0.0	0.0
9780.0	7.0	1.0	0.0	0.0
9787.0	7.0	1.0	0.0	0.00045
9794.0	7.0	1.0	0.0	0.0
9801.0	7.0	1.0	0.0	0.0
9808.0	7.0	1.0	0.0	0.0001
9815.0	7.0	1.0	0.0	0.0
9822.0	7.0	1.0	0.0	0.0001
9829.0	7.0	1.0	0.0	0.00022999999999999998
9836.0	7.0	1.0	0.0	0.0
9843.0	7.0	1.0	0.0	0.0
9850.0	7.0	1.0	0.0	0.0
9857.0	7.0	1.0	0.0	2e-05
9864.0	7.0	1.0	0.0	0.0
9871.0	7.0	1.0	0.0	1e-05
9878.0	7.0	1.0	0.0	0.0
9885.0	7.0	1.0	0.0	0.0
9892.0	7.0	1.0	0.0	0.0
9899.0	7.0	1.0	0.0	0.0
9906.0	7.0	1.0	0.0	2e-05
9913.0	7.0	1.0	0.0	0.0
9920.0	7.0	1.0	0.0	0.0
9927.0	7.0	1.0	0.0	0.0
9934.0	7.0	1.0	0.0	5e-05
9941.0	7.0	1.0	0.0	0.0
9948.0	7.0	1.0	0.0	0.0
9955.0	7.0	1.0	0.0	0.0
9962.0	7.0	1.0	0.0	0.0008300000000000001
9969.0	7.0	1.0	0.0	0.0
9976.0	7.0	1.0	0.0	0.00018
9983.0	7.0	1.0	0.0	0.00062
9990.0	7.0	1.0	0.0	2.9999999999999997e-05
9997.0	7.0	1.0	0.0	0.0
10004.0	7.0	1.0	0.0	0.00074
10011.0	7.0	1.0	0.0	0.004220000000000001
10018.0	7.0	1.0	0.0	0.00601
10025.0	7.0	1.0	0.0	0.00292
10032.0	7.0	1.0	0.0	0.00449
10039.0	7.0	1.0	0.0	0.00139
10046.0	7.0	1.0	0.0	4e-05
10053.0	7.0	1.0	0.0	1e-05
10060.0	7.0	1.0	0.0	1e-05
10067.0	7.0	1.0	0.0	2.9999999999999997e-05
10074.0	7.0	1.0	0.0	1e-05
10081.0	7.0	1.0	0.0	0.00037
10088.0	7.0	1.0	0.0	2.9999999999999997e-05
10095.0	7.0	1.0	0.0	0.0
10102.0	7.0	1.0	0.0	1e-05
10109.0	7.0	1.0	0.0	0.00044
10116.0	7.0	1.0	0.0	0.0017800000000000001
10123.0	7.0	1.0	0.0	0.0037700000000000003
10130.0	7.0	1.0	0.0	0.00279
10137.0	7.0	1.0	0.0	0.00126
10144.0	7.0	1.0	0.0	0.0
10151.0	7.0	1.0	0.0	0.0
10158.0	7.0	1.0	0.0	0.0
10165.0	7.0	1.0	0.0	0.0
10172.0	7.0	1.0	0.0	0.00013000000000000002
10179.0	7.0	1.0	0.0	0.00013000000000000002
10186.0	7.0	1.0	0.0	0.0
10193.0	7.0	1.0	0.0	8e-05
10200.0	7.0	1.0	0.0	0.0
10207.0	7.0	1.0	0.0	2e-05
10214.0	7.0	1.0	0.0	0.0
10221.0	7.0	1.0	0.0	0.0
10228.0	7.0	1.0	0.0	0.0
10235.0	7.0	1.0	0.0	0.0
10242.0	7.0	1.0	0.0	0.0
10249.0	7.0	1.0	0.0	1e-05
10256.0	7.0	1.0	0.0	0.0
10263.0	7.0	1.0	0.0	0.0
10270.0	7.0	1.0	0.0	0.00031
10277.0	7.0	1.0	0.0	0.0
10284.0	7.0	1.0	0.0	0.00011999999999999999
10291.0	7.0	1.0	0.0	0.0
10298.0	7.0	1.0	0.0	0.0003
10305.0	7.0	1.0	0.0	9e-05
10312.0	7.0	1.0	0.0	0.0
10319.0	7.0	1.0	0.0	0.00644
10326.0	7.0	1.0	0.0	0.0037600000000000003
10333.0	7.0	1.0	0.0	0.004529999999999999
10340.0	7.0	1.0	0.0	0.00145
10347.0	7.0	1.0	0.0	0.0024
10354.0	7.0	1.0	0.0	0.0012900000000000001
10361.0	7.0	1.0	0.0	0.00435
10368.0	7.0	1.0	0.0	0.00462
10375.0	7.0	1.0	0.0	0.0053100000000000005
10382.0	7.0	1.0	0.0	0.0037600000000000003
10389.0	7.0	1.0	0.0	0.00281
10396.0	7.0	1.0	0.0	0.00321
10403.0	7.0	1.0	0.0	0.0028399999999999996
10410.0	7.0	1.0	0.0	0.0022
10417.0	7.0	1.0	0.0	0.00035
10424.0	7.0	1.0	0.0	0.00157
10431.0	7.0	1.0	0.0	0.0035700000000000003
10438.0	7.0	1.0	0.0	0.00286
10445.0	7.0	1.0	0.0	0.00394
10452.0	7.0	1.0	0.0	0.00151
10459.0	7.0	1.0	0.0	0.00018
10466.0	7.0	1.0	0.0	0.0
10473.0	7.0	1.0	0.0	0.0
10480.0	7.0	1.0	0.0	0.00045999999999999996
10487.0	7.0	1.0	0.0	0.0
10494.0	7.0	1.0	0.0	0.00103
10501.0	7.0	1.0	0.0	0.00013000000000000002
10508.0	7.0	1.0	0.0	0.0
10515.0	7.0	1.0	0.0	0.0
10522.0	7.0	1.0	0.0	0.0
10529.0	7.0	1.0	0.0	0.0
10536.0	7.0	1.0	0.0	0.00045999999999999996
10543.0	7.0	1.0	0.0	0.0
10550.0	7.0	1.0	0.0	1e-05
10557.0	7.0	1.0	0.0	0.00013000000000000002
10564.0	7.0	1.0	0.0	0.0
10571.0	7.0	1.0	0.0	0.0
10578.0	7.0	1.0	0.0	0.0
10585.0	7.0	1.0	0.0	0.0
10592.0	7.0	1.0	0.0	0.0
10599.0	7.0	1.0	0.0	0.00011999999999999999
10606.0	7.0	1.0	0.0	0.0
10613.0	7.0	1.0	0.0	0.0
10620.0	7.0	1.0	0.0	0.0
10627.0	7.0	1.0	0.0	0.0
10634.0	7.0	1.0	0.0	0.0
10641.0	7.0	1.0	0.0	2e-05
10648.0	7.0	1.0	0.0	0.00021
10655.0	7.0	1.0	0.0	0.00011
10662.0	7.0	1.0	0.0	0.00018999999999999998
10669.0	7.0	1.0	0.0	0.0
10676.0	7.0	1.0	0.0	0.0005
10683.0	7.0	1.0	0.0	0.0
10690.0	7.0	1.0	0.0	1e-05
10697.0	7.0	1.0	0.0	4e-05
10704.0	7.0	1.0	0.0	0.0
10711.0	7.0	1.0	0.0	0.00041
10718.0	7.0	1.0	0.0	0.0010400000000000001
10725.0	7.0	1.0	0.0	0.00821
10732.0	7.0	1.0	0.0	0.007559999999999999
10739.0	7.0	1.0	0.0	0.00744
10746.0	7.0	1.0	0.0	0.0063100000000000005
10753.0	7.0	1.0	0.0	0.00295
10760.0	7.0	1.0	0.0	0.00101
10767.0	7.0	1.0	0.0	4e-05
10774.0	7.0	1.0	0.0	0.00025
10781.0	7.0	1.0	0.0	0.00057
10788.0	7.0	1.0	0.0	0.00266
10795.0	7.0	1.0	0.0	0.0036899999999999997
10802.0	7.0	1.0	0.0	0.0012
10809.0	7.0	1.0	0.0	0.0012699999999999999
10816.0	7.0	1.0	0.0	1e-05
10823.0	7.0	1.0	0.0	0.0
10830.0	7.0	1.0	0.0	0.00014
10837.0	7.0	1.0	0.0	0.00011
10844.0	7.0	1.0	0.0	0.0
10851.0	7.0	1.0	0.0	0.0
10858.0	7.0	1.0	0.0	0.00029
10865.0	7.0	1.0	0.0	0.0
10872.0	7.0	1.0	0.0	0.00054
10879.0	7.0	1.0	0.0	0.0
10886.0	7.0	1.0	0.0	0.00047000000000000004
10893.0	7.0	1.0	0.0	0.00022999999999999998
10900.0	7.0	1.0	0.0	0.0
10907.0	7.0	1.0	0.0	0.0
10914.0	7.0	1.0	0.0	0.0
10921.0	7.0	1.0	0.0	0.0
10928.0	7.0	1.0	0.0	4e-05
10935.0	7.0	1.0	0.0	0.00078
10942.0	7.0	1.0	0.0	1e-05
10949.0	7.0	1.0	0.0	2e-05
10956.0	7.0	1.0	0.0	0.0
10963.0	7.0	1.0	0.0	0.0
10970.0	7.0	1.0	0.0	0.0
10977.0	7.0	1.0	0.0	0.0
10984.0	7.0	1.0	0.0	9e-05
10991.0	7.0	1.0	0.0	5e-05
10998.0	7.0	1.0	0.0	0.0
11005.0	7.0	1.0	0.0	0.0
11012.0	7.0	1.0	0.0	1e-05
11019.0	7.0	1.0	0.0	0.00084
11026.0	7.0	1.0	0.0	0.00045
11033.0	7.0	1.0	0.0	0.0
11040.0	7.0	1.0	0.0	0.00013000000000000002
11047.0	7.0	1.0	0.0	0.00124
11054.0	7.0	1.0	0.0	0.00586
11061.0	7.0	1.0	0.0	0.016569999999999998
11068.0	7.0	1.0	0.0	0.00807
11075.0	7.0	1.0	0.0	0.00727
11082.0	7.0	1.0	0.0	0.00285
11089.0	7.0	1.0	0.0	0.00179
11096.0	7.0	1.0	0.0	0.00365
11103.0	7.0	1.0	0.0	0.002
11110.0	7.0	1.0	0.0	0.0013800000000000002
11117.0	7.0	1.0	0.0	0.0047
11124.0	7.0	1.0	0.0	0.00406
11131.0	7.0	1.0	0.0	0.0037700000000000003
11138.0	7.0	1.0	0.0	0.00526
11145.0	7.0	1.0	0.0	0.00349
11152.0	7.0	1.0	0.0	0.00414
11159.0	7.0	1.0	0.0	0.00063
11166.0	7.0	1.0	0.0	0.00015
11173.0	7.0	1.0	0.0	0.00035
11180.0	7.0	1.0	0.0	0.0006
11187.0	7.0	1.0	0.0	0.00293
11194.0	7.0	1.0	0.0	0.00675
11201.0	7.0	1.0	0.0	0.00322
11208.0	7.0	1.0	0.0	0.00294
11215.0	7.0	1.0	0.0	0.00123
11222.0	7.0	1.0	0.0	0.00016999999999999999
11229.0	7.0	1.0	0.0	0.00133
11236.0	7.0	1.0	0.0	0.0010199999999999999
11243.0	7.0	1.0	0.0	0.0
11250.0	7.0	1.0	0.0	0.0
11257.0	7.0	1.0	0.0	0.0
11264.0	7.0	1.0	0.0	0.0
11271.0	7.0	1.0	0.0	0.0
11278.0	7.0	1.0	0.0	0.00011999999999999999
11285.0	7.0	1.0	0.0	0.0
11292.0	7.0	1.0	0.0	0.0
11299.0	7.0	1.0	0.0	0.0
11306.0	7.0	1.0	0.0	5e-05
11313.0	7.0	1.0	0.0	0.0
11320.0	7.0	1.0	0.0	0.0
11327.0	7.0	1.0	0.0	0.00084
11334.0	7.0	1.0	0.0	0.0
11341.0	7.0	1.0	0.0	0.0
11348.0	7.0	1.0	0.0	0.0
11355.0	7.0	1.0	0.0	1e-05
11362.0	7.0	1.0	0.0	0.0
11369.0	7.0	1.0	0.0	0.0
11376.0	7.0	1.0	0.0	0.0
11383.0	7.0	1.0	0.0	0.0001
11390.0	7.0	1.0	0.0	0.00031
11397.0	7.0	1.0	0.0	0.00047999999999999996
11404.0	7.0	1.0	0.0	0.0
11411.0	7.0	1.0	0.0	1e-05
11418.0	7.0	1.0	0.0	0.0
11425.0	7.0	1.0	0.0	1e-05
11432.0	7.0	1.0	0.0	0.0
11439.0	7.0	1.0	0.0	0.0005200000000000001
11446.0	7.0	1.0	0.0	0.00027
11453.0	7.0	1.0	0.0	1e-05
11460.0	7.0	1.0	0.0	0.0
11467.0	7.0	1.0	0.0	0.0
11474.0	7.0	1.0	0.0	0.0
11481.0	7.0	1.0	0.0	0.0011300000000000001
11488.0	7.0	1.0	0.0	0.00047999999999999996
11495.0	7.0	1.0	0.0	0.0021100000000000003
11502.0	7.0	1.0	0.0	0.00201
11509.0	7.0	1.0	0.0	0.00065
11516.0	7.0	1.0	0.0	0.00221
11523.0	7.0	1.0	0.0	0.0022
11530.0	7.0	1.0	0.0	0.00307
11537.0	7.0	1.0	0.0	0.00202
11544.0	7.0	1.0	0.0	5.9999999999999995e-05
11551.0	7.0	1.0	0.0	0.00016999999999999999
11558.0	7.0	1.0	0.0	0.00135
11565.0	7.0	1.0	0.0	0.0
11572.0	7.0	1.0	0.0	0.0
11579.0	7.0	1.0	0.0	0.0
11586.0	7.0	1.0	0.0	0.0
11593.0	7.0	1.0	0.0	0.00027
11600.0	7.0	1.0	0.0	0.0
11607.0	7.0	1.0	0.0	0.0
11614.0	7.0	1.0	0.0	0.0
11621.0	7.0	1.0	0.0	0.00033
11628.0	7.0	1.0	0.0	0.0
11635.0	7.0	1.0	0.0	0.00027
11642.0	7.0	1.0	0.0	0.0
11649.0	7.0	1.0	0.0	0.0
11656.0	7.0	1.0	0.0	0.0
11663.0	7.0	1.0	0.0	0.0
11670.0	7.0	1.0	0.0	0.0
11677.0	7.0	1.0	0.0	0.0
11684.0	7.0	1.0	0.0	0.0
11691.0	7.0	1.0	0.0	0.0
11698.0	7.0	1.0	0.0	1e-05
11705.0	7.0	1.0	0.0	0.0
11712.0	7.0	1.0	0.0	0.0
11719.0	7.0	1.0	0.0	0.0
11726.0	7.0	1.0	0.0	0.00026000000000000003
11733.0	7.0	1.0	0.0	0.0
11740.0	7.0	1.0	0.0	0.0
11747.0	7.0	1.0	0.0	0.0
11754.0	7.0	1.0	0.0	0.0
11761.0	7.0	1.0	0.0	0.0002
11768.0	7.0	1.0	0.0	0.0
11775.0	7.0	1.0	0.0	0.00035
11782.0	7.0	1.0	0.0	0.0
11789.0	7.0	1.0	0.0	0.00242
11796.0	7.0	1.0	0.0	0.00318
11803.0	7.0	1.0	0.0	0.002
11810.0	7.0	1.0	0.0	0.00381
11817.0	7.0	1.0	0.0	0.00212
11824.0	7.0	1.0	0.0	0.00179
11831.0	7.0	1.0	0.0	0.00344
11838.0	7.0	1.0	0.0	0.00469
11845.0	7.0	1.0	0.0	0.00466
11852.0	7.0	1.0	0.0	0.0010199999999999999
11859.0	7.0	1.0	0.0	0.00244
11866.0	7.0	1.0	0.0	0.00193
11873.0	7.0	1.0	0.0	0.00313
11880.0	7.0	1.0	0.0	0.00321
11887.0	7.0	1.0	0.0	0.0008900000000000001
11894.0	7.0	1.0	0.0	1e-05
11901.0	7.0	1.0	0.0	0.00132
11908.0	7.0	1.0	0.0	0.00118
11915.0	7.0	1.0	0.0	1e-05
11922.0	7.0	1.0	0.0	0.0
11929.0	7.0	1.0	0.0	0.0
11936.0	7.0	1.0	0.0	0.0
11943.0	7.0	1.0	0.0	0.0
11950.0	7.0	1.0	0.0	0.0
11957.0	7.0	1.0	0.0	2e-05
11964.0	7.0	1.0	0.0	0.0
11971.0	7.0	1.0	0.0	0.0
11978.0	7.0	1.0	0.0	5e-05
11985.0	7.0	1.0	0.0	0.0
11992.0	7.0	1.0	0.0	5e-05
11999.0	7.0	1.0	0.0	0.0
12006.0	7.0	1.0	0.0	0.00011
12013.0	7.0	1.0	0.0	0.0
12020.0	7.0	1.0	0.0	0.0
12027.0	7.0	1.0	0.0	0.0
12034.0	7.0	1.0	0.0	0.0
12041.0	7.0	1.0	0.0	0.0
12048.0	7.0	1.0	0.0	0.0
12055.0	7.0	1.0	0.0	0.0
12062.0	7.0	1.0	0.0	0.0
12069.0	7.0	1.0	0.0	0.0
12076.0	7.0	1.0	0.0	0.0
12083.0	7.0	1.0	0.0	0.0
12090.0	7.0	1.0	0.0	0.0
12097.0	7.0	1.0	0.0	0.0
12104.0	7.0	1.0	0.0	0.0
12111.0	7.0	1.0	0.0	0.0
12118.0	7.0	1.0	0.0	0.00011
12125.0	7.0	1.0	0.0	0.0
12132.0	7.0	1.0	0.0	0.0
12139.0	7.0	1.0	0.0	0.00011999999999999999
12146.0	7.0	1.0	0.0	0.00011
12153.0	7.0	1.0	0.0	0.00016999999999999999
12160.0	7.0	1.0	0.0	0.00033
12167.0	7.0	1.0	0.0	0.00029
12174.0	7.0	1.0	0.0	0.0008300000000000001
12181.0	7.0	1.0	0.0	0.0
12188.0	7.0	1.0	0.0	0.0
12195.0	7.0	1.0	0.0	0.00037
12202.0	7.0	1.0	0.0	0.00084
12209.0	7.0	1.0	0.0	0.00212
12216.0	7.0	1.0	0.0	0.00324
12223.0	7.0	1.0	0.0	0.00477
12230.0	7.0	1.0	0.0	0.0034
12237.0	7.0	1.0	0.0	0.00329
12244.0	7.0	1.0	0.0	0.00061
12251.0	7.0	1.0	0.0	0.0
12258.0	7.0	1.0	0.0	4e-05
12265.0	7.0	1.0	0.0	9e-05
12272.0	7.0	1.0	0.0	0.00011
12279.0	7.0	1.0	0.0	0.00058
12286.0	7.0	1.0	0.0	0.00016
12293.0	7.0	1.0	0.0	0.00018999999999999998
12300.0	7.0	1.0	0.0	0.00016999999999999999
12307.0	7.0	1.0	0.0	0.0
12314.0	7.0	1.0	0.0	0.00121
12321.0	7.0	1.0	0.0	0.0
12328.0	7.0	1.0	0.0	0.0
12335.0	7.0	1.0	0.0	0.0
12342.0	7.0	1.0	0.0	0.0
12349.0	7.0	1.0	0.0	0.0
12356.0	7.0	1.0	0.0	5.9999999999999995e-05
12363.0	7.0	1.0	0.0	0.0
12370.0	7.0	1.0	0.0	0.0
12377.0	7.0	1.0	0.0	0.0
12384.0	7.0	1.0	0.0	0.0
12391.0	7.0	1.0	0.0	0.00018
12398.0	7.0	1.0	0.0	0.00025
12405.0	7.0	1.0	0.0	0.00014
12412.0	7.0	1.0	0.0	0.0
12419.0	7.0	1.0	0.0	2.9999999999999997e-05
12426.0	7.0	1.0	0.0	0.0
12433.0	7.0	1.0	0.0	5e-05
12440.0	7.0	1.0	0.0	0.0
12447.0	7.0	1.0	0.0	0.0
12454.0	7.0	1.0	0.0	0.0
12461.0	7.0	1.0	0.0	0.0
12468.0	7.0	1.0	0.0	5.9999999999999995e-05
12475.0	7.0	1.0	0.0	5e-05
12482.0	7.0	1.0	0.0	0.0
12489.0	7.0	1.0	0.0	0.00025
12496.0	7.0	1.0	0.0	0.00124
12503.0	7.0	1.0	0.0	4e-05
12510.0	7.0	1.0	0.0	2e-05
12517.0	7.0	1.0	0.0	5.9999999999999995e-05
12524.0	7.0	1.0	0.0	0.0
12531.0	7.0	1.0	0.0	0.00029
12538.0	7.0	1.0	0.0	0.0014
12545.0	7.0	1.0	0.0	0.00033
12552.0	7.0	1.0	0.0	1e-05
12559.0	7.0	1.0	0.0	0.0023899999999999998
12566.0	7.0	1.0	0.0	0.00462
12573.0	7.0	1.0	0.0	0.00312
12580.0	7.0	1.0	0.0	0.00135
12587.0	7.0	1.0	0.0	0.00073
12594.0	7.0	1.0	0.0	0.00402
12601.0	7.0	1.0	0.0	0.00267
12608.0	7.0	1.0	0.0	0.00047000000000000004
12615.0	7.0	1.0	0.0	0.00221
12622.0	7.0	1.0	0.0	0.0006799999999999999
12629.0	7.0	1.0	0.0	0.00013000000000000002
12636.0	7.0	1.0	0.0	0.0003
12643.0	7.0	1.0	0.0	1e-05
12650.0	7.0	1.0	0.0	0.0
12657.0	7.0	1.0	0.0	0.0012
12664.0	7.0	1.0	0.0	0.0
12671.0	7.0	1.0	0.0	0.0
12678.0	7.0	1.0	0.0	7e-05
12685.0	7.0	1.0	0.0	0.00028
12692.0	7.0	1.0	0.0	0.0
12699.0	7.0	1.0	0.0	0.0
12706.0	7.0	1.0	0.0	0.00016999999999999999
12713.0	7.0	1.0	0.0	0.00033999999999999997
12720.0	7.0	1.0	0.0	0.00047999999999999996
12727.0	7.0	1.0	0.0	5e-05
12734.0	7.0	1.0	0.0	0.0
12741.0	7.0	1.0	0.0	0.0
12748.0	7.0	1.0	0.0	0.0
12755.0	7.0	1.0	0.0	0.0
12762.0	7.0	1.0	0.0	0.0
12769.0	7.0	1.0	0.0	0.0
12776.0	7.0	1.0	0.0	9e-05
12783.0	7.0	1.0	0.0	0.0001
12790.0	7.0	1.0	0.0	5e-05
12797.0	7.0	1.0	0.0	1e-05
12804.0	7.0	1.0	0.0	2e-05
12811.0	7.0	1.0	0.0	0.0
12818.0	7.0	1.0	0.0	0.0
12825.0	7.0	1.0	0.0	0.0
12832.0	7.0	1.0	0.0	0.0
12839.0	7.0	1.0	0.0	1e-05
12846.0	7.0	1.0	0.0	0.00013000000000000002
12853.0	7.0	1.0	0.0	0.0
12860.0	7.0	1.0	0.0	0.00037999999999999997
12867.0	7.0	1.0	0.0	0.00014
12874.0	7.0	1.0	0.0	0.0
12881.0	7.0	1.0	0.0	0.00036
12888.0	7.0	1.0	0.0	0.0001
12895.0	7.0	1.0	0.0	1e-05
12902.0	7.0	1.0	0.0	0.00045999999999999996
12909.0	7.0	1.0	0.0	0.0036200000000000004
12916.0	7.0	1.0	0.0	0.00339
12923.0	7.0	1.0	0.0	0.00086
12930.0	7.0	1.0	0.0	0.0003
12937.0	7.0	1.0	0.0	0.00371
12944.0	7.0	1.0	0.0	0.0022199999999999998
12951.0	7.0	1.0	0.0	0.0011300000000000001
12958.0	7.0	1.0	0.0	0.0017699999999999999
12965.0	7.0	1.0	0.0	0.00037999999999999997
12972.0	7.0	1.0	0.0	0.0
12979.0	7.0	1.0	0.0	0.0
12986.0	7.0	1.0	0.0	0.00173
12993.0	7.0	1.0	0.0	0.00203
13000.0	7.0	1.0	0.0	0.0022199999999999998
13007.0	7.0	1.0	0.0	0.0025399999999999997
13014.0	7.0	1.0	0.0	5.9999999999999995e-05
13021.0	7.0	1.0	0.0	0.001
13028.0	7.0	1.0	0.0	0.00074
13035.0	7.0	1.0	0.0	1e-05
13042.0	7.0	1.0	0.0	0.0011099999999999999
13049.0	7.0	1.0	0.0	0.00016
13056.0	7.0	1.0	0.0	0.0
13063.0	7.0	1.0	0.0	0.00011
13070.0	7.0	1.0	0.0	0.0
13077.0	7.0	1.0	0.0	5e-05
13084.0	7.0	1.0	0.0	1e-05
13091.0	7.0	1.0	0.0	0.0
13098.0	7.0	1.0	0.0	0.0
13105.0	7.0	1.0	0.0	0.0
13112.0	7.0	1.0	0.0	1e-05
13119.0	7.0	1.0	0.0	0.0
13126.0	7.0	1.0	0.0	0.0
13133.0	7.0	1.0	0.0	0.0
13140.0	7.0	1.0	0.0	0.0
13147.0	7.0	1.0	0.0	4e-05
13154.0	7.0	1.0	0.0	0.0
13161.0	7.0	1.0	0.0	0.0
13168.0	7.0	1.0	0.0	0.00015
13175.0	7.0	1.0	0.0	0.0
13182.0	7.0	1.0	0.0	0.0
13189.0	7.0	1.0	0.0	0.0
13196.0	7.0	1.0	0.0	1e-05
13203.0	7.0	1.0	0.0	0.00013000000000000002
13210.0	7.0	1.0	0.0	0.0
13217.0	7.0	1.0	0.0	0.0
13224.0	7.0	1.0	0.0	0.0
13231.0	7.0	1.0	0.0	0.00036
13238.0	7.0	1.0	0.0	0.00023999999999999998
13245.0	7.0	1.0	0.0	0.0
13252.0	7.0	1.0	0.0	0.0
13259.0	7.0	1.0	0.0	0.00016
13266.0	7.0	1.0	0.0	5e-05
13273.0	7.0	1.0	0.0	0.0
13280.0	7.0	1.0	0.0	0.00548
13287.0	7.0	1.0	0.0	0.004220000000000001
13294.0	7.0	1.0	0.0	0.00162
13301.0	7.0	1.0	0.0	0.0015300000000000001
13308.0	7.0	1.0	0.0	0.0017800000000000001
13315.0	7.0	1.0	0.0	0.00119
13322.0	7.0	1.0	0.0	0.0022
13329.0	7.0	1.0	0.0	0.00147
13336.0	7.0	1.0	0.0	0.0001
13343.0	7.0	1.0	0.0	0.00125
13350.0	7.0	1.0	0.0	0.00268
13357.0	7.0	1.0	0.0	0.0026100000000000003
13364.0	7.0	1.0	0.0	0.00346
13371.0	7.0	1.0	0.0	0.00151
13378.0	7.0	1.0	0.0	0.00093
13385.0	7.0	1.0	0.0	7e-05
13392.0	7.0	1.0	0.0	0.0003
13399.0	7.0	1.0	0.0	0.0
13406.0	7.0	1.0	0.0	0.0
13413.0	7.0	1.0	0.0	0.0
13420.0	7.0	1.0	0.0	0.0
13427.0	7.0	1.0	0.0	0.0
13434.0	7.0	1.0	0.0	0.00054
13441.0	7.0	1.0	0.0	0.0
13448.0	7.0	1.0	0.0	0.00022999999999999998
13455.0	7.0	1.0	0.0	0.0
13462.0	7.0	1.0	0.0	0.0
13469.0	7.0	1.0	0.0	0.00015
13476.0	7.0	1.0	0.0	0.00081
13483.0	7.0	1.0	0.0	9e-05
13490.0	7.0	1.0	0.0	0.0
13497.0	7.0	1.0	0.0	0.00105
13504.0	7.0	1.0	0.0	0.00026000000000000003
13511.0	7.0	1.0	0.0	0.00032
13518.0	7.0	1.0	0.0	0.0
13525.0	7.0	1.0	0.0	0.0
13532.0	7.0	1.0	0.0	0.00036
13539.0	7.0	1.0	0.0	0.0
13546.0	7.0	1.0	0.0	0.0
13553.0	7.0	1.0	0.0	0.0
13560.0	7.0	1.0	0.0	0.0
13567.0	7.0	1.0	0.0	0.0
13574.0	7.0	1.0	0.0	0.0
13581.0	7.0	1.0	0.0	0.0
13588.0	7.0	1.0	0.0	0.0
13595.0	7.0	1.0	0.0	0.0
13602.0	7.0	1.0	0.0	2e-05
13609.0	7.0	1.0	0.0	0.0
13616.0	7.0	1.0	0.0	0.0
13623.0	7.0	1.0	0.0	0.0005
13630.0	7.0	1.0	0.0	0.0
13637.0	7.0	1.0	0.0	0.00156
13644.0	7.0	1.0	0.0	0.00134
13651.0	7.0	1.0	0.0	1e-05
13658.0	7.0	1.0	0.0	1e-05
13665.0	7.0	1.0	0.0	0.00015
13672.0	7.0	1.0	0.0	0.00108
13679.0	7.0	1.0	0.0	0.0027
13686.0	7.0	1.0	0.0	0.00259
13693.0	7.0	1.0	0.0	0.00032
13700.0	7.0	1.0	0.0	0.001
13707.0	7.0	1.0	0.0	0.00066
13714.0	7.0	1.0	0.0	0.0
13721.0	7.0	1.0	0.0	5e-05
13728.0	7.0	1.0	0.0	0.00011999999999999999
13735.0	7.0	1.0	0.0	0.0007700000000000001
13742.0	7.0	1.0	0.0	0.0015
13749.0	7.0	1.0	0.0	0.00016
13756.0	7.0	1.0	0.0	0.0010199999999999999
13763.0	7.0	1.0	0.0	0.00057
13770.0	7.0	1.0	0.0	0.00016
13777.0	7.0	1.0	0.0	0.0
13784.0	7.0	1.0	0.0	0.0
13791.0	7.0	1.0	0.0	0.0
13798.0	7.0	1.0	0.0	0.0
13805.0	7.0	1.0	0.0	9e-05
13812.0	7.0	1.0	0.0	0.00014
13819.0	7.0	1.0	0.0	0.0005
13826.0	7.0	1.0	0.0	0.0
13833.0	7.0	1.0	0.0	0.00036
13840.0	7.0	1.0	0.0	0.0
13847.0	7.0	1.0	0.0	0.0
13854.0	7.0	1.0	0.0	0.0
13861.0	7.0	1.0	0.0	1e-05
13868.0	7.0	1.0	0.0	0.0
13875.0	7.0	1.0	0.0	0.0
13882.0	7.0	1.0	0.0	4e-05
13889.0	7.0	1.0	0.0	2e-05
13896.0	7.0	1.0	0.0	0.0
13903.0	7.0	1.0	0.0	7e-05
13910.0	7.0	1.0	0.0	0.0
13917.0	7.0	1.0	0.0	0.00035
13924.0	7.0	1.0	0.0	0.0
13931.0	7.0	1.0	0.0	0.0
13938.0	7.0	1.0	0.0	0.0
13945.0	7.0	1.0	0.0	0.00026000000000000003
13952.0	7.0	1.0	0.0	0.0
13959.0	7.0	1.0	0.0	0.0
13966.0	7.0	1.0	0.0	0.00041
13973.0	7.0	1.0	0.0	0.00022
13980.0	7.0	1.0	0.0	0.00022999999999999998
13987.0	7.0	1.0	0.0	0.00022
13994.0	7.0	1.0	0.0	0.00228
14001.0	7.0	1.0	0.0	0.00179
14008.0	7.0	1.0	0.0	0.00424
14015.0	7.0	1.0	0.0	0.0033
14022.0	7.0	1.0	0.0	0.00155
14029.0	7.0	1.0	0.0	0.00011
14036.0	7.0	1.0	0.0	0.0
14043.0	7.0	1.0	0.0	0.0
14050.0	7.0	1.0	0.0	0.001
14057.0	7.0	1.0	0.0	0.0050799999999999994
14064.0	7.0	1.0	0.0	0.0034799999999999996
14071.0	7.0	1.0	0.0	0.00229
14078.0	7.0	1.0	0.0	0.00175
14085.0	7.0	1.0	0.0	0.00013000000000000002
14092.0	7.0	1.0	0.0	0.0
14099.0	7.0	1.0	0.0	0.00139
14106.0	7.0	1.0	0.0	0.0002
14113.0	7.0	1.0	0.0	0.0
14120.0	7.0	1.0	0.0	0.0001
14127.0	7.0	1.0	0.0	0.0
14134.0	7.0	1.0	0.0	0.0
14141.0	7.0	1.0	0.0	0.00013000000000000002
14148.0	7.0	1.0	0.0	0.0
14155.0	7.0	1.0	0.0	0.0
14162.0	7.0	1.0	0.0	0.0
14169.0	7.0	1.0	0.0	4e-05
14176.0	7.0	1.0	0.0	0.00025
14183.0	7.0	1.0	0.0	0.0
14190.0	7.0	1.0	0.0	0.00013000000000000002
14197.0	7.0	1.0	0.0	0.0
14204.0	7.0	1.0	0.0	0.0
14211.0	7.0	1.0	0.0	0.0
14218.0	7.0	1.0	0.0	0.0
14225.0	7.0	1.0	0.0	2e-05
14232.0	7.0	1.0	0.0	1e-05
14239.0	7.0	1.0	0.0	0.0
14246.0	7.0	1.0	0.0	0.0
14253.0	7.0	1.0	0.0	0.0
14260.0	7.0	1.0	0.0	0.0
14267.0	7.0	1.0	0.0	0.0
14274.0	7.0	1.0	0.0	0.0
14281.0	7.0	1.0	0.0	0.0
14288.0	7.0	1.0	0.0	0.0
14295.0	7.0	1.0	0.0	0.00013000000000000002
14302.0	7.0	1.0	0.0	0.0
14309.0	7.0	1.0	0.0	1e-05
14316.0	7.0	1.0	0.0	9e-05
14323.0	7.0	1.0	0.0	0.0
14330.0	7.0	1.0	0.0	0.0
14337.0	7.0	1.0	0.0	0.00042
14344.0	7.0	1.0	0.0	0.00217
14351.0	7.0	1.0	0.0	0.0024
14358.0	7.0	1.0	0.0	0.0013800000000000002
14365.0	7.0	1.0	0.0	0.00229
14372.0	7.0	1.0	0.0	0.00351
14379.0	7.0	1.0	0.0	0.0032
14386.0	7.0	1.0	0.0	0.0023899999999999998
14393.0	7.0	1.0	0.0	0.00225
14400.0	7.0	1.0	0.0	0.0018
14407.0	7.0	1.0	0.0	0.00041
14414.0	7.0	1.0	0.0	0.0033200000000000005
14421.0	7.0	1.0	0.0	0.00245
14428.0	7.0	1.0	0.0	0.00134
14435.0	7.0	1.0	0.0	0.0009599999999999999
14442.0	7.0	1.0	0.0	0.0005200000000000001
14449.0	7.0	1.0	0.0	0.00027
14456.0	7.0	1.0	0.0	0.00782
14463.0	7.0	1.0	0.0	0.00205
14470.0	7.0	1.0	0.0	1e-05
14477.0	7.0	1.0	0.0	0.0
14484.0	7.0	1.0	0.0	0.00033999999999999997
14491.0	7.0	1.0	0.0	0.00047999999999999996
14498.0	7.0	1.0	0.0	0.0
14505.0	7.0	1.0	0.0	0.0
14512.0	7.0	1.0	0.0	0.0
14519.0	7.0	1.0	0.0	0.00011
14526.0	7.0	1.0	0.0	0.0
14533.0	7.0	1.0	0.0	0.0
14540.0	7.0	1.0	0.0	0.0
14547.0	7.0	1.0	0.0	5.9999999999999995e-05
14554.0	7.0	1.0	0.0	0.0
14561.0	7.0	1.0	0.0	0.0
14568.0	7.0	1.0	0.0	0.0
14575.0	7.0	1.0	0.0	0.0
14582.0	7.0	1.0	0.0	0.0
14589.0	7.0	1.0	0.0	0.0
14596.0	7.0	1.0	0.0	0.0
14603.0	7.0	1.0	0.0	0.0
14610.0	7.0	1.0	0.0	0.0
14617.0	7.0	1.0	0.0	0.0
14624.0	7.0	1.0	0.0	5e-05
14631.0	7.0	1.0	0.0	2e-05
14638.0	7.0	1.0	0.0	0.0
14645.0	7.0	1.0	0.0	0.0
14652.0	7.0	1.0	0.0	0.0
14659.0	7.0	1.0	0.0	0.0
14666.0	7.0	1.0	0.0	0.0
14673.0	7.0	1.0	0.0	0.0007599999999999999
14680.0	7.0	1.0	0.0	0.0
14687.0	7.0	1.0	0.0	1e-05
14694.0	7.0	1.0	0.0	0.00033999999999999997
14701.0	7.0	1.0	0.0	2.9999999999999997e-05
14708.0	7.0	1.0	0.0	0.0
14715.0	7.0	1.0	0.0	0.00271
14722.0	7.0	1.0	0.0	0.00278
14729.0	7.0	1.0	0.0	0.00249
14736.0	7.0	1.0	0.0	0.00213
14743.0	7.0	1.0	0.0	0.00108
14750.0	7.0	1.0	0.0	0.0021899999999999997
14757.0	7.0	1.0	0.0	0.0020800000000000003
14764.0	7.0	1.0	0.0	0.00109
14771.0	7.0	1.0	0.0	0.00162
14778.0	7.0	1.0	0.0	0.0015400000000000001
14785.0	7.0	1.0	0.0	0.00036
14792.0	7.0	1.0	0.0	0.00063
14799.0	7.0	1.0	0.0	0.00015
14806.0	7.0	1.0	0.0	0.0007700000000000001
14813.0	7.0	1.0	0.0	0.0009
14820.0	7.0	1.0	0.0	0.00183
14827.0	7.0	1.0	0.0	0.00033999999999999997
14834.0	7.0	1.0	0.0	0.00036
14841.0	7.0	1.0	0.0	0.0
14848.0	7.0	1.0	0.0	0.0
14855.0	7.0	1.0	0.0	2e-05
14862.0	7.0	1.0	0.0	0.0
14869.0	7.0	1.0	0.0	0.0
14876.0	7.0	1.0	0.0	0.0
14883.0	7.0	1.0	0.0	0.0
14890.0	7.0	1.0	0.0	2e-05
14897.0	7.0	1.0	0.0	0.0
14904.0	7.0	1.0	0.0	0.0
14911.0	7.0	1.0	0.0	0.0
14918.0	7.0	1.0	0.0	2e-05
14925.0	7.0	1.0	0.0	2.9999999999999997e-05
14932.0	7.0	1.0	0.0	2.9999999999999997e-05
14939.0	7.0	1.0	0.0	0.0
14946.0	7.0	1.0	0.0	0.0
14953.0	7.0	1.0	0.0	0.0
14960.0	7.0	1.0	0.0	0.0002
14967.0	7.0	1.0	0.0	0.0
14974.0	7.0	1.0	0.0	0.0
14981.0	7.0	1.0	0.0	5e-05
14988.0	7.0	1.0	0.0	0.00022
14995.0	7.0	1.0	0.0	0.0
15002.0	7.0	1.0	0.0	0.0
15009.0	7.0	1.0	0.0	0.00014
15016.0	7.0	1.0	0.0	0.00023999999999999998
15023.0	7.0	1.0	0.0	0.00049
15030.0	7.0	1.0	0.0	0.0
15037.0	7.0	1.0	0.0	0.0
15044.0	7.0	1.0	0.0	2e-05
15051.0	7.0	1.0	0.0	0.0
15058.0	7.0	1.0	0.0	0.0
15065.0	7.0	1.0	0.0	0.0
15072.0	7.0	1.0	0.0	0.0
15079.0	7.0	1.0	0.0	0.0
15086.0	7.0	1.0	0.0	0.0
15093.0	7.0	1.0	0.0	1e-05
15100.0	7.0	1.0	0.0	0.00057
15107.0	7.0	1.0	0.0	0.0007700000000000001
15114.0	7.0	1.0	0.0	0.00037999999999999997
15121.0	7.0	1.0	0.0	0.0035600000000000002
15128.0	7.0	1.0	0.0	0.00485
15135.0	7.0	1.0	0.0	0.00285
15142.0	7.0	1.0	0.0	0.00057
15149.0	7.0	1.0	0.0	0.00057
15156.0	7.0	1.0	0.0	0.00067
15163.0	7.0	1.0	0.0	0.00099
15170.0	7.0	1.0	0.0	2.9999999999999997e-05
15177.0	7.0	1.0	0.0	7e-05
15184.0	7.0	1.0	0.0	0.0
15191.0	7.0	1.0	0.0	0.00099
15198.0	7.0	1.0	0.0	1e-05
15205.0	7.0	1.0	0.0	2.9999999999999997e-05
15212.0	7.0	1.0	0.0	0.0
15219.0	7.0	1.0	0.0	0.0
15226.0	7.0	1.0	0.0	4e-05
15233.0	7.0	1.0	0.0	0.0
15240.0	7.0	1.0	0.0	0.0
15247.0	7.0	1.0	0.0	0.00062
15254.0	7.0	1.0	0.0	0.0001
15261.0	7.0	1.0	0.0	0.0
15268.0	7.0	1.0	0.0	0.00125
15275.0	7.0	1.0	0.0	0.00057
15282.0	7.0	1.0	0.0	2.9999999999999997e-05
15289.0	7.0	1.0	0.0	0.00033999999999999997
15296.0	7.0	1.0	0.0	0.0001
15303.0	7.0	1.0	0.0	0.0006900000000000001
15310.0	7.0	1.0	0.0	2.9999999999999997e-05
15317.0	7.0	1.0	0.0	2.9999999999999997e-05
15324.0	7.0	1.0	0.0	2e-05
15331.0	7.0	1.0	0.0	0.0
15338.0	3.0	1.0	0.0	2e-05
