stress_period	sp_length	time_step	study (0 : TS or 1 : SS)	rech
0.0	1.0	1.0	1.0	0.0004960809912443976
1.0	15.0	1.0	0.0	0.0011578450520833001
16.0	15.0	1.0	0.0	0.0012615895589192267
31.0	15.0	1.0	0.0	0.002133488972981733
46.0	15.0	1.0	0.0	0.00353066609700516
61.0	15.0	1.0	0.0	0.002462053426106727
76.0	15.0	1.0	0.0	0.0016538279215494332
91.0	15.0	1.0	0.0	0.0015907999674478863
106.0	15.0	1.0	0.0	0.0011279968261718462
121.0	15.0	1.0	0.0	0.0005804484049478868
136.0	15.0	1.0	0.0	0.0004435587565103733
151.0	15.0	1.0	0.0	0.0006811991373697467
166.0	15.0	1.0	0.0	0.00148766072591142
181.0	15.0	1.0	0.0	0.0005862731933593402
196.0	15.0	1.0	0.0	0.0002797444661457933
211.0	15.0	1.0	0.0	0.0002446013927459267
226.0	15.0	1.0	0.0	0.00014515185356134668
241.0	15.0	1.0	0.0	8.404127756753407e-05
256.0	15.0	1.0	0.0	5.548372268676758e-05
271.0	15.0	1.0	0.0	3.98790995279948e-05
286.0	15.0	1.0	0.0	3.1025568644205727e-05
301.0	15.0	1.0	0.0	2.608140309651693e-05
316.0	15.0	1.0	0.0	3.178348541259766e-05
331.0	15.0	1.0	0.0	3.8424301147460935e-05
346.0	15.0	1.0	0.0	6.556173960367838e-05
361.0	15.0	1.0	0.0	0.00023936278025304665
376.0	15.0	1.0	0.0	0.0008449848810831133
391.0	15.0	1.0	0.0	0.0013110317230224135
406.0	15.0	1.0	0.0	0.00146238861083978
421.0	15.0	1.0	0.0	0.001115501403808567
436.0	15.0	1.0	0.0	0.0011229939778645399
451.0	15.0	1.0	0.0	0.00109221750895178
466.0	15.0	1.0	0.0	0.00048005320231114666
481.0	15.0	1.0	0.0	0.00021999867757156003
496.0	15.0	1.0	0.0	0.00023644917805984005
511.0	15.0	1.0	0.0	0.00021843770345047998
526.0	15.0	1.0	0.0	9.698588053383334e-05
541.0	15.0	1.0	0.0	5.098266601562501e-05
556.0	15.0	1.0	0.0	5.225830078124583e-05
571.0	15.0	1.0	0.0	3.523303469022115e-05
586.0	15.0	1.0	0.0	6.538537542023427e-05
601.0	15.0	1.0	0.0	3.50986878077189e-05
616.0	15.0	1.0	0.0	3.0067133903503417e-05
631.0	15.0	1.0	0.0	4.106736183166503e-05
646.0	15.0	1.0	0.0	3.351008097330729e-05
661.0	15.0	1.0	0.0	3.7670882542928064e-05
676.0	15.0	1.0	0.0	5.7120672861735014e-05
691.0	15.0	1.0	0.0	0.00010653082529701452
706.0	15.0	1.0	0.0	0.0006048560778299399
721.0	15.0	1.0	0.0	0.0010610223770140999
736.0	15.0	1.0	0.0	0.0006442784627278267
751.0	15.0	1.0	0.0	0.00042049992879226663
766.0	15.0	1.0	0.0	0.00034311269124345334
781.0	15.0	1.0	0.0	0.0008875223795572466
796.0	15.0	1.0	0.0	0.0015048522949218399
811.0	15.0	1.0	0.0	0.0009486775716145336
826.0	15.0	1.0	0.0	0.0005228881835936999
841.0	15.0	1.0	0.0	0.00036699930826817326
856.0	15.0	1.0	0.0	0.00015905914306637333
871.0	15.0	1.0	0.0	8.80284627278475e-05
886.0	15.0	1.0	0.0	6.1016845703124995e-05
901.0	15.0	1.0	0.0	4.071197509765625e-05
916.0	15.0	1.0	0.0	2.741139729817708e-05
931.0	15.0	1.0	0.0	3.0082945525646217e-05
946.0	15.0	1.0	0.0	3.6032906671360254e-05
961.0	15.0	1.0	0.0	0.00014073057572044638
976.0	15.0	1.0	0.0	5.1994117101033525e-05
991.0	15.0	1.0	0.0	5.339420636494955e-05
1006.0	15.0	1.0	0.0	0.00048785508473708663
1021.0	15.0	1.0	0.0	0.0003503260930378733
1036.0	15.0	1.0	0.0	0.0004942007700601734
1051.0	15.0	1.0	0.0	0.0008083897908528198
1066.0	15.0	1.0	0.0	0.0007162439982095934
1081.0	15.0	1.0	0.0	0.00044295984903966
1096.0	15.0	1.0	0.0	0.0010939735412596999
1111.0	15.0	1.0	0.0	0.0008307734171548999
1126.0	15.0	1.0	0.0	0.0007582651774088
1141.0	15.0	1.0	0.0	0.0005757883707681666
1156.0	15.0	1.0	0.0	0.00038811645507807335
1171.0	15.0	1.0	0.0	0.00049188944498694
1186.0	15.0	1.0	0.0	0.0005018849690754866
1201.0	15.0	1.0	0.0	0.00039497985839839333
1216.0	15.0	1.0	0.0	0.0006639923095702732
1231.0	15.0	1.0	0.0	0.00045217488606766
1246.0	15.0	1.0	0.0	0.00021417439778639998
1261.0	15.0	1.0	0.0	0.00010563659667966167
1276.0	15.0	1.0	0.0	6.400349934895833e-05
1291.0	15.0	1.0	0.0	4.011739095052084e-05
1306.0	15.0	1.0	0.0	2.8945509592692057e-05
1321.0	15.0	1.0	0.0	2.1586732069651288e-05
1336.0	15.0	1.0	0.0	2.8619039058684518e-05
1351.0	15.0	1.0	0.0	2.3002759615580236e-05
1366.0	15.0	1.0	0.0	1.486532688140869e-05
1381.0	15.0	1.0	0.0	2.1488769849141438e-05
1396.0	15.0	1.0	0.0	2.0493038495381675e-05
1411.0	15.0	1.0	0.0	2.691702842712402e-05
1426.0	15.0	1.0	0.0	3.909821510314942e-05
1441.0	15.0	1.0	0.0	0.00012368979454038204
1456.0	15.0	1.0	0.0	0.00031533091862992
1471.0	15.0	1.0	0.0	0.00056753241221104
1486.0	15.0	1.0	0.0	0.00045800107320143334
1501.0	15.0	1.0	0.0	0.0015509595235188402
1516.0	15.0	1.0	0.0	0.0013141741434732667
1531.0	15.0	1.0	0.0	0.0008195393880207934
1546.0	15.0	1.0	0.0	0.0004663131713866734
1561.0	15.0	1.0	0.0	0.0005882064819335465
1576.0	15.0	1.0	0.0	0.0004153452555338
1591.0	15.0	1.0	0.0	0.00023058319091790667
1606.0	15.0	1.0	0.0	0.00011937815348303876
1621.0	15.0	1.0	0.0	6.635691324869791e-05
1636.0	15.0	1.0	0.0	4.322357177734376e-05
1651.0	15.0	1.0	0.0	3.095296223958333e-05
1666.0	15.0	1.0	0.0	2.3938351869583133e-05
1681.0	15.0	1.0	0.0	1.739555398623149e-05
1696.0	15.0	1.0	0.0	1.3316647211710612e-05
1711.0	15.0	1.0	0.0	1.2643754482269286e-05
1726.0	15.0	1.0	0.0	4.703145424523936e-05
1741.0	15.0	1.0	0.0	0.00011596360206601098
1756.0	15.0	1.0	0.0	0.00026099316279088
1771.0	15.0	1.0	0.0	0.0006397973378498865
1786.0	15.0	1.0	0.0	0.0012175542195637468
1801.0	15.0	1.0	0.0	0.0019224690755207867
1816.0	15.0	1.0	0.0	0.0008745699564615401
1831.0	15.0	1.0	0.0	0.0005928512573241733
1846.0	15.0	1.0	0.0	0.0023854344685871874
1861.0	15.0	1.0	0.0	0.0038301513671874666
1876.0	15.0	1.0	0.0	0.0012933197021484002
1891.0	15.0	1.0	0.0	0.0008931518554686934
1906.0	15.0	1.0	0.0	0.0007308471679686933
1921.0	15.0	1.0	0.0	0.00034320576985673334
1936.0	15.0	1.0	0.0	0.00035357055664060003
1951.0	15.0	1.0	0.0	0.00022431030273432665
1966.0	15.0	1.0	0.0	0.0001200439453124575
1981.0	15.0	1.0	0.0	7.376505533854167e-05
1996.0	15.0	1.0	0.0	4.5742797851562504e-05
2011.0	15.0	1.0	0.0	2.9938761393229166e-05
2026.0	15.0	1.0	0.0	2.0508475850025813e-05
2041.0	15.0	1.0	0.0	1.4907396088043852e-05
2056.0	15.0	1.0	0.0	1.4080484708150228e-05
2071.0	15.0	1.0	0.0	9.485797087351479e-06
2086.0	15.0	1.0	0.0	9.551175435384114e-06
2101.0	15.0	1.0	0.0	1.3342436154683432e-05
2116.0	15.0	1.0	0.0	0.0002260769883791125
2131.0	15.0	1.0	0.0	0.00019977095921829333
2146.0	15.0	1.0	0.0	0.0004784897168476934
2161.0	15.0	1.0	0.0	0.0006717690785725333
2176.0	15.0	1.0	0.0	0.0009388589223225534
2191.0	15.0	1.0	0.0	0.0019330932617187065
2206.0	15.0	1.0	0.0	0.0029402079264322463
2221.0	15.0	1.0	0.0	0.0025235361735025667
2236.0	15.0	1.0	0.0	0.002555956013997353
2251.0	15.0	1.0	0.0	0.0014949422200520464
2266.0	15.0	1.0	0.0	0.0011601613362629732
2281.0	15.0	1.0	0.0	0.00169797058105464
2296.0	15.0	1.0	0.0	0.0012565856933593332
2311.0	15.0	1.0	0.0	0.0009890767415364266
2326.0	15.0	1.0	0.0	0.0012142842610676668
2341.0	15.0	1.0	0.0	0.00088416137695308
2356.0	15.0	1.0	0.0	0.00046556599934892
2371.0	15.0	1.0	0.0	0.00018389892578121332
2386.0	15.0	1.0	0.0	9.064737955728499e-05
2401.0	15.0	1.0	0.0	6.047706604003905e-05
2416.0	15.0	1.0	0.0	4.325259526570639e-05
2431.0	15.0	1.0	0.0	5.652810732522955e-05
2446.0	15.0	1.0	0.0	3.5044082005818686e-05
2461.0	15.0	1.0	0.0	4.5182291666666664e-05
2476.0	15.0	1.0	0.0	3.49427064259847e-05
2491.0	15.0	1.0	0.0	4.102142651875814e-05
2506.0	15.0	1.0	0.0	0.00012027651468910755
2521.0	15.0	1.0	0.0	0.00017496948242182666
2536.0	15.0	1.0	0.0	0.00019555040995274665
2551.0	15.0	1.0	0.0	0.00032056255340570666
2566.0	15.0	1.0	0.0	0.0009443406422932467
2581.0	15.0	1.0	0.0	0.0010050809224446066
2596.0	15.0	1.0	0.0	0.0006020874023437
2611.0	15.0	1.0	0.0	0.00038645706176754
2626.0	15.0	1.0	0.0	0.0002611366271972133
2641.0	15.0	1.0	0.0	0.00016400807698563333
2656.0	15.0	1.0	0.0	0.00017385152180985332
2671.0	15.0	1.0	0.0	0.00014173380533848666
2686.0	15.0	1.0	0.0	0.00010511779785153041
2701.0	15.0	1.0	0.0	6.541900634765625e-05
2716.0	15.0	1.0	0.0	4.2094930013020846e-05
2731.0	15.0	1.0	0.0	2.851511637369792e-05
2746.0	15.0	1.0	0.0	2.0229593912760418e-05
2761.0	15.0	1.0	0.0	1.4679006238778431e-05
2776.0	15.0	1.0	0.0	2.6709529260788798e-05
2791.0	15.0	1.0	0.0	4.821290969847984e-05
2806.0	15.0	1.0	0.0	8.257693449655297e-05
2821.0	15.0	1.0	0.0	2.9586537679036458e-05
2836.0	15.0	1.0	0.0	3.991006215413411e-05
2851.0	15.0	1.0	0.0	3.8941780726114914e-05
2866.0	15.0	1.0	0.0	0.000185550785064676
2881.0	15.0	1.0	0.0	0.0004531591733296333
2896.0	15.0	1.0	0.0	0.0009756349563598066
2911.0	15.0	1.0	0.0	0.0019411434173583534
2926.0	15.0	1.0	0.0	0.001470765431721953
2941.0	15.0	1.0	0.0	0.0010040552775064532
2956.0	15.0	1.0	0.0	0.0008932683308918667
2971.0	15.0	1.0	0.0	0.0011265797932942267
2986.0	15.0	1.0	0.0	0.0010438268025715599
3001.0	15.0	1.0	0.0	0.001678628540039007
3016.0	15.0	1.0	0.0	0.0018855539957681733
3031.0	15.0	1.0	0.0	0.00093480834960934
3046.0	15.0	1.0	0.0	0.0009452372233072465
3061.0	15.0	1.0	0.0	0.0007168334960937066
3076.0	15.0	1.0	0.0	0.0006070556640624534
3091.0	15.0	1.0	0.0	0.0005296356201171468
3106.0	15.0	1.0	0.0	0.0003309051513671467
3121.0	15.0	1.0	0.0	0.00016316794157024666
3136.0	15.0	1.0	0.0	0.00012770606279367334
3151.0	15.0	1.0	0.0	7.952747344970702e-05
3166.0	15.0	1.0	0.0	6.835161844888777e-05
3181.0	15.0	1.0	0.0	4.924675623575846e-05
3196.0	15.0	1.0	0.0	4.2826652526855465e-05
3211.0	15.0	1.0	0.0	3.6325645446777347e-05
3226.0	15.0	1.0	0.0	0.00010082283020017182
3241.0	15.0	1.0	0.0	0.0002191731770832917
3256.0	15.0	1.0	0.0	0.0013959210713703999
3271.0	15.0	1.0	0.0	0.0015695522308348997
3286.0	15.0	1.0	0.0	0.0012618988037108934
3301.0	15.0	1.0	0.0	0.0014585154215494335
3316.0	15.0	1.0	0.0	0.00135789184570308
3331.0	15.0	1.0	0.0	0.0009165049235025733
3346.0	15.0	1.0	0.0	0.0019204386393228733
3361.0	15.0	1.0	0.0	0.0027293497721353737
3376.0	15.0	1.0	0.0	0.0025027364095051735
3391.0	15.0	1.0	0.0	0.002127184041341107
3406.0	15.0	1.0	0.0	0.0006927775065103802
3421.0	15.0	1.0	0.0	0.0005833150227864267
3436.0	15.0	1.0	0.0	0.00026689860026038003
3451.0	15.0	1.0	0.0	0.000131986490885385
3466.0	15.0	1.0	0.0	8.930460611978334e-05
3481.0	15.0	1.0	0.0	6.208902994791667e-05
3496.0	15.0	1.0	0.0	4.8766374588012695e-05
3511.0	15.0	1.0	0.0	3.846096992492676e-05
3526.0	15.0	1.0	0.0	5.632201035816688e-05
3541.0	15.0	1.0	0.0	7.192992369333117e-05
3556.0	15.0	1.0	0.0	5.432302157084146e-05
3571.0	15.0	1.0	0.0	4.452872276306153e-05
3586.0	15.0	1.0	0.0	4.777946472167969e-05
3601.0	15.0	1.0	0.0	4.251372019449871e-05
3616.0	15.0	1.0	0.0	7.749697367348978e-05
3631.0	15.0	1.0	0.0	0.00019851268132522668
3646.0	15.0	1.0	0.0	0.0003100728988647
3661.0	15.0	1.0	0.0	0.0005053062438964399
3676.0	15.0	1.0	0.0	0.0011741372426350531
3691.0	15.0	1.0	0.0	0.0028554824829101063
3706.0	15.0	1.0	0.0	0.0014189478556314598
3721.0	15.0	1.0	0.0	0.0010520889282225998
3736.0	15.0	1.0	0.0	0.0020659393310546465
3751.0	15.0	1.0	0.0	0.0011948425292968132
3766.0	15.0	1.0	0.0	0.0006914947509765133
3781.0	15.0	1.0	0.0	0.0004570871988931866
3796.0	15.0	1.0	0.0	0.00031322733561192667
3811.0	15.0	1.0	0.0	0.00016533508300775333
3826.0	15.0	1.0	0.0	8.465067545571835e-05
3841.0	15.0	1.0	0.0	4.90020751953125e-05
3856.0	15.0	1.0	0.0	3.1439691781997675e-05
3871.0	15.0	1.0	0.0	2.1267451842625935e-05
3886.0	15.0	1.0	0.0	1.5178871154785156e-05
3901.0	15.0	1.0	0.0	1.142039696375529e-05
3916.0	15.0	1.0	0.0	8.972756067911783e-06
3931.0	15.0	1.0	0.0	7.351009051005045e-06
3946.0	15.0	1.0	0.0	6.346154212951661e-06
3961.0	15.0	1.0	0.0	0.0001296526114145629
3976.0	15.0	1.0	0.0	0.0001656830310821
3991.0	15.0	1.0	0.0	0.00030805886586502003
4006.0	15.0	1.0	0.0	0.0014927571614582935
4021.0	15.0	1.0	0.0	0.0014031026204426532
4036.0	15.0	1.0	0.0	0.0010783388773599868
4051.0	15.0	1.0	0.0	0.00056406402587886
4066.0	15.0	1.0	0.0	0.0004295842488606267
4081.0	15.0	1.0	0.0	0.0004325673421223467
4096.0	15.0	1.0	0.0	0.0003364283243814534
4111.0	15.0	1.0	0.0	0.00019800821940099995
4126.0	15.0	1.0	0.0	0.00012744598388668
4141.0	15.0	1.0	0.0	0.0001067896525064904
4156.0	15.0	1.0	0.0	0.0006014485677082932
4171.0	15.0	1.0	0.0	0.00085104573567704
4186.0	15.0	1.0	0.0	0.0002526880900064666
4201.0	15.0	1.0	0.0	9.700724283852669e-05
4216.0	15.0	1.0	0.0	5.009256998697916e-05
4231.0	15.0	1.0	0.0	3.218554258346558e-05
4246.0	15.0	1.0	0.0	2.3147881031036375e-05
4261.0	15.0	1.0	0.0	1.7982188860575357e-05
4276.0	15.0	1.0	0.0	1.75047238667806e-05
4291.0	15.0	1.0	0.0	1.5505552291870116e-05
4306.0	15.0	1.0	0.0	1.4283482233683268e-05
4321.0	15.0	1.0	0.0	4.19418891270947e-05
4336.0	15.0	1.0	0.0	8.616668383279905e-05
4351.0	15.0	1.0	0.0	0.0002347504297891871
4366.0	15.0	1.0	0.0	0.0008345813751220066
4381.0	15.0	1.0	0.0	0.00105842374165848
4396.0	15.0	1.0	0.0	0.002240279642740846
4411.0	15.0	1.0	0.0	0.0018252899169921334
4426.0	15.0	1.0	0.0	0.0016994420369465663
4441.0	15.0	1.0	0.0	0.0009148056030272801
4456.0	15.0	1.0	0.0	0.00061083984374996
4471.0	15.0	1.0	0.0	0.00055874226888016
4486.0	15.0	1.0	0.0	0.00038013305664059337
4501.0	15.0	1.0	0.0	0.00021366170247390004
4516.0	15.0	1.0	0.0	0.00011668395996089748
4531.0	15.0	1.0	0.0	8.076070149739582e-05
4546.0	15.0	1.0	0.0	0.00010376281738278749
4561.0	15.0	1.0	0.0	0.00011436462402339332
4576.0	15.0	1.0	0.0	8.436584472655334e-05
4591.0	15.0	1.0	0.0	5.430587927500407e-05
4606.0	15.0	1.0	0.0	5.9176190694166625e-05
4621.0	15.0	1.0	0.0	6.106367905934652e-05
4636.0	15.0	1.0	0.0	4.375631014506023e-05
4651.0	15.0	1.0	0.0	3.5730870564778643e-05
4666.0	15.0	1.0	0.0	3.358688354492187e-05
4681.0	15.0	1.0	0.0	4.986410140991211e-05
4696.0	15.0	1.0	0.0	0.00013566722869868002
4711.0	15.0	1.0	0.0	0.00017239214579258005
4726.0	15.0	1.0	0.0	0.0006806964874267134
4741.0	15.0	1.0	0.0	0.001473400370279893
4756.0	15.0	1.0	0.0	0.0008083000183105
4771.0	15.0	1.0	0.0	0.0007004623413085332
4786.0	15.0	1.0	0.0	0.0008608581542968266
4801.0	15.0	1.0	0.0	0.0024124374389647932
4816.0	15.0	1.0	0.0	0.00240901234944656
4831.0	15.0	1.0	0.0	0.0008589569091796467
4846.0	15.0	1.0	0.0	0.00099130655924474
4861.0	15.0	1.0	0.0	0.0013766153971353733
4876.0	15.0	1.0	0.0	0.0008332183837890266
4891.0	15.0	1.0	0.0	0.00041163635253901334
4906.0	15.0	1.0	0.0	0.00018088785807285996
4921.0	15.0	1.0	0.0	8.689371744790082e-05
4936.0	15.0	1.0	0.0	5.26336669921875e-05
4951.0	15.0	1.0	0.0	3.429349462191264e-05
4966.0	15.0	1.0	0.0	2.8478517134984334e-05
4981.0	15.0	1.0	0.0	2.4694323539733885e-05
4996.0	15.0	1.0	0.0	6.946834723153041e-05
5011.0	15.0	1.0	0.0	5.992820262908935e-05
5026.0	15.0	1.0	0.0	4.745750427246094e-05
5041.0	15.0	1.0	0.0	5.522160530090332e-05
5056.0	15.0	1.0	0.0	6.855087280273437e-05
5071.0	15.0	1.0	0.0	0.00011782166163124965
5086.0	15.0	1.0	0.0	0.00024214487075800665
5101.0	15.0	1.0	0.0	0.00031819254557286663
5116.0	15.0	1.0	0.0	0.0005961444218952866
5131.0	15.0	1.0	0.0	0.0016428218841552133
5146.0	15.0	1.0	0.0	0.0014032712300618001
5161.0	15.0	1.0	0.0	0.0006566187540689598
5176.0	15.0	1.0	0.0	0.00096384785970046
5191.0	15.0	1.0	0.0	0.0012961644490559468
5206.0	15.0	1.0	0.0	0.0018367192586262733
5221.0	15.0	1.0	0.0	0.0014298461914062067
5236.0	15.0	1.0	0.0	0.00071265258789058
5251.0	15.0	1.0	0.0	0.00031829020182287335
5266.0	15.0	1.0	0.0	0.00014519246419266666
5281.0	15.0	1.0	0.0	8.132731119791167e-05
5296.0	15.0	1.0	0.0	4.698689778645833e-05
5311.0	15.0	1.0	0.0	5.177307128905916e-05
5326.0	15.0	1.0	0.0	2.676938573519389e-05
5341.0	15.0	1.0	0.0	2.087995409965515e-05
5356.0	15.0	1.0	0.0	1.7009528477986656e-05
5371.0	15.0	1.0	0.0	1.4173511664072673e-05
5386.0	15.0	1.0	0.0	2.9272468884785975e-05
5401.0	15.0	1.0	0.0	8.468949000039315e-05
5416.0	15.0	1.0	0.0	0.00013479921023045333
5431.0	15.0	1.0	0.0	0.0003474723180134533
5446.0	15.0	1.0	0.0	0.0013304976145426
5461.0	15.0	1.0	0.0	0.0013793341318765865
5476.0	15.0	1.0	0.0	0.002574424489339133
5491.0	15.0	1.0	0.0	0.002719053141276
5506.0	15.0	1.0	0.0	0.0017404368082682001
5521.0	15.0	1.0	0.0	0.00098044128417964
5536.0	15.0	1.0	0.0	0.0011256469726562
5551.0	15.0	1.0	0.0	0.0007847737630208
5566.0	15.0	1.0	0.0	0.00035899353027340667
5581.0	15.0	1.0	0.0	0.0006182525634765268
5596.0	15.0	1.0	0.0	0.0004709187825520399
5611.0	15.0	1.0	0.0	0.0002891835530598466
5626.0	15.0	1.0	0.0	0.00024692586263015996
5641.0	15.0	1.0	0.0	0.00021593526204421998
5656.0	15.0	1.0	0.0	0.000134542846679645
5671.0	15.0	1.0	0.0	8.238525390624419e-05
5686.0	15.0	1.0	0.0	7.50741203625825e-05
5701.0	15.0	1.0	0.0	5.573405027389526e-05
5716.0	15.0	1.0	0.0	4.591011206309e-05
5731.0	15.0	1.0	0.0	4.523374239603678e-05
5746.0	15.0	1.0	0.0	0.00014967215855913124
5761.0	15.0	1.0	0.0	0.000125014813741
5776.0	15.0	1.0	0.0	0.00022042725880937333
5791.0	15.0	1.0	0.0	0.0005269722620645601
5806.0	15.0	1.0	0.0	0.0005163655598957734
5821.0	15.0	1.0	0.0	0.0010005647023518334
5836.0	15.0	1.0	0.0	0.0018078620910643934
5851.0	15.0	1.0	0.0	0.0008462926228840734
5866.0	15.0	1.0	0.0	0.00115561370849604
5881.0	15.0	1.0	0.0	0.004758711242675739
5896.0	15.0	1.0	0.0	0.003996601359049426
5911.0	15.0	1.0	0.0	0.003339987182617127
5926.0	15.0	1.0	0.0	0.002357100423177033
5941.0	15.0	1.0	0.0	0.001150276692708293
5956.0	15.0	1.0	0.0	0.0005611572265624667
5971.0	15.0	1.0	0.0	0.00023706868489580004
5986.0	15.0	1.0	0.0	0.00015563557942706
6001.0	15.0	1.0	0.0	0.00013240559895828669
6016.0	15.0	1.0	0.0	9.200642903645498e-05
6031.0	15.0	1.0	0.0	6.3262939453125e-05
6046.0	15.0	1.0	0.0	4.170175790786743e-05
6061.0	15.0	1.0	0.0	2.8313819567362463e-05
6076.0	15.0	1.0	0.0	2.0664449532826745e-05
6091.0	15.0	1.0	0.0	1.576721668243408e-05
6106.0	15.0	1.0	0.0	2.074151833852132e-05
6121.0	15.0	1.0	0.0	1.597762107849121e-05
6136.0	15.0	1.0	0.0	1.846192677815755e-05
6151.0	15.0	1.0	0.0	1.901758511861165e-05
6166.0	15.0	1.0	0.0	6.0252634684244795e-05
6181.0	15.0	1.0	0.0	5.572923024495443e-05
6196.0	15.0	1.0	0.0	6.537750562032064e-05
6211.0	15.0	1.0	0.0	7.260649998982748e-05
6226.0	15.0	1.0	0.0	8.462254206339518e-05
6241.0	15.0	1.0	0.0	0.00010746552149450463
6256.0	15.0	1.0	0.0	0.00011809132893874669
6271.0	15.0	1.0	0.0	0.00011789080301915334
6286.0	15.0	1.0	0.0	0.00015219974517818
6301.0	15.0	1.0	0.0	0.00020555057525629335
6316.0	15.0	1.0	0.0	0.00015979487101232666
6331.0	15.0	1.0	0.0	0.0001032207489013377
6346.0	15.0	1.0	0.0	7.090365091959638e-05
6361.0	15.0	1.0	0.0	9.967333475747417e-05
6376.0	15.0	1.0	0.0	0.00013794848124181331
6391.0	15.0	1.0	0.0	8.54377746581848e-05
6406.0	15.0	1.0	0.0	4.773826599121094e-05
6421.0	15.0	1.0	0.0	3.054125905036926e-05
6436.0	15.0	1.0	0.0	2.101083397865296e-05
6451.0	15.0	1.0	0.0	1.5287498633066814e-05
6466.0	15.0	1.0	0.0	1.1562593777974445e-05
6481.0	15.0	1.0	0.0	9.158118565877276e-06
6496.0	15.0	1.0	0.0	8.460346857706706e-06
6511.0	15.0	1.0	0.0	1.1515251795450845e-05
6526.0	15.0	1.0	0.0	3.756055831908647e-05
6541.0	15.0	1.0	0.0	4.818627039591333e-05
6556.0	15.0	1.0	0.0	0.00010279172261553914
6571.0	15.0	1.0	0.0	0.0006658495267231665
6586.0	15.0	1.0	0.0	0.001361244455973267
6601.0	15.0	1.0	0.0	0.002161510213216094
6616.0	15.0	1.0	0.0	0.0016836105346679196
6631.0	15.0	1.0	0.0	0.001125881449381473
6646.0	15.0	1.0	0.0	0.0012716206868489067
6661.0	15.0	1.0	0.0	0.0011007151285806801
6676.0	15.0	1.0	0.0	0.0006276041666666333
6691.0	15.0	1.0	0.0	0.00027453308105464003
6706.0	15.0	1.0	0.0	0.00013907267252599996
6721.0	15.0	1.0	0.0	9.697062174477416e-05
6736.0	15.0	1.0	0.0	5.746154785156251e-05
6751.0	15.0	1.0	0.0	3.592936197916667e-05
6766.0	15.0	1.0	0.0	3.1396484375e-05
6781.0	15.0	1.0	0.0	2.1263779203097024e-05
6796.0	15.0	1.0	0.0	1.5622968475023905e-05
6811.0	15.0	1.0	0.0	1.2039530277252194e-05
6826.0	15.0	1.0	0.0	9.665250778198243e-06
6841.0	15.0	1.0	0.0	2.1680176258087155e-05
6856.0	15.0	1.0	0.0	0.00042574578920996056
6871.0	15.0	1.0	0.0	0.0006977853775023866
6886.0	15.0	1.0	0.0	0.0009279424031575134
6901.0	15.0	1.0	0.0	0.0005619238535562667
6916.0	15.0	1.0	0.0	0.0005539792378743
6931.0	15.0	1.0	0.0	0.00066697591145828
6946.0	15.0	1.0	0.0	0.0005415646870930468
6961.0	15.0	1.0	0.0	0.0017049916585285998
6976.0	15.0	1.0	0.0	0.0018847473144530734
6991.0	15.0	1.0	0.0	0.0015236745198567334
7006.0	15.0	1.0	0.0	0.0036661265055338206
7021.0	15.0	1.0	0.0	0.00165537923177078
7036.0	15.0	1.0	0.0	0.0010277394612629733
7051.0	15.0	1.0	0.0	0.0006414062499999468
7066.0	15.0	1.0	0.0	0.0003410227457682
7081.0	15.0	1.0	0.0	0.00014254252115882162
7096.0	15.0	1.0	0.0	7.126057942708335e-05
7111.0	15.0	1.0	0.0	4.9717203776041666e-05
7126.0	15.0	1.0	0.0	3.3089192708333335e-05
7141.0	15.0	1.0	0.0	2.3914244274298348e-05
7156.0	15.0	1.0	0.0	1.7373374601205193e-05
7171.0	15.0	1.0	0.0	3.072881102561951e-05
7186.0	15.0	1.0	0.0	2.3895454406738282e-05
7201.0	15.0	1.0	0.0	1.2882018089294434e-05
7216.0	15.0	1.0	0.0	1.2060952186584474e-05
7231.0	15.0	1.0	0.0	1.0883323351542155e-05
7246.0	15.0	1.0	0.0	1.1406501134236654e-05
7261.0	15.0	1.0	0.0	1.756107807159424e-05
7276.0	15.0	1.0	0.0	2.7407677968343097e-05
7291.0	15.0	1.0	0.0	0.0001236379305521392
7306.0	15.0	1.0	0.0	0.00028574670155838666
7321.0	15.0	1.0	0.0	0.00029462890624996
7336.0	15.0	1.0	0.0	0.0008989883422851133
7351.0	15.0	1.0	0.0	0.0007448794047037401
7366.0	15.0	1.0	0.0	0.0007501991271972134
7381.0	15.0	1.0	0.0	0.00081342569986974
7396.0	15.0	1.0	0.0	0.0005639907836913668
7411.0	15.0	1.0	0.0	0.0003637049357095933
7426.0	15.0	1.0	0.0	0.00021731974283849996
7441.0	15.0	1.0	0.0	0.00013607940673823334
7456.0	15.0	1.0	0.0	8.154652913410835e-05
7471.0	15.0	1.0	0.0	5.4869079589843755e-05
7486.0	15.0	1.0	0.0	3.863881429036459e-05
7501.0	15.0	1.0	0.0	2.7997334798177083e-05
7516.0	15.0	1.0	0.0	2.418170173962911e-05
7531.0	15.0	1.0	0.0	1.8930262327194215e-05
7546.0	15.0	1.0	0.0	1.9187442461649575e-05
7561.0	15.0	1.0	0.0	1.3270572821299236e-05
7576.0	15.0	1.0	0.0	2.0165387789408367e-05
7591.0	15.0	1.0	0.0	1.1099839210510254e-05
7606.0	15.0	1.0	0.0	1.1012132962544758e-05
7621.0	15.0	1.0	0.0	7.394347985584728e-05
7636.0	15.0	1.0	0.0	0.00041902041435236664
7651.0	15.0	1.0	0.0	0.00076685447692866
7666.0	15.0	1.0	0.0	0.00070548261006668
7681.0	15.0	1.0	0.0	0.0009495151519775067
7696.0	15.0	1.0	0.0	0.0013290908813476067
7711.0	15.0	1.0	0.0	0.0010813522338866733
7726.0	15.0	1.0	0.0	0.002173279317220007
7741.0	15.0	1.0	0.0	0.001956854756673127
7756.0	15.0	1.0	0.0	0.0012049235026041197
7771.0	15.0	1.0	0.0	0.0005778859456379668
7786.0	15.0	1.0	0.0	0.00053049316406246
7801.0	15.0	1.0	0.0	0.0005667327880858934
7816.0	15.0	1.0	0.0	0.0007471903483072467
7831.0	15.0	1.0	0.0	0.0003199737548827533
7846.0	15.0	1.0	0.0	0.00028953755696609334
7861.0	15.0	1.0	0.0	0.00016633809407548664
7876.0	15.0	1.0	0.0	8.505781491596661e-05
7891.0	15.0	1.0	0.0	8.906476497649067e-05
7906.0	15.0	1.0	0.0	6.011146704355875e-05
7921.0	15.0	1.0	0.0	4.63602066040039e-05
7936.0	15.0	1.0	0.0	3.437728881835938e-05
7951.0	15.0	1.0	0.0	2.6816717783610027e-05
7966.0	15.0	1.0	0.0	2.7372201283772793e-05
7981.0	15.0	1.0	0.0	0.00010691394805904766
7996.0	15.0	1.0	0.0	0.0001105720520019
8011.0	15.0	1.0	0.0	0.00017799587249752005
8026.0	15.0	1.0	0.0	0.0003209117253620867
8041.0	15.0	1.0	0.0	0.00048449967702224664
8056.0	15.0	1.0	0.0	0.0004927327473957867
8071.0	15.0	1.0	0.0	0.00035681495666498004
8086.0	15.0	1.0	0.0	0.0004965194702148
8101.0	15.0	1.0	0.0	0.00201288553873694
8116.0	15.0	1.0	0.0	0.001421827697753853
8131.0	15.0	1.0	0.0	0.0012065450032551803
8146.0	15.0	1.0	0.0	0.00044308980305983995
8161.0	15.0	1.0	0.0	0.00022213694254552668
8176.0	15.0	1.0	0.0	0.00015188700358067332
8191.0	15.0	1.0	0.0	0.0001470891316731333
8206.0	15.0	1.0	0.0	9.203999837238168e-05
8221.0	15.0	1.0	0.0	5.120442708333333e-05
8236.0	15.0	1.0	0.0	3.523310571908951e-05
8251.0	15.0	1.0	0.0	3.161575645208359e-05
8266.0	15.0	1.0	0.0	2.1415575345357258e-05
8281.0	15.0	1.0	0.0	2.532620032628377e-05
8296.0	15.0	1.0	0.0	4.194699923197181e-05
8311.0	15.0	1.0	0.0	2.3375463485717768e-05
8326.0	15.0	1.0	0.0	1.835845311482747e-05
8341.0	15.0	1.0	0.0	2.4204667409261067e-05
8356.0	15.0	1.0	0.0	6.206318537392962e-05
8371.0	15.0	1.0	0.0	0.00016126745541887076
8386.0	15.0	1.0	0.0	0.00036374409993484
8401.0	15.0	1.0	0.0	0.0007913848241169734
8416.0	15.0	1.0	0.0	0.00101801872253414
8431.0	15.0	1.0	0.0	0.00063467152913406
8446.0	15.0	1.0	0.0	0.00105449625651036
8461.0	15.0	1.0	0.0	0.0018509206136067202
8476.0	15.0	1.0	0.0	0.0011515884399413668
8491.0	15.0	1.0	0.0	0.002765658569335887
8506.0	15.0	1.0	0.0	0.0018197530110676734
8521.0	15.0	1.0	0.0	0.0007951426188150598
8536.0	15.0	1.0	0.0	0.0003972086588541201
8551.0	15.0	1.0	0.0	0.00018443298339838665
8566.0	15.0	1.0	0.0	9.008280436197416e-05
8581.0	15.0	1.0	0.0	4.7887166341145845e-05
8596.0	15.0	1.0	0.0	6.175333658853751e-05
8611.0	15.0	1.0	0.0	3.5073447227478034e-05
8626.0	15.0	1.0	0.0	2.804166873296102e-05
8641.0	15.0	1.0	0.0	2.2365152835845952e-05
8656.0	15.0	1.0	0.0	1.7190297444661457e-05
8671.0	15.0	1.0	0.0	9.626103242237039e-05
8686.0	15.0	1.0	0.0	3.9475695292154943e-05
8701.0	15.0	1.0	0.0	4.2369874318440754e-05
8716.0	15.0	1.0	0.0	5.6423123677571614e-05
8731.0	15.0	1.0	0.0	0.00018602755864458338
8746.0	15.0	1.0	0.0	0.00048319940567012
8761.0	15.0	1.0	0.0	0.0018013633728026868
8776.0	15.0	1.0	0.0	0.0033633702596028063
8791.0	15.0	1.0	0.0	0.0018360875447590733
8806.0	15.0	1.0	0.0	0.00151014862060544
8821.0	15.0	1.0	0.0	0.0014223663330077865
8836.0	15.0	1.0	0.0	0.0007732279459634999
8851.0	15.0	1.0	0.0	0.00036954345703120656
8866.0	15.0	1.0	0.0	0.0005619761149088066
8881.0	15.0	1.0	0.0	0.0006359690348306733
8896.0	15.0	1.0	0.0	0.0005530253092447534
8911.0	15.0	1.0	0.0	0.0005203745524088067
8926.0	15.0	1.0	0.0	0.00021008504231765997
8941.0	15.0	1.0	0.0	0.00010128784179684749
8956.0	15.0	1.0	0.0	5.5737304687499994e-05
8971.0	15.0	1.0	0.0	4.001835982004802e-05
8986.0	15.0	1.0	0.0	2.9460910956064856e-05
9001.0	15.0	1.0	0.0	2.2788918018341066e-05
9016.0	15.0	1.0	0.0	1.859866778055827e-05
9031.0	15.0	1.0	0.0	2.002541224161784e-05
9046.0	15.0	1.0	0.0	3.855652014414298e-05
9061.0	15.0	1.0	0.0	0.00019822975794471327
9076.0	15.0	1.0	0.0	0.00022038933436069997
9091.0	15.0	1.0	0.0	0.00034414202372227997
9106.0	15.0	1.0	0.0	0.0013804879506428467
9121.0	15.0	1.0	0.0	0.0022944656372069863
9136.0	15.0	1.0	0.0	0.00242781168619788
9151.0	15.0	1.0	0.0	0.0025687459309895466
9166.0	15.0	1.0	0.0	0.0019073557535806802
9181.0	15.0	1.0	0.0	0.001971679687499953
9196.0	15.0	1.0	0.0	0.0009712951660155868
9211.0	15.0	1.0	0.0	0.0008747406005858933
9226.0	15.0	1.0	0.0	0.0007216837565103867
9241.0	15.0	1.0	0.0	0.0005606079101562067
9256.0	15.0	1.0	0.0	0.0003781962076822533
9271.0	15.0	1.0	0.0	0.00016487731933590666
9286.0	15.0	1.0	0.0	8.959960937498665e-05
9301.0	15.0	1.0	0.0	4.9938964843749996e-05
9316.0	15.0	1.0	0.0	3.0950927734375e-05
9331.0	15.0	1.0	0.0	2.1587409824132918e-05
9346.0	15.0	1.0	0.0	1.575943604111671e-05
9361.0	15.0	1.0	0.0	1.235412160555522e-05
9376.0	15.0	1.0	0.0	2.13383396466573e-05
9391.0	15.0	1.0	0.0	1.5518136819203695e-05
9406.0	15.0	1.0	0.0	1.1381268501281736e-05
9421.0	15.0	1.0	0.0	8.171590169270835e-06
9436.0	15.0	1.0	0.0	1.4041137695312504e-05
9451.0	15.0	1.0	0.0	2.341954708099365e-05
9466.0	15.0	1.0	0.0	7.709039847054993e-05
9481.0	15.0	1.0	0.0	0.0002705302874246733
9496.0	15.0	1.0	0.0	0.00036422589619948667
9511.0	15.0	1.0	0.0	0.00043613402048741994
9526.0	15.0	1.0	0.0	0.00031098874409989335
9541.0	15.0	1.0	0.0	0.0002663902282714333
9556.0	15.0	1.0	0.0	0.0002668315887450667
9571.0	15.0	1.0	0.0	0.0003092210133869867
9586.0	15.0	1.0	0.0	0.0003620193481444933
9601.0	15.0	1.0	0.0	0.0002762855529784667
9616.0	15.0	1.0	0.0	0.0001583966573078867
9631.0	15.0	1.0	0.0	0.00013150075276687333
9646.0	15.0	1.0	0.0	0.00022218271891269998
9661.0	15.0	1.0	0.0	0.00017196172078444663
9676.0	15.0	1.0	0.0	7.815551757811768e-05
9691.0	15.0	1.0	0.0	4.299036661783854e-05
9706.0	15.0	1.0	0.0	2.9740711053212485e-05
9721.0	15.0	1.0	0.0	2.003959019978841e-05
9736.0	15.0	1.0	0.0	2.107909520467122e-05
9751.0	15.0	1.0	0.0	3.989532391229948e-05
9766.0	15.0	1.0	0.0	0.00010480709870653607
9781.0	15.0	1.0	0.0	0.00013350332578022518
9796.0	15.0	1.0	0.0	0.00023477172851556669
9811.0	15.0	1.0	0.0	0.00057855682373042
9826.0	15.0	1.0	0.0	0.0011799580891926598
9841.0	15.0	1.0	0.0	0.0022833964029947535
9856.0	15.0	1.0	0.0	0.002036517333984327
9871.0	15.0	1.0	0.0	0.003426570638020773
9886.0	15.0	1.0	0.0	0.00146291300455724
9901.0	15.0	1.0	0.0	0.0005935058593749599
9916.0	15.0	1.0	0.0	0.0003942779541015133
9931.0	15.0	1.0	0.0	0.00030463968912755336
9946.0	15.0	1.0	0.0	0.0004580342610676533
9961.0	15.0	1.0	0.0	0.0005858815511067333
9976.0	15.0	1.0	0.0	0.0008266448974608999
9991.0	15.0	1.0	0.0	0.0004374389648437133
10006.0	15.0	1.0	0.0	0.0002002807617187066
10021.0	15.0	1.0	0.0	0.00011224772135413834
10036.0	15.0	1.0	0.0	6.955057779947914e-05
10051.0	15.0	1.0	0.0	4.512532552083332e-05
10066.0	15.0	1.0	0.0	3.123432397842408e-05
10081.0	15.0	1.0	0.0	2.287878195444743e-05
10096.0	15.0	1.0	0.0	1.690189441045125e-05
10111.0	15.0	1.0	0.0	1.3174450397491456e-05
10126.0	15.0	1.0	0.0	1.0181717077891035e-05
10141.0	15.0	1.0	0.0	9.314362208048503e-06
10156.0	15.0	1.0	0.0	0.00012251986662545228
10171.0	15.0	1.0	0.0	8.266927401224213e-05
10186.0	15.0	1.0	0.0	0.00016731939315790933
10201.0	15.0	1.0	0.0	0.0007335660934447666
10216.0	15.0	1.0	0.0	0.0022047799428303537
10231.0	15.0	1.0	0.0	0.0030395426432291207
10246.0	15.0	1.0	0.0	0.0018293207804361466
10261.0	15.0	1.0	0.0	0.0017956441243489204
10276.0	15.0	1.0	0.0	0.0013174265543619533
10291.0	15.0	1.0	0.0	0.0008228881835937067
10306.0	15.0	1.0	0.0	0.0003574167887369267
10321.0	15.0	1.0	0.0	0.0003075022379556867
10336.0	15.0	1.0	0.0	0.0002758290608723466
10351.0	15.0	1.0	0.0	0.00015461018880203332
10366.0	15.0	1.0	0.0	7.874145507812168e-05
10381.0	15.0	1.0	0.0	4.413350423177083e-05
10396.0	15.0	1.0	0.0	2.8014119466145838e-05
10411.0	15.0	1.0	0.0	1.921793619791666e-05
10426.0	15.0	1.0	0.0	1.377837744851907e-05
10441.0	15.0	1.0	0.0	1.0855981831749282e-05
10456.0	15.0	1.0	0.0	2.981453935304875e-05
10471.0	15.0	1.0	0.0	4.8036026954647795e-05
10486.0	15.0	1.0	0.0	1.4696502685546876e-05
10501.0	15.0	1.0	0.0	0.00019474159876503537
10516.0	15.0	1.0	0.0	7.363138198852538e-05
10531.0	15.0	1.0	0.0	9.664859771726684e-05
10546.0	15.0	1.0	0.0	0.00020257527033483333
10561.0	15.0	1.0	0.0	0.00041703001658116
10576.0	15.0	1.0	0.0	0.0007210179646809333
10591.0	15.0	1.0	0.0	0.0007618691762288001
10606.0	15.0	1.0	0.0	0.00106040064493812
10621.0	15.0	1.0	0.0	0.0021153943379719604
10636.0	15.0	1.0	0.0	0.00172792053222652
10651.0	15.0	1.0	0.0	0.001623715718587187
10666.0	15.0	1.0	0.0	0.0014515065511067269
10681.0	15.0	1.0	0.0	0.0004899780273437133
10696.0	15.0	1.0	0.0	0.0004112884521483933
10711.0	15.0	1.0	0.0	0.0004210001627603733
10726.0	15.0	1.0	0.0	0.0003579071044921467
10741.0	15.0	1.0	0.0	0.00025298258463536666
10756.0	15.0	1.0	0.0	0.00012153523763018083
10771.0	15.0	1.0	0.0	7.186889648437499e-05
10786.0	15.0	1.0	0.0	4.770711263020834e-05
10801.0	15.0	1.0	0.0	3.2184932629267375e-05
10816.0	15.0	1.0	0.0	2.201671004295349e-05
10831.0	15.0	1.0	0.0	1.6001884142557783e-05
10846.0	15.0	1.0	0.0	1.3955648740132651e-05
10861.0	15.0	1.0	0.0	1.7192586263020834e-05
10876.0	15.0	1.0	0.0	9.809223810831705e-06
10891.0	15.0	1.0	0.0	8.995842933654785e-06
10906.0	15.0	1.0	0.0	1.096216837565104e-05
10921.0	15.0	1.0	0.0	3.783639272054037e-05
10936.0	15.0	1.0	0.0	4.030631383260091e-05
10951.0	15.0	1.0	0.0	5.3937069574985945e-05
10966.0	15.0	1.0	0.0	5.6436459223429364e-05
10981.0	15.0	1.0	0.0	0.0001633937199910197
10996.0	15.0	1.0	0.0	0.0004049738883971667
11011.0	15.0	1.0	0.0	0.0002880053838093533
11026.0	15.0	1.0	0.0	0.00028750050862625336
11041.0	15.0	1.0	0.0	0.00021428222656245333
11056.0	15.0	1.0	0.0	0.0003245686848958
11071.0	15.0	1.0	0.0	0.00037828330993647333
11086.0	15.0	1.0	0.0	0.00055115331013992
11101.0	15.0	1.0	0.0	0.0003596150716145266
11116.0	15.0	1.0	0.0	0.00050346043904618
11131.0	15.0	1.0	0.0	0.0017035825093586732
11146.0	15.0	1.0	0.0	0.0005012619018554333
11161.0	15.0	1.0	0.0	0.00016504536072407998
11176.0	15.0	1.0	0.0	9.626882473626688e-05
11191.0	15.0	1.0	0.0	6.04405403137207e-05
11206.0	15.0	1.0	0.0	5.013850529988606e-05
11221.0	15.0	1.0	0.0	3.7036307652791334e-05
11236.0	15.0	1.0	0.0	7.752030690508853e-05
11251.0	15.0	1.0	0.0	9.417686462400048e-05
11266.0	15.0	1.0	0.0	0.00012245982487992
11281.0	15.0	1.0	0.0	0.00013904800415034667
11296.0	15.0	1.0	0.0	0.00028524080912266657
11311.0	15.0	1.0	0.0	0.0004978675206501667
11326.0	15.0	1.0	0.0	0.00096731872558588
11341.0	15.0	1.0	0.0	0.0021868868509927935
11356.0	15.0	1.0	0.0	0.00257340901692702
11371.0	15.0	1.0	0.0	0.0021272837320963135
11386.0	15.0	1.0	0.0	0.001807604980468687
11401.0	15.0	1.0	0.0	0.0016296559651692198
11416.0	15.0	1.0	0.0	0.0008154500325520265
11431.0	15.0	1.0	0.0	0.0004149241129556933
11446.0	15.0	1.0	0.0	0.00024039408365881336
11461.0	15.0	1.0	0.0	0.00014989013671871997
11476.0	15.0	1.0	0.0	0.00010921834309894415
11491.0	15.0	1.0	0.0	7.380879720052083e-05
11506.0	15.0	1.0	0.0	4.58831787109375e-05
11521.0	15.0	1.0	0.0	3.152669270833334e-05
11536.0	15.0	1.0	0.0	2.2802213827768964e-05
11551.0	15.0	1.0	0.0	3.145968119303154e-05
11566.0	15.0	1.0	0.0	2.7061267693831773e-05
11581.0	15.0	1.0	0.0	1.8850159645080566e-05
11596.0	15.0	1.0	0.0	2.3708717028299973e-05
11611.0	15.0	1.0	0.0	2.7856222788492836e-05
11626.0	15.0	1.0	0.0	3.1305535634358725e-05
11641.0	15.0	1.0	0.0	5.842103958129227e-05
11656.0	15.0	1.0	0.0	0.0003861938158670534
11671.0	15.0	1.0	0.0	0.0009172899246215466
11686.0	15.0	1.0	0.0	0.0008836006164550332
11701.0	15.0	1.0	0.0	0.00057926228841142
11716.0	15.0	1.0	0.0	0.00043905792236322656
11731.0	15.0	1.0	0.0	0.00033680750528966
11746.0	15.0	1.0	0.0	0.0003728495279947333
11761.0	15.0	1.0	0.0	0.00047164688110345337
11776.0	15.0	1.0	0.0	0.00044594217936193335
11791.0	15.0	1.0	0.0	0.0006977208455403132
11806.0	15.0	1.0	0.0	0.0004151301066080467
11821.0	15.0	1.0	0.0	0.00026461130777990664
11836.0	15.0	1.0	0.0	0.0002967834472655733
11851.0	15.0	1.0	0.0	0.00017558390299475334
11866.0	15.0	1.0	0.0	8.58535766601425e-05
11881.0	15.0	1.0	0.0	4.916076660156251e-05
11896.0	15.0	1.0	0.0	3.158600330352784e-05
11911.0	15.0	1.0	0.0	3.653552134831152e-05
11926.0	15.0	1.0	0.0	1.9301338990529376e-05
11941.0	15.0	1.0	0.0	1.4628537495930993e-05
11956.0	15.0	1.0	0.0	1.2157837549845377e-05
11971.0	15.0	1.0	0.0	1.0131557782491046e-05
11986.0	15.0	1.0	0.0	9.584633509318036e-06
12001.0	15.0	1.0	0.0	7.190617720284807e-05
12016.0	15.0	1.0	0.0	8.366564114887331e-05
12031.0	15.0	1.0	0.0	0.0005098069508869934
12046.0	15.0	1.0	0.0	0.002207571919759067
12061.0	15.0	1.0	0.0	0.0015915247599283268
12076.0	15.0	1.0	0.0	0.0007711853027343334
12091.0	15.0	1.0	0.0	0.0008616465250650734
12106.0	15.0	1.0	0.0	0.0013690877278645268
12121.0	15.0	1.0	0.0	0.0013117187499999535
12136.0	15.0	1.0	0.0	0.0010066619873046465
12151.0	15.0	1.0	0.0	0.0017136393229166202
12166.0	15.0	1.0	0.0	0.0012582214355468396
12181.0	15.0	1.0	0.0	0.0003685546874999534
12196.0	15.0	1.0	0.0	0.00018443908691401329
12211.0	15.0	1.0	0.0	9.423217773436248e-05
12226.0	15.0	1.0	0.0	5.20599365234375e-05
12241.0	15.0	1.0	0.0	3.241068522135417e-05
12256.0	15.0	1.0	0.0	3.726397554079692e-05
12271.0	15.0	1.0	0.0	2.162636319796244e-05
12286.0	15.0	1.0	0.0	1.6416585445404053e-05
12301.0	15.0	1.0	0.0	2.4382654825846353e-05
12316.0	15.0	1.0	0.0	2.0741542180379226e-05
12331.0	15.0	1.0	0.0	1.2541421254475912e-05
12346.0	15.0	1.0	0.0	1.3547849655151367e-05
12361.0	15.0	1.0	0.0	2.64436403910319e-05
12376.0	15.0	1.0	0.0	1.5963125228881836e-05
12391.0	15.0	1.0	0.0	5.214393933613926e-05
12406.0	15.0	1.0	0.0	3.94495964050293e-05
12421.0	15.0	1.0	0.0	4.739491144816081e-05
12436.0	15.0	1.0	0.0	0.00020057725906366
12451.0	15.0	1.0	0.0	0.00045080598195387995
12466.0	15.0	1.0	0.0	0.0007895025253295466
12481.0	15.0	1.0	0.0	0.0005000099182128533
12496.0	15.0	1.0	0.0	0.0011359115600585402
12511.0	15.0	1.0	0.0	0.00119842453002924
12526.0	15.0	1.0	0.0	0.0016006184895832804
12541.0	15.0	1.0	0.0	0.0006522908528645533
12556.0	15.0	1.0	0.0	0.0004190867106119267
12571.0	15.0	1.0	0.0	0.00018845926920568664
12586.0	15.0	1.0	0.0	9.143931070961707e-05
12601.0	15.0	1.0	0.0	5.1478068033854155e-05
12616.0	15.0	1.0	0.0	3.166859944661459e-05
12631.0	15.0	1.0	0.0	2.12926963965098e-05
12646.0	15.0	1.0	0.0	1.5300124883651735e-05
12661.0	15.0	1.0	0.0	1.5862218538920082e-05
12676.0	15.0	1.0	0.0	1.2109311421712239e-05
12691.0	15.0	1.0	0.0	9.812573591868083e-06
12706.0	15.0	1.0	0.0	8.90195369720459e-06
12721.0	15.0	1.0	0.0	7.746926943461099e-06
12736.0	15.0	1.0	0.0	1.4418443044026694e-05
12751.0	15.0	1.0	0.0	0.00015831286907192198
12766.0	15.0	1.0	0.0	0.00010314784049984346
12781.0	15.0	1.0	0.0	0.0003608228683471267
12796.0	15.0	1.0	0.0	0.001215866915384887
12811.0	15.0	1.0	0.0	0.0015956762949625068
12826.0	15.0	1.0	0.0	0.0012937428792317133
12841.0	15.0	1.0	0.0	0.0020901687622069667
12856.0	15.0	1.0	0.0	0.0026288482666015195
12871.0	15.0	1.0	0.0	0.0009860107421874602
12886.0	15.0	1.0	0.0	0.00054958089192704
12901.0	15.0	1.0	0.0	0.00031082967122391997
12916.0	15.0	1.0	0.0	0.00012515970865883082
12931.0	15.0	1.0	0.0	6.145222981770834e-05
12946.0	15.0	1.0	0.0	3.5889689127604165e-05
12961.0	15.0	1.0	0.0	2.3248291015624994e-05
12976.0	15.0	1.0	0.0	1.6182454427083333e-05
12991.0	15.0	1.0	0.0	1.2214483817418419e-05
13006.0	15.0	1.0	0.0	1.067235271135966e-05
13021.0	15.0	1.0	0.0	7.6349933942159e-06
13036.0	15.0	1.0	0.0	6.335725386937459e-06
13051.0	15.0	1.0	0.0	7.275289297103881e-06
13066.0	15.0	1.0	0.0	5.542957782745362e-06
13081.0	15.0	1.0	0.0	5.443167686462402e-06
13096.0	15.0	1.0	0.0	5.5857380231221524e-06
13111.0	15.0	1.0	0.0	5.62377373377482e-06
13126.0	15.0	1.0	0.0	4.2548644542688346e-05
13141.0	15.0	1.0	0.0	0.00010958136717476178
13156.0	15.0	1.0	0.0	0.00025876169204706666
13171.0	15.0	1.0	0.0	0.0003197969754536401
13186.0	15.0	1.0	0.0	0.0002897047678629133
13201.0	15.0	1.0	0.0	0.0006976512908935066
13216.0	15.0	1.0	0.0	0.0007355723063150467
13231.0	15.0	1.0	0.0	0.0010089312235513866
13246.0	15.0	1.0	0.0	0.0005676264444986533
13261.0	15.0	1.0	0.0	0.0004308471679686933
13276.0	15.0	1.0	0.0	0.00022102864583328668
13291.0	15.0	1.0	0.0	0.00011060434977209917
13306.0	15.0	1.0	0.0	5.9689331054687506e-05
13321.0	15.0	1.0	0.0	3.555196126302084e-05
13336.0	15.0	1.0	0.0	2.3686218261718754e-05
13351.0	15.0	1.0	0.0	1.8441563347975414e-05
13366.0	15.0	1.0	0.0	1.3507493833700816e-05
13381.0	15.0	1.0	0.0	1.2069644530614216e-05
13396.0	15.0	1.0	0.0	3.930247227350449e-05
13411.0	15.0	1.0	0.0	1.0673872629801432e-05
13426.0	15.0	1.0	0.0	2.537749608357219e-05
13441.0	15.0	1.0	0.0	7.635901769001383e-05
13456.0	15.0	1.0	0.0	3.382248878479004e-05
13471.0	15.0	1.0	0.0	6.541159947713217e-05
13486.0	15.0	1.0	0.0	0.00011043370564773785
13501.0	15.0	1.0	0.0	0.00035026000340775327
13516.0	15.0	1.0	0.0	0.0007133729298909069
13531.0	15.0	1.0	0.0	0.0005512847900390135
13546.0	15.0	1.0	0.0	0.0004238469441731333
13561.0	15.0	1.0	0.0	0.00037583389282221997
13576.0	15.0	1.0	0.0	0.0004510350545246933
13591.0	15.0	1.0	0.0	0.0005108355204263866
13606.0	15.0	1.0	0.0	0.0006085993448892733
13621.0	15.0	1.0	0.0	0.0006819580078124668
13636.0	15.0	1.0	0.0	0.0005015691121418866
13651.0	15.0	1.0	0.0	0.0007958114624022999
13666.0	15.0	1.0	0.0	0.0006092768351236466
13681.0	15.0	1.0	0.0	0.0005091944376627133
13696.0	15.0	1.0	0.0	0.0004130772908528266
13711.0	15.0	1.0	0.0	0.00039739227294916673
13726.0	15.0	1.0	0.0	0.00022763169606519998
13741.0	15.0	1.0	0.0	0.00010978794097896205
13756.0	15.0	1.0	0.0	5.803318023681641e-05
13771.0	15.0	1.0	0.0	3.5554440816243485e-05
13786.0	15.0	1.0	0.0	2.4981403350830082e-05
13801.0	15.0	1.0	0.0	4.625005722045628e-05
13816.0	15.0	1.0	0.0	2.8597672780354818e-05
13831.0	15.0	1.0	0.0	6.804157892861652e-05
13846.0	15.0	1.0	0.0	9.571291605628642e-05
13861.0	15.0	1.0	0.0	0.00016136048634841335
13876.0	15.0	1.0	0.0	0.00032117697397862003
13891.0	15.0	1.0	0.0	0.00036124610900874
13906.0	15.0	1.0	0.0	0.00033700383504226667
13921.0	15.0	1.0	0.0	0.0008650633494058734
13936.0	15.0	1.0	0.0	0.0005644142150878533
13951.0	15.0	1.0	0.0	0.00036273295084629335
13966.0	15.0	1.0	0.0	0.00023684794108066667
13981.0	15.0	1.0	0.0	0.00017920176188144667
13996.0	15.0	1.0	0.0	0.00017623469034826666
14011.0	15.0	1.0	0.0	0.00012280756632482542
14026.0	15.0	1.0	0.0	7.2021484375e-05
14041.0	15.0	1.0	0.0	4.2045593261718744e-05
14056.0	15.0	1.0	0.0	2.66143798828125e-05
14071.0	15.0	1.0	0.0	1.8535359700520835e-05
14086.0	15.0	1.0	0.0	1.3624499738216397e-05
14101.0	15.0	1.0	0.0	1.069348802169164e-05
14116.0	15.0	1.0	0.0	8.43624273935954e-06
14131.0	15.0	1.0	0.0	6.939911842346191e-06
14146.0	15.0	1.0	0.0	5.961012840270996e-06
14161.0	15.0	1.0	0.0	5.033334096272787e-06
14176.0	15.0	1.0	0.0	0.0001152982870737521
14191.0	15.0	1.0	0.0	0.00024139822324112
14206.0	15.0	1.0	0.0	0.0003918558756509934
14221.0	15.0	1.0	0.0	0.0016429155985513866
14236.0	15.0	1.0	0.0	0.00300981038411454
14251.0	15.0	1.0	0.0	0.0015748082478840664
14266.0	15.0	1.0	0.0	0.00126430460611976
14281.0	15.0	1.0	0.0	0.0021863464355468334
14296.0	15.0	1.0	0.0	0.0016302124023437
14311.0	15.0	1.0	0.0	0.0016901855468749664
14326.0	15.0	1.0	0.0	0.0012019541422525664
14341.0	15.0	1.0	0.0	0.0005148752848306867
14356.0	15.0	1.0	0.0	0.0002335174560546467
14371.0	15.0	1.0	0.0	0.00011260579427080249
14386.0	15.0	1.0	0.0	7.103983561197916e-05
14401.0	15.0	1.0	0.0	5.843200683593166e-05
14416.0	15.0	1.0	0.0	3.823750813802084e-05
14431.0	15.0	1.0	0.0	2.86712646484375e-05
14446.0	15.0	1.0	0.0	2.2008024404446285e-05
14461.0	15.0	1.0	0.0	1.6579355051120125e-05
14476.0	15.0	1.0	0.0	1.2777586778004964e-05
14491.0	15.0	1.0	0.0	1.0245100657145182e-05
14506.0	15.0	1.0	0.0	8.136510848999024e-06
14521.0	15.0	1.0	0.0	3.1330557664235435e-05
14536.0	15.0	1.0	0.0	3.4403141339619956e-05
14551.0	15.0	1.0	0.0	2.3239485422770176e-05
14566.0	15.0	1.0	0.0	3.616491953531901e-05
14581.0	15.0	1.0	0.0	0.0001223590215046833
14596.0	15.0	1.0	0.0	0.00029627984364822
14611.0	15.0	1.0	0.0	0.0009063731511433468
14626.0	15.0	1.0	0.0	0.0010555783589680536
14641.0	15.0	1.0	0.0	0.0012039293924966934
14656.0	15.0	1.0	0.0	0.00100794754028316
14671.0	15.0	1.0	0.0	0.00062486165364578
14686.0	15.0	1.0	0.0	0.0009636973063150534
14701.0	15.0	1.0	0.0	0.00101437733968094
14716.0	15.0	1.0	0.0	0.0013068267822265135
14731.0	15.0	1.0	0.0	0.0006870035807291265
14746.0	15.0	1.0	0.0	0.0004311818440754733
14761.0	15.0	1.0	0.0	0.00018877258300776668
14776.0	15.0	1.0	0.0	8.757832845051167e-05
14791.0	15.0	1.0	0.0	4.9792480468750005e-05
14806.0	15.0	1.0	0.0	3.154805501302083e-05
14821.0	15.0	1.0	0.0	2.1615668137868242e-05
14836.0	15.0	1.0	0.0	1.587140162785848e-05
14851.0	15.0	1.0	0.0	1.2584507465362553e-05
14866.0	15.0	1.0	0.0	9.66004530588786e-06
14881.0	15.0	1.0	0.0	1.4961755275726319e-05
14896.0	15.0	1.0	0.0	1.6870109240214032e-05
14911.0	15.0	1.0	0.0	1.0294334093729656e-05
14926.0	15.0	1.0	0.0	0.0001238809585570999
14941.0	15.0	1.0	0.0	0.0002146864255268981
14956.0	15.0	1.0	0.0	0.0007795011202493934
14971.0	15.0	1.0	0.0	0.001702420425415
14986.0	15.0	1.0	0.0	0.0017765357971190798
15001.0	15.0	1.0	0.0	0.0013449061075845733
15016.0	15.0	1.0	0.0	0.0012134180704752135
15031.0	15.0	1.0	0.0	0.0011052266438801668
15046.0	15.0	1.0	0.0	0.0004600723266601199
15061.0	15.0	1.0	0.0	0.0003719024658202734
15076.0	15.0	1.0	0.0	0.00036491190592444005
15091.0	15.0	1.0	0.0	0.00022790425618485333
15106.0	15.0	1.0	0.0	0.00013695068359370667
15121.0	15.0	1.0	0.0	8.709106445311502e-05
15136.0	15.0	1.0	0.0	4.827168782552084e-05
15151.0	15.0	1.0	0.0	2.9386393229166666e-05
15166.0	15.0	1.0	0.0	3.322957356770666e-05
15181.0	15.0	1.0	0.0	2.414137025674185e-05
15196.0	15.0	1.0	0.0	1.5119740366935728e-05
15211.0	15.0	1.0	0.0	1.2240858872731529e-05
15226.0	15.0	1.0	0.0	3.796929915745488e-05
15241.0	15.0	1.0	0.0	2.3960185050964353e-05
15256.0	15.0	1.0	0.0	2.5830117861429846e-05
15271.0	15.0	1.0	0.0	9.646066824592895e-05
15286.0	15.0	1.0	0.0	8.802720705667723e-05
15301.0	15.0	1.0	0.0	0.00014438123702998
15316.0	15.0	1.0	0.0	0.00027491900126133337
15331.0	15.0	1.0	0.0	0.0007572196324665866
15346.0	15.0	1.0	0.0	0.0011658307393391401
15361.0	15.0	1.0	0.0	0.0023172215779622
15376.0	15.0	1.0	0.0	0.0020661305745442063
15391.0	15.0	1.0	0.0	0.00117223968505854
15406.0	15.0	1.0	0.0	0.0008917755126952733
15421.0	15.0	1.0	0.0	0.0017653717041015197
15436.0	15.0	1.0	0.0	0.0022237538655598397
15451.0	15.0	1.0	0.0	0.002021207682291613
15466.0	15.0	1.0	0.0	0.0014612487792968268
15481.0	15.0	1.0	0.0	0.00100106709798174
15496.0	15.0	1.0	0.0	0.00029836425781246654
15511.0	15.0	1.0	0.0	0.000153086344401
15526.0	15.0	1.0	0.0	8.166097005207832e-05
15541.0	15.0	1.0	0.0	4.55112670858701e-05
15556.0	15.0	1.0	0.0	2.835575590531031e-05
15571.0	15.0	1.0	0.0	1.9328602155049644e-05
15586.0	15.0	1.0	0.0	0.00036567233800884004
15601.0	15.0	1.0	0.0	0.00024891312917068
15616.0	15.0	1.0	0.0	0.00082974243164058
15631.0	15.0	1.0	0.0	0.00120310859680172
15646.0	15.0	1.0	0.0	0.0009145741780598532
15661.0	15.0	1.0	0.0	0.002492872619628867
15676.0	15.0	1.0	0.0	0.0030140721638996994
15691.0	15.0	1.0	0.0	0.0018766571044921405
15706.0	15.0	1.0	0.0	0.0016221201578775534
15721.0	15.0	1.0	0.0	0.0011942321777343265
15736.0	15.0	1.0	0.0	0.0017133900960286134
15751.0	15.0	1.0	0.0	0.002334706624348913
15766.0	15.0	1.0	0.0	0.00198445434570308
15781.0	15.0	1.0	0.0	0.00121252441406246
15796.0	15.0	1.0	0.0	0.0007410217285155999
15811.0	15.0	1.0	0.0	0.0005294453938801667
15826.0	15.0	1.0	0.0	0.0002866658528645533
15841.0	15.0	1.0	0.0	0.0002020467122395466
15856.0	15.0	1.0	0.0	0.00011212361653643834
15871.0	15.0	1.0	0.0	6.461181640624832e-05
15886.0	15.0	1.0	0.0	4.2022705078125e-05
15901.0	15.0	1.0	0.0	3.0232747395833334e-05
15916.0	15.0	1.0	0.0	2.177748680114746e-05
15931.0	15.0	1.0	0.0	1.611744960149129e-05
15946.0	15.0	1.0	0.0	1.2450929482777915e-05
15961.0	15.0	1.0	0.0	9.87404982248942e-06
15976.0	15.0	1.0	0.0	7.914515336354574e-06
15991.0	15.0	1.0	0.0	7.92181889216105e-06
16006.0	15.0	1.0	0.0	1.5042885144551595e-05
16021.0	15.0	1.0	0.0	1.2189873059590658e-05
16036.0	15.0	1.0	0.0	7.093127568562825e-06
16051.0	15.0	1.0	0.0	7.28301207224528e-06
16066.0	15.0	1.0	0.0	5.092347462970887e-05
16081.0	15.0	1.0	0.0	0.0001814113775888533
16096.0	15.0	1.0	0.0	0.0004221640904743933
16111.0	15.0	1.0	0.0	0.001931277275085393
16126.0	15.0	1.0	0.0	0.002021200052897087
16141.0	15.0	1.0	0.0	0.0016003423055012465
16156.0	15.0	1.0	0.0	0.0013542607625325134
16171.0	15.0	1.0	0.0	0.0005930221557616666
16186.0	15.0	1.0	0.0	0.0002894561767577667
16201.0	15.0	1.0	0.0	0.00015880737304682665
16216.0	15.0	1.0	0.0	9.22749837239425e-05
16231.0	15.0	1.0	0.0	5.2086385091145836e-05
16246.0	15.0	1.0	0.0	3.2081095377604164e-05
16261.0	15.0	1.0	0.0	2.143046061197917e-05
16276.0	15.0	1.0	0.0	1.5401307741800942e-05
16291.0	15.0	1.0	0.0	1.1673319339752197e-05
16306.0	15.0	1.0	0.0	9.11919077237447e-06
16321.0	15.0	1.0	0.0	7.278345028559366e-06
16336.0	15.0	1.0	0.0	6.11871878306071e-06
16351.0	15.0	1.0	0.0	4.149684906005131e-05
16366.0	15.0	1.0	0.0	9.658653736112641e-05
16381.0	15.0	1.0	0.0	3.0531406402587896e-05
16396.0	15.0	1.0	0.0	2.8839413324991864e-05
16411.0	15.0	1.0	0.0	2.830886840820312e-05
16426.0	15.0	1.0	0.0	5.03859996795648e-05
16441.0	15.0	1.0	0.0	0.0002484382311502648
16456.0	15.0	1.0	0.0	0.0010410638173420602
16471.0	15.0	1.0	0.0	0.0013706738789875802
16486.0	15.0	1.0	0.0	0.00172468541463212
16501.0	15.0	1.0	0.0	0.001994211832682247
16516.0	15.0	1.0	0.0	0.0014054997762043733
16531.0	15.0	1.0	0.0	0.0005222106933593268
16546.0	15.0	1.0	0.0	0.00022604777018226665
16561.0	15.0	1.0	0.0	0.00017696329752598668
16576.0	15.0	1.0	0.0	0.0001937571207681867
16591.0	15.0	1.0	0.0	0.00011229553222654084
16606.0	15.0	1.0	0.0	6.101989746093751e-05
16621.0	15.0	1.0	0.0	3.584391276041666e-05
16636.0	15.0	1.0	0.0	2.3371200760205586e-05
16651.0	15.0	1.0	0.0	1.6582944989204406e-05
16666.0	15.0	1.0	0.0	1.2342093388239541e-05
16681.0	15.0	1.0	0.0	3.340860406557718e-05
16696.0	15.0	1.0	0.0	1.2949395179748534e-05
16711.0	15.0	1.0	0.0	5.049699147541495e-05
16726.0	15.0	1.0	0.0	0.0002805142402648528
16741.0	15.0	1.0	0.0	0.0017018515586852598
16756.0	15.0	1.0	0.0	0.0012263211568196131
16771.0	15.0	1.0	0.0	0.0008013160705565934
16786.0	15.0	1.0	0.0	0.0007816767374674
16801.0	15.0	1.0	0.0	0.0019344853719075134
16816.0	15.0	1.0	0.0	0.0016197377522786
16831.0	15.0	1.0	0.0	0.0010995361328124597
16846.0	15.0	1.0	0.0	0.0008301869710286066
16861.0	15.0	1.0	0.0	0.0010370107014973466
16876.0	15.0	1.0	0.0	0.0010987691243489134
16891.0	15.0	1.0	0.0	0.0004111806233723401
16906.0	15.0	1.0	0.0	0.00018001505533850003
16921.0	15.0	1.0	0.0	0.00012318318684890667
16936.0	15.0	1.0	0.0	9.69858805338225e-05
16951.0	15.0	1.0	0.0	5.86456298828125e-05
16966.0	15.0	1.0	0.0	3.5174560546874995e-05
16981.0	15.0	1.0	0.0	2.3158772786458337e-05
16996.0	15.0	1.0	0.0	1.62567138671875e-05
17011.0	15.0	1.0	0.0	1.2026582161585489e-05
17026.0	15.0	1.0	0.0	9.536908070246379e-06
17041.0	15.0	1.0	0.0	7.690433661142984e-06
17056.0	15.0	1.0	0.0	2.7130146821339926e-05
17071.0	15.0	1.0	0.0	1.1959266662597658e-05
17086.0	15.0	1.0	0.0	2.844115098317464e-05
17101.0	15.0	1.0	0.0	1.4088678359985355e-05
17116.0	15.0	1.0	0.0	5.646579265594032e-05
17131.0	15.0	1.0	0.0	0.00025262452761327334
17146.0	15.0	1.0	0.0	0.0005902691205342134
17161.0	15.0	1.0	0.0	0.0008219579696654734
17176.0	15.0	1.0	0.0	0.0010257221221923265
17191.0	15.0	1.0	0.0	0.00155391133626298
17206.0	15.0	1.0	0.0	0.0015896326700845732
17221.0	15.0	1.0	0.0	0.001422471110026
17236.0	15.0	1.0	0.0	0.0013773468017577665
17251.0	15.0	1.0	0.0	0.00061860961914058
17266.0	15.0	1.0	0.0	0.00024495239257808
17281.0	15.0	1.0	0.0	0.00011136779785154166
17296.0	15.0	1.0	0.0	5.823567708333333e-05
17311.0	15.0	1.0	0.0	3.448384602864584e-05
17326.0	15.0	1.0	0.0	2.21466064453125e-05
17341.0	15.0	1.0	0.0	1.6685994466145835e-05
17356.0	15.0	1.0	0.0	1.2202962239583334e-05
17371.0	15.0	1.0	0.0	9.449207782745359e-06
17386.0	15.0	1.0	0.0	7.998116811116535e-06
17401.0	15.0	1.0	0.0	6.458858648935954e-06
17416.0	15.0	1.0	0.0	8.049448331197103e-06
17431.0	15.0	1.0	0.0	0.00011079108715054762
17446.0	15.0	1.0	0.0	5.375741322834043e-05
17461.0	15.0	1.0	0.0	3.133673667907715e-05
17476.0	15.0	1.0	0.0	5.9810765584309894e-05
17491.0	15.0	1.0	0.0	6.491308212280275e-05
17506.0	15.0	1.0	0.0	0.0001342096646626437
17521.0	15.0	1.0	0.0	0.00045403823852532664
17536.0	15.0	1.0	0.0	0.00138499609629308
17551.0	15.0	1.0	0.0	0.00099997100830072
17566.0	15.0	1.0	0.0	0.00066392440795894
17581.0	15.0	1.0	0.0	0.0023533882141112735
17596.0	15.0	1.0	0.0	0.0017891988118489128
17611.0	15.0	1.0	0.0	0.0012874781290689598
17626.0	15.0	1.0	0.0	0.0009405670166015065
17641.0	15.0	1.0	0.0	0.00049130147298172
17656.0	15.0	1.0	0.0	0.00023916727701818666
17671.0	15.0	1.0	0.0	0.00021813964843746665
17686.0	15.0	1.0	0.0	0.000213193766276
17701.0	15.0	1.0	0.0	0.00010255025227861751
17716.0	15.0	1.0	0.0	6.820678710937332e-05
17731.0	15.0	1.0	0.0	4.2391503602266315e-05
17746.0	15.0	1.0	0.0	3.260247235496838e-05
17761.0	15.0	1.0	0.0	2.310418287913005e-05
17776.0	15.0	1.0	0.0	1.7690277099609373e-05
17791.0	15.0	1.0	0.0	1.7007652918497722e-05
17806.0	15.0	1.0	0.0	1.7166996002197267e-05
17821.0	15.0	1.0	0.0	1.2297113736470541e-05
17836.0	15.0	1.0	0.0	8.522604306537481e-05
17851.0	15.0	1.0	0.0	0.00013708365758258062
17866.0	15.0	1.0	0.0	0.00040080029169713995
17881.0	15.0	1.0	0.0	0.00078458588918046
17896.0	15.0	1.0	0.0	0.0014893596649169533
17911.0	15.0	1.0	0.0	0.0011121386210123131
17926.0	15.0	1.0	0.0	0.0013841252644856267
17941.0	15.0	1.0	0.0	0.0015829086303710536
17956.0	15.0	1.0	0.0	0.0008890696207681866
17971.0	15.0	1.0	0.0	0.0006141179402668867
17986.0	15.0	1.0	0.0	0.00048889465332026
18001.0	15.0	1.0	0.0	0.0004776316324869334
18016.0	15.0	1.0	0.0	0.0003336395263671533
18031.0	15.0	1.0	0.0	0.00017078450520830672
18046.0	15.0	1.0	0.0	8.529866536457085e-05
18061.0	15.0	1.0	0.0	4.698689778645833e-05
18076.0	15.0	1.0	0.0	2.9338582356770838e-05
18091.0	15.0	1.0	0.0	2.0007324218749995e-05
18106.0	15.0	1.0	0.0	1.4670642217000329e-05
18121.0	15.0	1.0	0.0	1.1156090100606282e-05
18136.0	15.0	1.0	0.0	8.72990091641744e-06
18151.0	15.0	1.0	0.0	6.992743412653605e-06
18166.0	15.0	1.0	0.0	5.779182910919189e-06
18181.0	15.0	1.0	0.0	4.8815727233886715e-06
18196.0	15.0	1.0	0.0	1.1894508202870687e-05
18211.0	15.0	1.0	0.0	3.427985111871802e-05
18226.0	15.0	1.0	0.0	0.00021712838808689335
18241.0	15.0	1.0	0.0	0.0006833260536193268
18256.0	7.0	1.0	0.0	0.0007001702444893572
