stress_period	sp_length	time_step	study (0 : TS or 1 : SS)	rech
0.0	1.0	1.0	1.0	0.0008005827521022097
7306.0	7.0	1.0	0.0	0.0
7313.0	7.0	1.0	0.0	1.1428571428571427e-05
7320.0	7.0	1.0	0.0	3.285714285714286e-05
7327.0	7.0	1.0	0.0	0.0
7334.0	7.0	1.0	0.0	1.4285714285714286e-06
7341.0	7.0	1.0	0.0	0.0
7348.0	7.0	1.0	0.0	0.0
7355.0	7.0	1.0	0.0	1.2857142857142857e-05
7362.0	7.0	1.0	0.0	2.571428571428571e-05
7369.0	7.0	1.0	0.0	5.7142857142857145e-06
7376.0	7.0	1.0	0.0	7.1428571428571436e-06
7383.0	7.0	1.0	0.0	1.7142857142857142e-05
7390.0	7.0	1.0	0.0	0.0005771428571428571
7397.0	7.0	1.0	0.0	0.0004428571428571429
7404.0	7.0	1.0	0.0	0.00037
7411.0	7.0	1.0	0.0	0.00031
7418.0	7.0	1.0	0.0	0.0005828571428571428
7425.0	7.0	1.0	0.0	0.00109
7432.0	7.0	1.0	0.0	0.0010157142857142858
7439.0	7.0	1.0	0.0	0.0007271428571428573
7446.0	7.0	1.0	0.0	0.00132
7453.0	7.0	1.0	0.0	0.0032028571428571427
7460.0	7.0	1.0	0.0	0.0038257142857142856
7467.0	7.0	1.0	0.0	0.0036499999999999996
7474.0	7.0	1.0	0.0	0.0018371428571428573
7481.0	7.0	1.0	0.0	0.0004828571428571429
7488.0	7.0	1.0	0.0	7.1428571428571436e-06
7495.0	7.0	1.0	0.0	0.00020999999999999998
7502.0	7.0	1.0	0.0	0.0020785714285714288
7509.0	7.0	1.0	0.0	0.001787142857142857
7516.0	7.0	1.0	0.0	0.0009557142857142855
7523.0	7.0	1.0	0.0	0.0006485714285714287
7530.0	7.0	1.0	0.0	0.00034428571428571424
7537.0	7.0	1.0	0.0	0.00017857142857142854
7544.0	7.0	1.0	0.0	3.428571428571429e-05
7551.0	7.0	1.0	0.0	9.142857142857142e-05
7558.0	7.0	1.0	0.0	0.0
7565.0	7.0	1.0	0.0	3e-05
7572.0	7.0	1.0	0.0	0.00020428571428571428
7579.0	7.0	1.0	0.0	0.00011571428571428572
7586.0	7.0	1.0	0.0	0.0
7593.0	7.0	1.0	0.0	1.4285714285714286e-06
7600.0	7.0	1.0	0.0	0.0
7607.0	7.0	1.0	0.0	9.999999999999999e-06
7614.0	7.0	1.0	0.0	0.00010142857142857143
7621.0	7.0	1.0	0.0	7.714285714285714e-05
7628.0	7.0	1.0	0.0	0.0001542857142857143
7635.0	7.0	1.0	0.0	3e-05
7642.0	7.0	1.0	0.0	8.571428571428573e-06
7649.0	7.0	1.0	0.0	3.285714285714286e-05
7656.0	7.0	1.0	0.0	1e-05
7663.0	7.0	1.0	0.0	1.1428571428571429e-05
7670.0	7.0	1.0	0.0	0.00014285714285714287
9138.0	7.0	1.0	0.0	4.2857142857142855e-06
9145.0	7.0	1.0	0.0	0.0
9152.0	7.0	1.0	0.0	1e-05
9159.0	7.0	1.0	0.0	4.285714285714286e-05
9166.0	7.0	1.0	0.0	0.00015571428571428572
9173.0	7.0	1.0	0.0	0.00031857142857142853
9180.0	7.0	1.0	0.0	4.285714285714286e-06
9187.0	7.0	1.0	0.0	0.0001742857142857143
9194.0	7.0	1.0	0.0	0.00015142857142857143
9201.0	7.0	1.0	0.0	0.0
9208.0	7.0	1.0	0.0	7.1428571428571436e-06
9215.0	7.0	1.0	0.0	8.428571428571429e-05
9222.0	7.0	1.0	0.0	0.0
9229.0	7.0	1.0	0.0	0.00013285714285714284
9236.0	7.0	1.0	0.0	0.00016714285714285716
9243.0	7.0	1.0	0.0	0.0002328571428571429
9250.0	7.0	1.0	0.0	0.00040714285714285717
9257.0	7.0	1.0	0.0	1.4285714285714286e-06
9264.0	7.0	1.0	0.0	0.00011857142857142858
9271.0	7.0	1.0	0.0	0.0007842857142857141
9278.0	7.0	1.0	0.0	0.0017514285714285715
9285.0	7.0	1.0	0.0	0.0014957142857142858
9292.0	7.0	1.0	0.0	0.0015342857142857142
9299.0	7.0	1.0	0.0	0.0002942857142857143
9306.0	7.0	1.0	0.0	0.00043571428571428575
9313.0	7.0	1.0	0.0	2.5714285714285714e-05
9320.0	7.0	1.0	0.0	0.0020742857142857147
9327.0	7.0	1.0	0.0	0.00213
9334.0	7.0	1.0	0.0	0.002415714285714286
9341.0	7.0	1.0	0.0	0.0017057142857142857
9348.0	7.0	1.0	0.0	0.00015571428571428572
9355.0	7.0	1.0	0.0	6.428571428571429e-05
9362.0	7.0	1.0	0.0	0.00039714285714285714
9369.0	7.0	1.0	0.0	0.00017285714285714287
9376.0	7.0	1.0	0.0	0.0
9383.0	7.0	1.0	0.0	4e-05
9390.0	7.0	1.0	0.0	0.00027142857142857144
9397.0	7.0	1.0	0.0	0.0001
9404.0	7.0	1.0	0.0	0.0003257142857142857
9411.0	7.0	1.0	0.0	8.857142857142857e-05
9418.0	7.0	1.0	0.0	0.00013571428571428572
9425.0	7.0	1.0	0.0	0.0002785714285714286
9432.0	7.0	1.0	0.0	0.0
9439.0	7.0	1.0	0.0	8.285714285714286e-05
9446.0	7.0	1.0	0.0	0.0
9453.0	7.0	1.0	0.0	3.285714285714286e-05
9460.0	7.0	1.0	0.0	2.8571428571428573e-06
9467.0	7.0	1.0	0.0	4e-05
9474.0	7.0	1.0	0.0	5.7142857142857145e-06
9481.0	7.0	1.0	0.0	0.0
9488.0	7.0	1.0	0.0	0.0
9495.0	7.0	1.0	0.0	3.285714285714286e-05
10963.0	7.0	1.0	0.0	0.0
10970.0	7.0	1.0	0.0	2e-05
10977.0	7.0	1.0	0.0	1.7142857142857142e-05
10984.0	7.0	1.0	0.0	4.428571428571428e-05
10991.0	7.0	1.0	0.0	1.2857142857142857e-05
10998.0	7.0	1.0	0.0	5.7142857142857145e-06
11005.0	7.0	1.0	0.0	7.857142857142858e-05
11012.0	7.0	1.0	0.0	0.00015714285714285716
11019.0	7.0	1.0	0.0	0.00013857142857142857
11026.0	7.0	1.0	0.0	0.00077
11033.0	7.0	1.0	0.0	0.0009342857142857142
11040.0	7.0	1.0	0.0	0.0009357142857142856
11047.0	7.0	1.0	0.0	0.0033528571428571427
11054.0	7.0	1.0	0.0	0.009534285714285716
11061.0	7.0	1.0	0.0	0.011264285714285715
11068.0	7.0	1.0	0.0	0.009702857142857142
11075.0	7.0	1.0	0.0	0.005228571428571429
11082.0	7.0	1.0	0.0	0.002305714285714286
11089.0	7.0	1.0	0.0	0.002647142857142857
11096.0	7.0	1.0	0.0	0.003481428571428572
11103.0	7.0	1.0	0.0	0.0016157142857142859
11110.0	7.0	1.0	0.0	0.0033985714285714283
11117.0	7.0	1.0	0.0	0.004778571428571429
11124.0	7.0	1.0	0.0	0.002622857142857143
11131.0	7.0	1.0	0.0	0.004411428571428571
11138.0	7.0	1.0	0.0	0.004155714285714286
11145.0	7.0	1.0	0.0	0.003815714285714286
11152.0	7.0	1.0	0.0	0.0025757142857142858
11159.0	7.0	1.0	0.0	0.00019571428571428574
11166.0	7.0	1.0	0.0	0.00015571428571428572
11173.0	7.0	1.0	0.0	0.00028142857142857147
11180.0	7.0	1.0	0.0	0.00143
11187.0	7.0	1.0	0.0	0.0052871428571428574
11194.0	7.0	1.0	0.0	0.005361428571428571
11201.0	7.0	1.0	0.0	0.0028985714285714287
11208.0	7.0	1.0	0.0	0.0021599999999999996
11215.0	7.0	1.0	0.0	0.0003671428571428571
11222.0	7.0	1.0	0.0	0.0005885714285714286
11229.0	7.0	1.0	0.0	0.0019742857142857144
11236.0	7.0	1.0	0.0	0.0003185714285714286
11243.0	7.0	1.0	0.0	0.00012142857142857142
11250.0	7.0	1.0	0.0	0.0
11257.0	7.0	1.0	0.0	0.0
11264.0	7.0	1.0	0.0	1.4285714285714287e-05
11271.0	7.0	1.0	0.0	2.8571428571428573e-06
11278.0	7.0	1.0	0.0	1.7142857142857142e-05
11285.0	7.0	1.0	0.0	0.0
11292.0	7.0	1.0	0.0	7.1428571428571436e-06
11299.0	7.0	1.0	0.0	2e-05
11306.0	7.0	1.0	0.0	8.857142857142859e-05
11313.0	7.0	1.0	0.0	0.0
11320.0	7.0	1.0	0.0	2.1428571428571428e-05
7309.0	7.0	1.0	0.0	0.0
7316.0	7.0	1.0	0.0	4e-05
7323.0	7.0	1.0	0.0	4.2857142857142855e-06
7330.0	7.0	1.0	0.0	1.4285714285714286e-06
7337.0	7.0	1.0	0.0	0.0
7344.0	7.0	1.0	0.0	0.0
7351.0	7.0	1.0	0.0	2.8571428571428573e-06
7358.0	7.0	1.0	0.0	1.1428571428571429e-05
7365.0	7.0	1.0	0.0	2.571428571428571e-05
7372.0	7.0	1.0	0.0	4.2857142857142855e-06
7379.0	7.0	1.0	0.0	2.142857142857143e-05
7386.0	7.0	1.0	0.0	9.857142857142858e-05
7393.0	7.0	1.0	0.0	0.0009242857142857143
7400.0	7.0	1.0	0.0	4.285714285714286e-05
7407.0	7.0	1.0	0.0	0.00037428571428571426
7414.0	7.0	1.0	0.0	0.0004242857142857143
7421.0	7.0	1.0	0.0	0.0010299999999999999
7428.0	7.0	1.0	0.0	0.0008242857142857141
7435.0	7.0	1.0	0.0	0.0011085714285714286
7442.0	7.0	1.0	0.0	0.0006185714285714286
7449.0	7.0	1.0	0.0	0.00222
7456.0	7.0	1.0	0.0	0.0036899999999999997
7463.0	7.0	1.0	0.0	0.0040742857142857134
7470.0	7.0	1.0	0.0	0.002621428571428572
7477.0	7.0	1.0	0.0	0.0012614285714285715
7484.0	7.0	1.0	0.0	0.00013142857142857146
7491.0	7.0	1.0	0.0	0.0
7498.0	7.0	1.0	0.0	0.0009271428571428572
7505.0	7.0	1.0	0.0	0.0022714285714285714
7512.0	7.0	1.0	0.0	0.0013642857142857141
7519.0	7.0	1.0	0.0	0.0008600000000000002
7526.0	7.0	1.0	0.0	0.00032142857142857147
7533.0	7.0	1.0	0.0	0.00042714285714285716
7540.0	7.0	1.0	0.0	3.142857142857143e-05
7547.0	7.0	1.0	0.0	0.00012428571428571428
7554.0	7.0	1.0	0.0	1.4285714285714286e-06
7561.0	7.0	1.0	0.0	1.1428571428571429e-05
7568.0	7.0	1.0	0.0	6e-05
7575.0	7.0	1.0	0.0	0.00021714285714285715
7582.0	7.0	1.0	0.0	6.142857142857143e-05
7589.0	7.0	1.0	0.0	0.0
7596.0	7.0	1.0	0.0	1.4285714285714286e-06
7603.0	7.0	1.0	0.0	0.0
7610.0	7.0	1.0	0.0	8.142857142857145e-05
7617.0	7.0	1.0	0.0	5.2857142857142855e-05
7624.0	7.0	1.0	0.0	0.00017142857142857143
7631.0	7.0	1.0	0.0	6.714285714285715e-05
7638.0	7.0	1.0	0.0	0.0
7645.0	7.0	1.0	0.0	1.7142857142857145e-05
7652.0	7.0	1.0	0.0	3.142857142857143e-05
7659.0	7.0	1.0	0.0	1.4285714285714287e-05
7666.0	7.0	1.0	0.0	0.0
7308.0	7.0	1.0	0.0	0.0
7315.0	7.0	1.0	0.0	3.285714285714286e-05
7322.0	7.0	1.0	0.0	1.1428571428571429e-05
7329.0	7.0	1.0	0.0	1.4285714285714286e-06
7336.0	7.0	1.0	0.0	0.0
7343.0	7.0	1.0	0.0	0.0
7350.0	7.0	1.0	0.0	1.4285714285714286e-06
7357.0	7.0	1.0	0.0	1.1428571428571429e-05
7364.0	7.0	1.0	0.0	2.571428571428571e-05
7371.0	7.0	1.0	0.0	5.7142857142857145e-06
7378.0	7.0	1.0	0.0	2.142857142857143e-05
7385.0	7.0	1.0	0.0	7.42857142857143e-05
7392.0	7.0	1.0	0.0	0.0008200000000000001
7399.0	7.0	1.0	0.0	0.00016285714285714284
7406.0	7.0	1.0	0.0	0.00034
7413.0	7.0	1.0	0.0	0.0004157142857142857
7420.0	7.0	1.0	0.0	0.0008885714285714286
7427.0	7.0	1.0	0.0	0.0008028571428571428
7434.0	7.0	1.0	0.0	0.0011985714285714286
7441.0	7.0	1.0	0.0	0.0006271428571428571
7448.0	7.0	1.0	0.0	0.0018914285714285715
7455.0	7.0	1.0	0.0	0.0035542857142857143
7462.0	7.0	1.0	0.0	0.004055714285714286
7469.0	7.0	1.0	0.0	0.0029171428571428573
7476.0	7.0	1.0	0.0	0.0014800000000000002
7483.0	7.0	1.0	0.0	0.00021571428571428571
7490.0	7.0	1.0	0.0	0.0
7497.0	7.0	1.0	0.0	0.0005657142857142857
7504.0	7.0	1.0	0.0	0.0023514285714285716
7511.0	7.0	1.0	0.0	0.001487142857142857
7518.0	7.0	1.0	0.0	0.0009100000000000001
7525.0	7.0	1.0	0.0	0.0004014285714285714
7532.0	7.0	1.0	0.0	0.0004242857142857143
7539.0	7.0	1.0	0.0	6.285714285714286e-05
7546.0	7.0	1.0	0.0	0.00011857142857142856
7553.0	7.0	1.0	0.0	7.1428571428571436e-06
7560.0	7.0	1.0	0.0	1.1428571428571429e-05
7567.0	7.0	1.0	0.0	6e-05
7574.0	7.0	1.0	0.0	0.00016285714285714284
7581.0	7.0	1.0	0.0	0.00011571428571428572
7588.0	7.0	1.0	0.0	0.0
7595.0	7.0	1.0	0.0	1.4285714285714286e-06
7602.0	7.0	1.0	0.0	0.0
7609.0	7.0	1.0	0.0	7.42857142857143e-05
7616.0	7.0	1.0	0.0	6e-05
7623.0	7.0	1.0	0.0	0.00016428571428571428
7630.0	7.0	1.0	0.0	7.42857142857143e-05
7637.0	7.0	1.0	0.0	0.0
7644.0	7.0	1.0	0.0	8.571428571428573e-06
7651.0	7.0	1.0	0.0	4e-05
7658.0	7.0	1.0	0.0	1.4285714285714287e-05
7665.0	7.0	1.0	0.0	0.0
4385.0	7.0	1.0	0.0	7.285714285714286e-05
4392.0	7.0	1.0	0.0	7.142857142857143e-05
4399.0	7.0	1.0	0.0	4.714285714285714e-05
4406.0	7.0	1.0	0.0	0.00014571428571428572
4413.0	7.0	1.0	0.0	1.7142857142857142e-05
4420.0	7.0	1.0	0.0	1.1428571428571429e-05
4427.0	7.0	1.0	0.0	1.2857142857142857e-05
4434.0	7.0	1.0	0.0	7.285714285714286e-05
4441.0	7.0	1.0	0.0	0.0005671428571428571
4448.0	7.0	1.0	0.0	0.0006614285714285715
4455.0	7.0	1.0	0.0	0.0022385714285714287
4462.0	7.0	1.0	0.0	0.004308571428571428
4469.0	7.0	1.0	0.0	0.002258571428571429
4476.0	7.0	1.0	0.0	0.0008914285714285716
4483.0	7.0	1.0	0.0	0.002974285714285714
4490.0	7.0	1.0	0.0	0.0036514285714285715
4497.0	7.0	1.0	0.0	0.003325714285714285
4504.0	7.0	1.0	0.0	0.001754285714285714
4511.0	7.0	1.0	0.0	0.004001428571428571
4518.0	7.0	1.0	0.0	0.007848571428571429
4525.0	7.0	1.0	0.0	0.007204285714285713
4532.0	7.0	1.0	0.0	0.00332
4539.0	7.0	1.0	0.0	0.0018085714285714287
4546.0	7.0	1.0	0.0	0.0013485714285714288
4553.0	7.0	1.0	0.0	0.00036714285714285717
4560.0	7.0	1.0	0.0	0.0006357142857142858
4567.0	7.0	1.0	0.0	0.0022700000000000003
4574.0	7.0	1.0	0.0	0.0019199999999999998
4581.0	7.0	1.0	0.0	0.00039428571428571426
4588.0	7.0	1.0	0.0	0.001237142857142857
4595.0	7.0	1.0	0.0	0.0010071428571428573
4602.0	7.0	1.0	0.0	0.00014857142857142855
4609.0	7.0	1.0	0.0	0.00029857142857142853
4616.0	7.0	1.0	0.0	0.0008742857142857143
4623.0	7.0	1.0	0.0	0.0008742857142857144
4630.0	7.0	1.0	0.0	0.0013571428571428571
4637.0	7.0	1.0	0.0	0.0007742857142857142
4644.0	7.0	1.0	0.0	0.000877142857142857
4651.0	7.0	1.0	0.0	0.0007914285714285714
4658.0	7.0	1.0	0.0	0.001107142857142857
4665.0	7.0	1.0	0.0	0.002174285714285714
4672.0	7.0	1.0	0.0	0.0027485714285714288
4679.0	7.0	1.0	0.0	0.0004371428571428572
4686.0	7.0	1.0	0.0	0.0
4693.0	7.0	1.0	0.0	4.714285714285714e-05
4700.0	7.0	1.0	0.0	0.0
4707.0	7.0	1.0	0.0	2.9999999999999997e-05
4714.0	7.0	1.0	0.0	2.5714285714285714e-05
4721.0	7.0	1.0	0.0	1.4285714285714287e-05
4728.0	7.0	1.0	0.0	0.0
4735.0	7.0	1.0	0.0	0.0
4742.0	7.0	1.0	0.0	5.7142857142857145e-06
3653.0	7.0	1.0	0.0	0.0
3660.0	7.0	1.0	0.0	1.1428571428571429e-05
3667.0	7.0	1.0	0.0	4.285714285714286e-05
3674.0	7.0	1.0	0.0	0.0
3681.0	7.0	1.0	0.0	3e-05
3688.0	7.0	1.0	0.0	7.142857142857143e-05
3695.0	7.0	1.0	0.0	4.285714285714286e-06
3702.0	7.0	1.0	0.0	0.0002871428571428572
3709.0	7.0	1.0	0.0	0.0
3716.0	7.0	1.0	0.0	0.0004814285714285714
3723.0	7.0	1.0	0.0	0.00058
3730.0	7.0	1.0	0.0	0.00015428571428571428
3737.0	7.0	1.0	0.0	0.00034571428571428573
3744.0	7.0	1.0	0.0	2.8571428571428567e-05
3751.0	7.0	1.0	0.0	0.0001185714285714286
3758.0	7.0	1.0	0.0	0.002698571428571429
3765.0	7.0	1.0	0.0	0.0019614285714285714
3772.0	7.0	1.0	0.0	0.0021042857142857144
3779.0	7.0	1.0	0.0	0.0011585714285714285
3786.0	7.0	1.0	0.0	0.002037142857142857
3793.0	7.0	1.0	0.0	0.0056728571428571435
3800.0	7.0	1.0	0.0	0.0033428571428571426
3807.0	7.0	1.0	0.0	0.0030485714285714287
3814.0	7.0	1.0	0.0	0.002877142857142857
3821.0	7.0	1.0	0.0	0.003925714285714286
3828.0	7.0	1.0	0.0	0.002445714285714286
3835.0	7.0	1.0	0.0	0.00123
3842.0	7.0	1.0	0.0	0.0014685714285714287
3849.0	7.0	1.0	0.0	0.0001485714285714286
3856.0	7.0	1.0	0.0	0.0011285714285714287
3863.0	7.0	1.0	0.0	0.0025785714285714288
3870.0	7.0	1.0	0.0	0.0026857142857142865
3877.0	7.0	1.0	0.0	0.0020157142857142856
3884.0	7.0	1.0	0.0	0.001097142857142857
3891.0	7.0	1.0	0.0	0.0022071428571428567
3898.0	7.0	1.0	0.0	0.0012871428571428571
3905.0	7.0	1.0	0.0	0.0010357142857142859
3912.0	7.0	1.0	0.0	9.285714285714287e-05
3919.0	7.0	1.0	0.0	0.0004285714285714286
3926.0	7.0	1.0	0.0	0.0011514285714285713
3933.0	7.0	1.0	0.0	0.0029071428571428573
3940.0	7.0	1.0	0.0	0.0044885714285714294
3947.0	7.0	1.0	0.0	0.00296
3954.0	7.0	1.0	0.0	0.004902857142857144
3961.0	7.0	1.0	0.0	0.0024371428571428573
3968.0	7.0	1.0	0.0	0.00013857142857142857
3975.0	7.0	1.0	0.0	2e-05
3982.0	7.0	1.0	0.0	9e-05
3989.0	7.0	1.0	0.0	9.142857142857142e-05
3996.0	7.0	1.0	0.0	1.2857142857142857e-05
4003.0	7.0	1.0	0.0	0.00017857142857142854
4010.0	7.0	1.0	0.0	0.00017428571428571428
4017.0	7.0	1.0	0.0	8.714285714285715e-05
14981.0	7.0	1.0	0.0	0.00012
14988.0	7.0	1.0	0.0	3.142857142857143e-05
14995.0	7.0	1.0	0.0	0.00014714285714285716
15002.0	7.0	1.0	0.0	0.0
15009.0	7.0	1.0	0.0	6.428571428571429e-05
15016.0	7.0	1.0	0.0	7.571428571428573e-05
15023.0	7.0	1.0	0.0	7.285714285714286e-05
15030.0	7.0	1.0	0.0	0.0
15037.0	7.0	1.0	0.0	5.7142857142857145e-06
15044.0	7.0	1.0	0.0	5.7142857142857145e-06
15051.0	7.0	1.0	0.0	3e-05
15058.0	7.0	1.0	0.0	4.714285714285714e-05
15065.0	7.0	1.0	0.0	5.571428571428572e-05
15072.0	7.0	1.0	0.0	4.285714285714286e-06
15079.0	7.0	1.0	0.0	2.8571428571428573e-06
15086.0	7.0	1.0	0.0	0.0
15093.0	7.0	1.0	0.0	0.0002671428571428572
15100.0	7.0	1.0	0.0	0.000547142857142857
15107.0	7.0	1.0	0.0	0.0013328571428571428
15114.0	7.0	1.0	0.0	0.00383
15121.0	7.0	1.0	0.0	0.0029385714285714284
15128.0	7.0	1.0	0.0	0.004130000000000001
15135.0	7.0	1.0	0.0	0.0018242857142857143
15142.0	7.0	1.0	0.0	0.0004242857142857143
15149.0	7.0	1.0	0.0	0.0006942857142857142
15156.0	7.0	1.0	0.0	0.00083
15163.0	7.0	1.0	0.0	0.0004371428571428572
15170.0	7.0	1.0	0.0	0.00010142857142857143
15177.0	7.0	1.0	0.0	6.857142857142858e-05
15184.0	7.0	1.0	0.0	1.4285714285714286e-06
15191.0	7.0	1.0	0.0	0.0002
15198.0	7.0	1.0	0.0	0.00017428571428571428
15205.0	7.0	1.0	0.0	5.7142857142857145e-06
15212.0	7.0	1.0	0.0	0.0
15219.0	7.0	1.0	0.0	1.4285714285714286e-06
15226.0	7.0	1.0	0.0	0.00020857142857142854
15233.0	7.0	1.0	0.0	0.00019142857142857142
15240.0	7.0	1.0	0.0	0.0005042857142857143
15247.0	7.0	1.0	0.0	0.00011571428571428571
15254.0	7.0	1.0	0.0	0.00022571428571428571
15261.0	7.0	1.0	0.0	2.8571428571428574e-05
15268.0	7.0	1.0	0.0	0.00022142857142857142
15275.0	7.0	1.0	0.0	8.142857142857142e-05
15282.0	7.0	1.0	0.0	0.00013428571428571428
15289.0	7.0	1.0	0.0	0.00015571428571428572
15296.0	7.0	1.0	0.0	0.00015285714285714287
15303.0	7.0	1.0	0.0	0.00013571428571428572
15310.0	7.0	1.0	0.0	9.142857142857143e-05
15317.0	7.0	1.0	0.0	0.00017285714285714284
15324.0	7.0	1.0	0.0	8.571428571428573e-06
15331.0	7.0	1.0	0.0	0.0
15338.0	7.0	1.0	0.0	3.9999999999999996e-05
1101.0	7.0	1.0	0.0	0.00012857142857142858
1108.0	7.0	1.0	0.0	3e-05
1115.0	7.0	1.0	0.0	4.142857142857143e-05
1122.0	7.0	1.0	0.0	4.285714285714286e-06
1129.0	7.0	1.0	0.0	1.7142857142857142e-05
1136.0	7.0	1.0	0.0	2.8571428571428573e-06
1143.0	7.0	1.0	0.0	0.00041999999999999996
1150.0	7.0	1.0	0.0	0.00044857142857142855
1157.0	7.0	1.0	0.0	5.2857142857142855e-05
1164.0	7.0	1.0	0.0	0.00011285714285714284
1171.0	7.0	1.0	0.0	0.00033142857142857144
1178.0	7.0	1.0	0.0	2.571428571428571e-05
1185.0	7.0	1.0	0.0	0.00013857142857142857
1192.0	7.0	1.0	0.0	9.857142857142858e-05
1199.0	7.0	1.0	0.0	0.00019
1206.0	7.0	1.0	0.0	2.7142857142857144e-05
1213.0	7.0	1.0	0.0	0.0009157142857142857
1220.0	7.0	1.0	0.0	0.0025957142857142854
1227.0	7.0	1.0	0.0	0.0025157142857142856
1234.0	7.0	1.0	0.0	0.0025571428571428572
1241.0	7.0	1.0	0.0	0.002244285714285714
1248.0	7.0	1.0	0.0	0.0007657142857142856
1255.0	7.0	1.0	0.0	0.0028757142857142857
1262.0	7.0	1.0	0.0	0.002617142857142857
1269.0	7.0	1.0	0.0	0.0008342857142857142
1276.0	7.0	1.0	0.0	0.0004
1283.0	7.0	1.0	0.0	0.0031042857142857144
1290.0	7.0	1.0	0.0	0.003847142857142857
1297.0	7.0	1.0	0.0	0.0012871428571428571
1304.0	7.0	1.0	0.0	0.0012485714285714285
1311.0	7.0	1.0	0.0	0.0013985714285714285
1318.0	7.0	1.0	0.0	0.0027699999999999995
1325.0	7.0	1.0	0.0	0.0031957142857142857
1332.0	7.0	1.0	0.0	0.00044714285714285716
1339.0	7.0	1.0	0.0	2.9999999999999997e-05
1346.0	7.0	1.0	0.0	9.999999999999999e-06
1353.0	7.0	1.0	0.0	0.0
1360.0	7.0	1.0	0.0	4.142857142857143e-05
1367.0	7.0	1.0	0.0	5e-05
1374.0	7.0	1.0	0.0	2.2857142857142858e-05
1381.0	7.0	1.0	0.0	8.571428571428573e-06
1388.0	7.0	1.0	0.0	5.2857142857142855e-05
1395.0	7.0	1.0	0.0	1.9999999999999998e-05
1402.0	7.0	1.0	0.0	1.4285714285714286e-06
1409.0	7.0	1.0	0.0	1.7142857142857142e-05
1416.0	7.0	1.0	0.0	8.999999999999999e-05
1423.0	7.0	1.0	0.0	0.0001042857142857143
1430.0	7.0	1.0	0.0	5.7142857142857145e-06
1437.0	7.0	1.0	0.0	1.5714285714285715e-05
1444.0	7.0	1.0	0.0	5.857142857142859e-05
1451.0	7.0	1.0	0.0	0.0
1458.0	7.0	1.0	0.0	0.0
4022.0	7.0	1.0	0.0	0.0002757142857142857
4029.0	7.0	1.0	0.0	0.0
4036.0	7.0	1.0	0.0	3.4285714285714284e-05
4043.0	7.0	1.0	0.0	7.1428571428571436e-06
4050.0	7.0	1.0	0.0	0.0
4057.0	7.0	1.0	0.0	5.2857142857142855e-05
4064.0	7.0	1.0	0.0	0.0005128571428571428
4071.0	7.0	1.0	0.0	0.0005971428571428572
4078.0	7.0	1.0	0.0	0.00019571428571428574
4085.0	7.0	1.0	0.0	0.0006185714285714286
4092.0	7.0	1.0	0.0	0.00306
4099.0	7.0	1.0	0.0	0.00476
4106.0	7.0	1.0	0.0	0.003672857142857142
4113.0	7.0	1.0	0.0	0.0009642857142857144
4120.0	7.0	1.0	0.0	0.00035
4127.0	7.0	1.0	0.0	0.0005714285714285714
4134.0	7.0	1.0	0.0	0.001402857142857143
4141.0	7.0	1.0	0.0	0.002555714285714286
4148.0	7.0	1.0	0.0	0.003962857142857143
4155.0	7.0	1.0	0.0	0.005748571428571428
4162.0	7.0	1.0	0.0	0.0035828571428571433
4169.0	7.0	1.0	0.0	0.0034014285714285713
4176.0	7.0	1.0	0.0	0.0037314285714285717
4183.0	7.0	1.0	0.0	0.0026514285714285715
4190.0	7.0	1.0	0.0	0.0017614285714285716
4197.0	7.0	1.0	0.0	0.000992857142857143
4204.0	7.0	1.0	0.0	0.00012714285714285716
4211.0	7.0	1.0	0.0	0.00034428571428571424
4218.0	7.0	1.0	0.0	0.00068
4225.0	7.0	1.0	0.0	0.000707142857142857
4232.0	7.0	1.0	0.0	0.00104
4239.0	7.0	1.0	0.0	0.002244285714285714
4246.0	7.0	1.0	0.0	0.0023685714285714287
4253.0	7.0	1.0	0.0	0.0006528571428571427
4260.0	7.0	1.0	0.0	6.142857142857143e-05
4267.0	7.0	1.0	0.0	0.00010142857142857143
4274.0	7.0	1.0	0.0	0.0
4281.0	7.0	1.0	0.0	0.0
4288.0	7.0	1.0	0.0	4.8571428571428576e-05
4295.0	7.0	1.0	0.0	0.00015571428571428572
4302.0	7.0	1.0	0.0	9.999999999999999e-06
4309.0	7.0	1.0	0.0	8.714285714285714e-05
4316.0	7.0	1.0	0.0	0.00011142857142857143
4323.0	7.0	1.0	0.0	3.714285714285714e-05
4330.0	7.0	1.0	0.0	0.00022
4337.0	7.0	1.0	0.0	0.00021142857142857142
4344.0	7.0	1.0	0.0	0.00015142857142857143
4351.0	7.0	1.0	0.0	0.0
4358.0	7.0	1.0	0.0	0.00022714285714285713
4365.0	7.0	1.0	0.0	0.0001342857142857143
4372.0	7.0	1.0	0.0	0.00015000000000000001
4379.0	7.0	1.0	0.0	0.00022142857142857145
733.0	7.0	1.0	0.0	5.285714285714286e-05
740.0	7.0	1.0	0.0	0.0
747.0	7.0	1.0	0.0	1.4285714285714286e-06
754.0	7.0	1.0	0.0	2.8571428571428573e-06
761.0	7.0	1.0	0.0	8.571428571428573e-06
768.0	7.0	1.0	0.0	6.857142857142858e-05
775.0	7.0	1.0	0.0	3.714285714285715e-05
782.0	7.0	1.0	0.0	0.0
789.0	7.0	1.0	0.0	0.0
796.0	7.0	1.0	0.0	5.571428571428572e-05
803.0	7.0	1.0	0.0	1.857142857142857e-05
810.0	7.0	1.0	0.0	0.0
817.0	7.0	1.0	0.0	4.714285714285714e-05
824.0	7.0	1.0	0.0	2e-05
831.0	7.0	1.0	0.0	0.0004885714285714286
838.0	7.0	1.0	0.0	0.0009714285714285713
845.0	7.0	1.0	0.0	6.714285714285715e-05
852.0	7.0	1.0	0.0	0.0002914285714285714
859.0	7.0	1.0	0.0	0.0014585714285714286
866.0	7.0	1.0	0.0	0.0015085714285714286
873.0	7.0	1.0	0.0	0.0003042857142857143
880.0	7.0	1.0	0.0	0.0001742857142857143
887.0	7.0	1.0	0.0	1.4285714285714286e-06
894.0	7.0	1.0	0.0	8e-05
901.0	7.0	1.0	0.0	0.00097
908.0	7.0	1.0	0.0	0.0031385714285714285
915.0	7.0	1.0	0.0	0.0020357142857142857
922.0	7.0	1.0	0.0	0.0018171428571428572
929.0	7.0	1.0	0.0	0.0018671428571428571
936.0	7.0	1.0	0.0	0.0022114285714285712
943.0	7.0	1.0	0.0	0.001072857142857143
950.0	7.0	1.0	0.0	7.428571428571427e-05
957.0	7.0	1.0	0.0	0.0
964.0	7.0	1.0	0.0	6.285714285714286e-05
971.0	7.0	1.0	0.0	7.714285714285714e-05
978.0	7.0	1.0	0.0	0.00011142857142857143
985.0	7.0	1.0	0.0	1.4285714285714286e-06
992.0	7.0	1.0	0.0	0.0002614285714285714
999.0	7.0	1.0	0.0	0.0001042857142857143
1006.0	7.0	1.0	0.0	0.00035142857142857144
1013.0	7.0	1.0	0.0	1.4285714285714286e-06
1020.0	7.0	1.0	0.0	0.0004085714285714286
1027.0	7.0	1.0	0.0	0.0005757142857142858
1034.0	7.0	1.0	0.0	5.7142857142857145e-06
1041.0	7.0	1.0	0.0	1.4285714285714286e-06
1048.0	7.0	1.0	0.0	0.00015428571428571428
1055.0	7.0	1.0	0.0	0.0001757142857142857
1062.0	7.0	1.0	0.0	1.9999999999999998e-05
1069.0	7.0	1.0	0.0	0.0003014285714285714
1076.0	7.0	1.0	0.0	0.0002928571428571429
1083.0	7.0	1.0	0.0	0.00021857142857142857
1090.0	7.0	1.0	0.0	2.8571428571428573e-06
13150.0	7.0	1.0	0.0	0.0
13157.0	7.0	1.0	0.0	1.4285714285714286e-06
13164.0	7.0	1.0	0.0	4.571428571428571e-05
13171.0	7.0	1.0	0.0	5e-05
13178.0	7.0	1.0	0.0	2.8571428571428573e-06
13185.0	7.0	1.0	0.0	5.7142857142857145e-06
13192.0	7.0	1.0	0.0	0.00033
13199.0	7.0	1.0	0.0	0.00011142857142857143
13206.0	7.0	1.0	0.0	6.571428571428573e-05
13213.0	7.0	1.0	0.0	0.00022428571428571427
13220.0	7.0	1.0	0.0	7e-05
13227.0	7.0	1.0	0.0	0.00024285714285714283
13234.0	7.0	1.0	0.0	4.428571428571428e-05
13241.0	7.0	1.0	0.0	0.0
13248.0	7.0	1.0	0.0	5.142857142857142e-05
13255.0	7.0	1.0	0.0	0.00034571428571428573
13262.0	7.0	1.0	0.0	0.00042571428571428567
13269.0	7.0	1.0	0.0	0.000742857142857143
13276.0	7.0	1.0	0.0	0.004752857142857143
13283.0	7.0	1.0	0.0	0.0046414285714285715
13290.0	7.0	1.0	0.0	0.00205
13297.0	7.0	1.0	0.0	0.0012785714285714286
13304.0	7.0	1.0	0.0	0.00198
13311.0	7.0	1.0	0.0	0.0014071428571428572
13318.0	7.0	1.0	0.0	0.0022371428571428577
13325.0	7.0	1.0	0.0	0.0016471428571428572
13332.0	7.0	1.0	0.0	0.00026285714285714286
13339.0	7.0	1.0	0.0	0.0009985714285714285
13346.0	7.0	1.0	0.0	0.003162857142857143
13353.0	7.0	1.0	0.0	0.0024342857142857144
13360.0	7.0	1.0	0.0	0.0034571428571428574
13367.0	7.0	1.0	0.0	0.0018414285714285715
13374.0	7.0	1.0	0.0	0.00031
13381.0	7.0	1.0	0.0	3.285714285714286e-05
13388.0	7.0	1.0	0.0	0.00030571428571428573
13395.0	7.0	1.0	0.0	0.0
13402.0	7.0	1.0	0.0	3.285714285714286e-05
13409.0	7.0	1.0	0.0	0.0
13416.0	7.0	1.0	0.0	0.00019142857142857142
13423.0	7.0	1.0	0.0	5.857142857142857e-05
13430.0	7.0	1.0	0.0	0.00017142857142857145
13437.0	7.0	1.0	0.0	0.0003414285714285714
13444.0	7.0	1.0	0.0	0.00013857142857142857
13451.0	7.0	1.0	0.0	0.0001942857142857143
13458.0	7.0	1.0	0.0	0.0
13465.0	7.0	1.0	0.0	0.00020999999999999998
13472.0	7.0	1.0	0.0	0.0002757142857142857
13479.0	7.0	1.0	0.0	0.0003071428571428571
13486.0	7.0	1.0	0.0	0.00022
13493.0	7.0	1.0	0.0	0.00021857142857142857
13500.0	7.0	1.0	0.0	0.0002442857142857143
13507.0	7.0	1.0	0.0	6e-05
13514.0	7.0	1.0	0.0	1.4285714285714284e-05
2564.0	7.0	1.0	0.0	0.0
2571.0	7.0	1.0	0.0	3.142857142857143e-05
2578.0	7.0	1.0	0.0	0.00011
2585.0	7.0	1.0	0.0	2.7142857142857144e-05
2592.0	7.0	1.0	0.0	7.1428571428571436e-06
2599.0	7.0	1.0	0.0	0.0
2606.0	7.0	1.0	0.0	1.7142857142857142e-05
2613.0	7.0	1.0	0.0	5.142857142857143e-05
2620.0	7.0	1.0	0.0	7e-05
2627.0	7.0	1.0	0.0	1.4285714285714286e-06
2634.0	7.0	1.0	0.0	9.142857142857143e-05
2641.0	7.0	1.0	0.0	6.000000000000001e-05
2648.0	7.0	1.0	0.0	0.00037142857142857143
2655.0	7.0	1.0	0.0	0.00036142857142857146
2662.0	7.0	1.0	0.0	0.0008428571428571429
2669.0	7.0	1.0	0.0	0.0014814285714285715
2676.0	7.0	1.0	0.0	0.0009614285714285714
2683.0	7.0	1.0	0.0	0.0017757142857142856
2690.0	7.0	1.0	0.0	0.0016928571428571429
2697.0	7.0	1.0	0.0	0.0013257142857142858
2704.0	7.0	1.0	0.0	0.003367142857142857
2711.0	7.0	1.0	0.0	0.0018085714285714285
2718.0	7.0	1.0	0.0	0.0015914285714285713
2725.0	7.0	1.0	0.0	0.0011714285714285713
2732.0	7.0	1.0	0.0	0.003627142857142857
2739.0	7.0	1.0	0.0	0.005227142857142856
2746.0	7.0	1.0	0.0	0.0037957142857142855
2753.0	7.0	1.0	0.0	0.0044485714285714285
2760.0	7.0	1.0	0.0	0.005431428571428571
2767.0	7.0	1.0	0.0	0.00233
2774.0	7.0	1.0	0.0	0.0004385714285714285
2781.0	7.0	1.0	0.0	0.0018328571428571428
2788.0	7.0	1.0	0.0	0.004102857142857143
2795.0	7.0	1.0	0.0	0.0030614285714285717
2802.0	7.0	1.0	0.0	0.0018014285714285714
2809.0	7.0	1.0	0.0	0.00035
2816.0	7.0	1.0	0.0	0.00035285714285714293
2823.0	7.0	1.0	0.0	0.0002357142857142857
2830.0	7.0	1.0	0.0	0.0007585714285714287
2837.0	7.0	1.0	0.0	0.0004828571428571429
2844.0	7.0	1.0	0.0	9.571428571428571e-05
2851.0	7.0	1.0	0.0	0.0
2858.0	7.0	1.0	0.0	0.00018142857142857145
2865.0	7.0	1.0	0.0	5.857142857142856e-05
2872.0	7.0	1.0	0.0	9.000000000000002e-05
2879.0	7.0	1.0	0.0	0.00019857142857142857
2886.0	7.0	1.0	0.0	6e-05
2893.0	7.0	1.0	0.0	0.00025142857142857145
2900.0	7.0	1.0	0.0	2.8571428571428573e-06
2907.0	7.0	1.0	0.0	0.0
2914.0	7.0	1.0	0.0	0.00015142857142857143
2921.0	7.0	1.0	0.0	0.00023285714285714286
4389.0	7.0	1.0	0.0	1.1428571428571429e-05
4396.0	7.0	1.0	0.0	0.0001142857142857143
4403.0	7.0	1.0	0.0	0.00013571428571428572
4410.0	7.0	1.0	0.0	2.7142857142857144e-05
4417.0	7.0	1.0	0.0	5.7142857142857145e-06
4424.0	7.0	1.0	0.0	5.7142857142857145e-06
4431.0	7.0	1.0	0.0	7.285714285714286e-05
4438.0	7.0	1.0	0.0	2.1428571428571428e-05
4445.0	7.0	1.0	0.0	0.0007528571428571429
4452.0	7.0	1.0	0.0	0.0012957142857142857
4459.0	7.0	1.0	0.0	0.0039585714285714285
4466.0	7.0	1.0	0.0	0.003404285714285714
4473.0	7.0	1.0	0.0	0.0009442857142857143
4480.0	7.0	1.0	0.0	0.001997142857142857
4487.0	7.0	1.0	0.0	0.00368
4494.0	7.0	1.0	0.0	0.003632857142857143
4501.0	7.0	1.0	0.0	0.002137142857142857
4508.0	7.0	1.0	0.0	0.0028414285714285716
4515.0	7.0	1.0	0.0	0.006037142857142858
4522.0	7.0	1.0	0.0	0.008325714285714285
4529.0	7.0	1.0	0.0	0.004928571428571429
4536.0	7.0	1.0	0.0	0.0022100000000000006
4543.0	7.0	1.0	0.0	0.0014399999999999999
4550.0	7.0	1.0	0.0	0.0008871428571428571
4557.0	7.0	1.0	0.0	0.00016142857142857145
4564.0	7.0	1.0	0.0	0.001782857142857143
4571.0	7.0	1.0	0.0	0.0022342857142857143
4578.0	7.0	1.0	0.0	0.0010614285714285715
4585.0	7.0	1.0	0.0	0.0004828571428571429
4592.0	7.0	1.0	0.0	0.001587142857142857
4599.0	7.0	1.0	0.0	0.00023285714285714286
4606.0	7.0	1.0	0.0	0.00030285714285714285
4613.0	7.0	1.0	0.0	0.00056
4620.0	7.0	1.0	0.0	0.0008928571428571428
4627.0	7.0	1.0	0.0	0.00109
4634.0	7.0	1.0	0.0	0.00111
4641.0	7.0	1.0	0.0	0.0009228571428571428
4648.0	7.0	1.0	0.0	0.0005942857142857144
4655.0	7.0	1.0	0.0	0.001207142857142857
4662.0	7.0	1.0	0.0	0.00149
4669.0	7.0	1.0	0.0	0.0028757142857142857
4676.0	7.0	1.0	0.0	0.0013685714285714286
4683.0	7.0	1.0	0.0	1.8571428571428575e-05
4690.0	7.0	1.0	0.0	0.0
4697.0	7.0	1.0	0.0	4.714285714285714e-05
4704.0	7.0	1.0	0.0	0.0
4711.0	7.0	1.0	0.0	5.5714285714285715e-05
4718.0	7.0	1.0	0.0	1.4285714285714287e-05
4725.0	7.0	1.0	0.0	0.0
4732.0	7.0	1.0	0.0	0.0
4739.0	7.0	1.0	0.0	2.8571428571428573e-06
4746.0	7.0	1.0	0.0	2.8571428571428573e-06
9501.0	7.0	1.0	0.0	3e-05
9508.0	7.0	1.0	0.0	0.0
9515.0	7.0	1.0	0.0	7.1428571428571436e-06
9522.0	7.0	1.0	0.0	5.428571428571429e-05
9529.0	7.0	1.0	0.0	0.0
9536.0	7.0	1.0	0.0	1.4285714285714286e-06
9543.0	7.0	1.0	0.0	1.4285714285714286e-06
9550.0	7.0	1.0	0.0	1e-05
9557.0	7.0	1.0	0.0	0.00013
9564.0	7.0	1.0	0.0	7.1428571428571436e-06
9571.0	7.0	1.0	0.0	0.00014428571428571428
9578.0	7.0	1.0	0.0	3.142857142857143e-05
9585.0	7.0	1.0	0.0	0.00010714285714285715
9592.0	7.0	1.0	0.0	0.00029142857142857144
9599.0	7.0	1.0	0.0	9.428571428571429e-05
9606.0	7.0	1.0	0.0	0.0006457142857142857
9613.0	7.0	1.0	0.0	0.0015499999999999997
9620.0	7.0	1.0	0.0	0.0039014285714285717
9627.0	7.0	1.0	0.0	0.0015371428571428571
9634.0	7.0	1.0	0.0	0.0025142857142857146
9641.0	7.0	1.0	0.0	0.001902857142857143
9648.0	7.0	1.0	0.0	0.00012571428571428572
9655.0	7.0	1.0	0.0	7.42857142857143e-05
9662.0	7.0	1.0	0.0	0.00010571428571428571
9669.0	7.0	1.0	0.0	0.0004657142857142857
9676.0	7.0	1.0	0.0	0.0002728571428571429
9683.0	7.0	1.0	0.0	0.0010085714285714286
9690.0	7.0	1.0	0.0	0.0027071428571428567
9697.0	7.0	1.0	0.0	0.0027414285714285717
9704.0	7.0	1.0	0.0	0.0005371428571428571
9711.0	7.0	1.0	0.0	5.000000000000001e-05
9718.0	7.0	1.0	0.0	1.7142857142857145e-05
9725.0	7.0	1.0	0.0	1.4285714285714286e-06
9732.0	7.0	1.0	0.0	6.857142857142857e-05
9739.0	7.0	1.0	0.0	0.0
9746.0	7.0	1.0	0.0	0.0
9753.0	7.0	1.0	0.0	0.0
9760.0	7.0	1.0	0.0	0.00010285714285714284
9767.0	7.0	1.0	0.0	2.7142857142857144e-05
9774.0	7.0	1.0	0.0	0.0002
9781.0	7.0	1.0	0.0	0.00022428571428571425
9788.0	7.0	1.0	0.0	0.00014428571428571428
9795.0	7.0	1.0	0.0	0.0
9802.0	7.0	1.0	0.0	3.9999999999999996e-05
9809.0	7.0	1.0	0.0	7.571428571428571e-05
9816.0	7.0	1.0	0.0	0.00011857142857142858
9823.0	7.0	1.0	0.0	0.0002542857142857143
9830.0	7.0	1.0	0.0	0.00020571428571428572
9837.0	7.0	1.0	0.0	0.0
9844.0	7.0	1.0	0.0	0.0
9851.0	7.0	1.0	0.0	1.7142857142857142e-05
9858.0	7.0	1.0	0.0	0.0
9865.0	7.0	1.0	0.0	1.7142857142857142e-05
9872.0	7.0	1.0	0.0	3e-05
9879.0	7.0	1.0	0.0	0.0
9886.0	7.0	1.0	0.0	0.00013142857142857143
9893.0	7.0	1.0	0.0	1.9999999999999998e-05
9900.0	7.0	1.0	0.0	1.2857142857142856e-05
9907.0	7.0	1.0	0.0	1.4285714285714286e-06
9914.0	7.0	1.0	0.0	0.0
9921.0	7.0	1.0	0.0	0.0
9928.0	7.0	1.0	0.0	9.285714285714286e-05
9935.0	7.0	1.0	0.0	7.285714285714286e-05
9942.0	7.0	1.0	0.0	0.00014428571428571428
9949.0	7.0	1.0	0.0	0.0
9956.0	7.0	1.0	0.0	0.00033
9963.0	7.0	1.0	0.0	3.1428571428571424e-05
9970.0	7.0	1.0	0.0	0.00023000000000000003
9977.0	7.0	1.0	0.0	0.00041714285714285714
9984.0	7.0	1.0	0.0	0.00030571428571428573
9991.0	7.0	1.0	0.0	0.00030714285714285723
9998.0	7.0	1.0	0.0	0.0005328571428571429
10005.0	7.0	1.0	0.0	0.002685714285714285
10012.0	7.0	1.0	0.0	0.005744285714285715
10019.0	7.0	1.0	0.0	0.004517142857142858
10026.0	7.0	1.0	0.0	0.002572857142857143
10033.0	7.0	1.0	0.0	0.002317142857142857
10040.0	7.0	1.0	0.0	0.00040142857142857135
10047.0	7.0	1.0	0.0	5.428571428571429e-05
10054.0	7.0	1.0	0.0	1.4285714285714286e-06
10061.0	7.0	1.0	0.0	0.00017285714285714287
10068.0	7.0	1.0	0.0	3.571428571428572e-05
10075.0	7.0	1.0	0.0	0.00033142857142857144
10082.0	7.0	1.0	0.0	0.00014142857142857143
10089.0	7.0	1.0	0.0	1.4285714285714286e-06
10096.0	7.0	1.0	0.0	9.857142857142858e-05
10103.0	7.0	1.0	0.0	0.00040142857142857135
10110.0	7.0	1.0	0.0	0.0010785714285714285
10117.0	7.0	1.0	0.0	0.0030542857142857142
10124.0	7.0	1.0	0.0	0.0027842857142857144
10131.0	7.0	1.0	0.0	0.002204285714285714
10138.0	7.0	1.0	0.0	0.00024142857142857145
10145.0	7.0	1.0	0.0	0.0
10152.0	7.0	1.0	0.0	0.0
10159.0	7.0	1.0	0.0	4.857142857142857e-05
10166.0	7.0	1.0	0.0	0.0001342857142857143
10173.0	7.0	1.0	0.0	0.0004171428571428572
10180.0	7.0	1.0	0.0	3.285714285714286e-05
10187.0	7.0	1.0	0.0	2.8571428571428574e-05
10194.0	7.0	1.0	0.0	2.7142857142857144e-05
10201.0	7.0	1.0	0.0	2.571428571428571e-05
10208.0	7.0	1.0	0.0	5.857142857142857e-05
10215.0	7.0	1.0	0.0	2.4285714285714285e-05
10222.0	7.0	1.0	0.0	1.2857142857142857e-05
1463.0	7.0	1.0	0.0	3.714285714285715e-05
1470.0	7.0	1.0	0.0	1.5714285714285712e-05
1477.0	7.0	1.0	0.0	0.0
1484.0	7.0	1.0	0.0	4.8571428571428576e-05
1491.0	7.0	1.0	0.0	0.00020714285714285713
1498.0	7.0	1.0	0.0	0.00010000000000000002
1505.0	7.0	1.0	0.0	2.4285714285714288e-05
1512.0	7.0	1.0	0.0	0.0009999999999999998
1519.0	7.0	1.0	0.0	0.0014957142857142855
1526.0	7.0	1.0	0.0	0.005594285714285714
1533.0	7.0	1.0	0.0	0.003674285714285714
1540.0	7.0	1.0	0.0	0.006172857142857142
1547.0	7.0	1.0	0.0	0.0029728571428571425
1554.0	7.0	1.0	0.0	0.0028428571428571426
1561.0	7.0	1.0	0.0	0.0034457142857142855
1568.0	7.0	1.0	0.0	0.004571428571428572
1575.0	7.0	1.0	0.0	0.00462
1582.0	7.0	1.0	0.0	0.0032142857142857142
1589.0	7.0	1.0	0.0	0.001142857142857143
1596.0	7.0	1.0	0.0	0.00153
1603.0	7.0	1.0	0.0	0.0011957142857142858
1610.0	7.0	1.0	0.0	0.001062857142857143
1617.0	7.0	1.0	0.0	0.00034142857142857146
1624.0	7.0	1.0	0.0	9.571428571428571e-05
1631.0	7.0	1.0	0.0	0.0015042857142857143
1638.0	7.0	1.0	0.0	0.00305
1645.0	7.0	1.0	0.0	0.0018185714285714287
1652.0	7.0	1.0	0.0	0.0007085714285714285
1659.0	7.0	1.0	0.0	0.001377142857142857
1666.0	7.0	1.0	0.0	0.00040999999999999994
1673.0	7.0	1.0	0.0	0.0010942857142857143
1680.0	7.0	1.0	0.0	0.0034371428571428574
1687.0	7.0	1.0	0.0	0.00144
1694.0	7.0	1.0	0.0	0.0016228571428571427
1701.0	7.0	1.0	0.0	0.0027028571428571427
1708.0	7.0	1.0	0.0	0.0020657142857142857
1715.0	7.0	1.0	0.0	0.0014814285714285715
1722.0	7.0	1.0	0.0	0.0005628571428571428
1729.0	7.0	1.0	0.0	5.428571428571429e-05
1736.0	7.0	1.0	0.0	5.142857142857143e-05
1743.0	7.0	1.0	0.0	0.00037714285714285714
1750.0	7.0	1.0	0.0	0.00013142857142857143
1757.0	7.0	1.0	0.0	7e-05
1764.0	7.0	1.0	0.0	1.4285714285714286e-06
1771.0	7.0	1.0	0.0	0.0
1778.0	7.0	1.0	0.0	0.00012714285714285714
1785.0	7.0	1.0	0.0	0.0
1792.0	7.0	1.0	0.0	0.0
1799.0	7.0	1.0	0.0	2.5714285714285714e-05
1806.0	7.0	1.0	0.0	2.5714285714285714e-05
1813.0	7.0	1.0	0.0	0.0
1820.0	7.0	1.0	0.0	0.0
13150.0	7.0	1.0	0.0	0.0
13157.0	7.0	1.0	0.0	1.4285714285714286e-06
13164.0	7.0	1.0	0.0	4.571428571428571e-05
13171.0	7.0	1.0	0.0	5e-05
13178.0	7.0	1.0	0.0	2.8571428571428573e-06
13185.0	7.0	1.0	0.0	5.7142857142857145e-06
13192.0	7.0	1.0	0.0	0.00033
13199.0	7.0	1.0	0.0	0.00011142857142857143
13206.0	7.0	1.0	0.0	6.571428571428573e-05
13213.0	7.0	1.0	0.0	0.00022428571428571427
13220.0	7.0	1.0	0.0	7e-05
13227.0	7.0	1.0	0.0	0.00024285714285714283
13234.0	7.0	1.0	0.0	4.428571428571428e-05
13241.0	7.0	1.0	0.0	0.0
13248.0	7.0	1.0	0.0	5.142857142857142e-05
13255.0	7.0	1.0	0.0	0.00034571428571428573
13262.0	7.0	1.0	0.0	0.00042571428571428567
13269.0	7.0	1.0	0.0	0.000742857142857143
13276.0	7.0	1.0	0.0	0.004752857142857143
13283.0	7.0	1.0	0.0	0.0046414285714285715
13290.0	7.0	1.0	0.0	0.00205
13297.0	7.0	1.0	0.0	0.0012785714285714286
13304.0	7.0	1.0	0.0	0.00198
13311.0	7.0	1.0	0.0	0.0014071428571428572
13318.0	7.0	1.0	0.0	0.0022371428571428577
13325.0	7.0	1.0	0.0	0.0016471428571428572
13332.0	7.0	1.0	0.0	0.00026285714285714286
13339.0	7.0	1.0	0.0	0.0009985714285714285
13346.0	7.0	1.0	0.0	0.003162857142857143
13353.0	7.0	1.0	0.0	0.0024342857142857144
13360.0	7.0	1.0	0.0	0.0034571428571428574
13367.0	7.0	1.0	0.0	0.0018414285714285715
13374.0	7.0	1.0	0.0	0.00031
13381.0	7.0	1.0	0.0	3.285714285714286e-05
13388.0	7.0	1.0	0.0	0.00030571428571428573
13395.0	7.0	1.0	0.0	0.0
13402.0	7.0	1.0	0.0	3.285714285714286e-05
13409.0	7.0	1.0	0.0	0.0
13416.0	7.0	1.0	0.0	0.00019142857142857142
13423.0	7.0	1.0	0.0	5.857142857142857e-05
13430.0	7.0	1.0	0.0	0.00017142857142857145
13437.0	7.0	1.0	0.0	0.0003414285714285714
13444.0	7.0	1.0	0.0	0.00013857142857142857
13451.0	7.0	1.0	0.0	0.0001942857142857143
13458.0	7.0	1.0	0.0	0.0
13465.0	7.0	1.0	0.0	0.00020999999999999998
13472.0	7.0	1.0	0.0	0.0002757142857142857
13479.0	7.0	1.0	0.0	0.0003071428571428571
13486.0	7.0	1.0	0.0	0.00022
13493.0	7.0	1.0	0.0	0.00021857142857142857
13500.0	7.0	1.0	0.0	0.0002442857142857143
13507.0	7.0	1.0	0.0	6e-05
13514.0	7.0	1.0	0.0	0.0
2198.0	7.0	1.0	0.0	1.4285714285714286e-06
2205.0	7.0	1.0	0.0	0.0
2212.0	7.0	1.0	0.0	1e-05
2219.0	7.0	1.0	0.0	1.5714285714285715e-05
2226.0	7.0	1.0	0.0	5.7142857142857145e-06
2233.0	7.0	1.0	0.0	0.00019571428571428574
2240.0	7.0	1.0	0.0	0.00018714285714285713
2247.0	7.0	1.0	0.0	0.0003071428571428571
2254.0	7.0	1.0	0.0	0.0006842857142857143
2261.0	7.0	1.0	0.0	0.0004114285714285714
2268.0	7.0	1.0	0.0	0.0012528571428571428
2275.0	7.0	1.0	0.0	0.0026028571428571433
2282.0	7.0	1.0	0.0	0.0013814285714285714
2289.0	7.0	1.0	0.0	0.0023457142857142856
2296.0	7.0	1.0	0.0	0.0020199999999999997
2303.0	7.0	1.0	0.0	0.0009485714285714286
2310.0	7.0	1.0	0.0	0.004002857142857143
2317.0	7.0	1.0	0.0	0.007337142857142857
2324.0	7.0	1.0	0.0	0.0032414285714285713
2331.0	7.0	1.0	0.0	0.0014485714285714288
2338.0	7.0	1.0	0.0	0.0006171428571428571
2345.0	7.0	1.0	0.0	0.0012828571428571429
2352.0	7.0	1.0	0.0	0.002608571428571429
2359.0	7.0	1.0	0.0	0.0021614285714285715
2366.0	7.0	1.0	0.0	0.0032257142857142853
2373.0	7.0	1.0	0.0	0.002625714285714286
2380.0	7.0	1.0	0.0	0.0036999999999999997
2387.0	7.0	1.0	0.0	0.003105714285714286
2394.0	7.0	1.0	0.0	0.002942857142857143
2401.0	7.0	1.0	0.0	0.0013385714285714286
2408.0	7.0	1.0	0.0	0.0005471428571428572
2415.0	7.0	1.0	0.0	0.0009371428571428571
2422.0	7.0	1.0	0.0	0.0019442857142857142
2429.0	7.0	1.0	0.0	0.0012614285714285715
2436.0	7.0	1.0	0.0	0.0016200000000000003
2443.0	7.0	1.0	0.0	0.00015142857142857145
2450.0	7.0	1.0	0.0	0.0
2457.0	7.0	1.0	0.0	0.00014
2464.0	7.0	1.0	0.0	0.00022428571428571427
2471.0	7.0	1.0	0.0	0.0005742857142857141
2478.0	7.0	1.0	0.0	0.00014000000000000001
2485.0	7.0	1.0	0.0	5.8571428571428575e-05
2492.0	7.0	1.0	0.0	0.0
2499.0	7.0	1.0	0.0	0.00027142857142857144
2506.0	7.0	1.0	0.0	0.00027428571428571427
2513.0	7.0	1.0	0.0	5.7142857142857145e-06
2520.0	7.0	1.0	0.0	4.142857142857143e-05
2527.0	7.0	1.0	0.0	0.0
2534.0	7.0	1.0	0.0	0.0002528571428571429
2541.0	7.0	1.0	0.0	5.142857142857143e-05
2548.0	7.0	1.0	0.0	0.00023428571428571427
2555.0	7.0	1.0	0.0	2.8571428571428573e-06
14250.0	7.0	1.0	0.0	5.428571428571428e-05
14257.0	7.0	1.0	0.0	0.0
14264.0	7.0	1.0	0.0	0.0
14271.0	7.0	1.0	0.0	1.4285714285714286e-06
14278.0	7.0	1.0	0.0	4.285714285714286e-06
14285.0	7.0	1.0	0.0	1.9999999999999998e-05
14292.0	7.0	1.0	0.0	3.857142857142856e-05
14299.0	7.0	1.0	0.0	0.0
14306.0	7.0	1.0	0.0	0.00010285714285714286
14313.0	7.0	1.0	0.0	5.714285714285715e-05
14320.0	7.0	1.0	0.0	3.571428571428572e-05
14327.0	7.0	1.0	0.0	7.285714285714286e-05
14334.0	7.0	1.0	0.0	0.0005871428571428571
14341.0	7.0	1.0	0.0	0.0009842857142857145
14348.0	7.0	1.0	0.0	0.0015057142857142856
14355.0	7.0	1.0	0.0	0.0020557142857142857
14362.0	7.0	1.0	0.0	0.002677142857142857
14369.0	7.0	1.0	0.0	0.003885714285714286
14376.0	7.0	1.0	0.0	0.0030728571428571424
14383.0	7.0	1.0	0.0	0.001827142857142857
14390.0	7.0	1.0	0.0	0.00253
14397.0	7.0	1.0	0.0	0.00182
14404.0	7.0	1.0	0.0	0.0010542857142857144
14411.0	7.0	1.0	0.0	0.003202857142857143
14418.0	7.0	1.0	0.0	0.0024485714285714284
14425.0	7.0	1.0	0.0	0.0015285714285714288
14432.0	7.0	1.0	0.0	0.0009985714285714287
14439.0	7.0	1.0	0.0	0.0005014285714285715
14446.0	7.0	1.0	0.0	0.0007985714285714285
14453.0	7.0	1.0	0.0	0.005014285714285715
14460.0	7.0	1.0	0.0	0.0021757142857142856
14467.0	7.0	1.0	0.0	6.714285714285715e-05
14474.0	7.0	1.0	0.0	0.00012428571428571428
14481.0	7.0	1.0	0.0	0.00031571428571428576
14488.0	7.0	1.0	0.0	0.00016857142857142857
14495.0	7.0	1.0	0.0	0.0
14502.0	7.0	1.0	0.0	0.0
14509.0	7.0	1.0	0.0	0.0
14516.0	7.0	1.0	0.0	1.8571428571428575e-05
14523.0	7.0	1.0	0.0	1.2857142857142857e-05
14530.0	7.0	1.0	0.0	2.8571428571428573e-06
14537.0	7.0	1.0	0.0	1.8571428571428575e-05
14544.0	7.0	1.0	0.0	2.7142857142857144e-05
14551.0	7.0	1.0	0.0	0.0
14558.0	7.0	1.0	0.0	3.1428571428571424e-05
14565.0	7.0	1.0	0.0	1.4285714285714286e-06
14572.0	7.0	1.0	0.0	0.0
14579.0	7.0	1.0	0.0	0.0
14586.0	7.0	1.0	0.0	0.0
14593.0	7.0	1.0	0.0	2.8571428571428573e-06
14600.0	7.0	1.0	0.0	0.0
14607.0	7.0	1.0	0.0	0.0
9866.0	7.0	1.0	0.0	4.714285714285714e-05
9873.0	7.0	1.0	0.0	0.0
9880.0	7.0	1.0	0.0	1.5714285714285715e-05
9887.0	7.0	1.0	0.0	0.00011571428571428571
9894.0	7.0	1.0	0.0	1.9999999999999998e-05
9901.0	7.0	1.0	0.0	1.2857142857142856e-05
9908.0	7.0	1.0	0.0	1.4285714285714286e-06
9915.0	7.0	1.0	0.0	0.0
9922.0	7.0	1.0	0.0	0.0
9929.0	7.0	1.0	0.0	0.00010428571428571428
9936.0	7.0	1.0	0.0	0.0002042857142857143
9943.0	7.0	1.0	0.0	1.4285714285714286e-06
9950.0	7.0	1.0	0.0	0.0
9957.0	7.0	1.0	0.0	0.00033142857142857144
9964.0	7.0	1.0	0.0	3.857142857142857e-05
9971.0	7.0	1.0	0.0	0.00025000000000000006
9978.0	7.0	1.0	0.0	0.0005571428571428572
9985.0	7.0	1.0	0.0	0.00018428571428571428
9992.0	7.0	1.0	0.0	0.00026000000000000003
9999.0	7.0	1.0	0.0	0.0006757142857142857
10006.0	7.0	1.0	0.0	0.0032485714285714284
10013.0	7.0	1.0	0.0	0.005757142857142857
10020.0	7.0	1.0	0.0	0.0041457142857142856
10027.0	7.0	1.0	0.0	0.002644285714285714
10034.0	7.0	1.0	0.0	0.00205
10041.0	7.0	1.0	0.0	0.00025
10048.0	7.0	1.0	0.0	5.428571428571429e-05
10055.0	7.0	1.0	0.0	5.7142857142857145e-06
10062.0	7.0	1.0	0.0	0.00017
10069.0	7.0	1.0	0.0	3.714285714285715e-05
10076.0	7.0	1.0	0.0	0.00034
10083.0	7.0	1.0	0.0	0.00013142857142857143
10090.0	7.0	1.0	0.0	0.0
10097.0	7.0	1.0	0.0	0.00012142857142857144
10104.0	7.0	1.0	0.0	0.00038
10111.0	7.0	1.0	0.0	0.001377142857142857
10118.0	7.0	1.0	0.0	0.0032342857142857143
10125.0	7.0	1.0	0.0	0.0026714285714285716
10132.0	7.0	1.0	0.0	0.0019571428571428574
10139.0	7.0	1.0	0.0	0.00012142857142857142
10146.0	7.0	1.0	0.0	0.0
10153.0	7.0	1.0	0.0	0.0
10160.0	7.0	1.0	0.0	9.428571428571429e-05
10167.0	7.0	1.0	0.0	9.142857142857145e-05
10174.0	7.0	1.0	0.0	0.0004471428571428572
10181.0	7.0	1.0	0.0	0.0
10188.0	7.0	1.0	0.0	2.8571428571428574e-05
10195.0	7.0	1.0	0.0	2.7142857142857144e-05
10202.0	7.0	1.0	0.0	6e-05
10209.0	7.0	1.0	0.0	2.571428571428571e-05
10216.0	7.0	1.0	0.0	2.2857142857142855e-05
10223.0	7.0	1.0	0.0	1.2857142857142857e-05
1829.0	7.0	1.0	0.0	0.0
1836.0	7.0	1.0	0.0	1.8571428571428575e-05
1843.0	7.0	1.0	0.0	2.8571428571428574e-05
1850.0	7.0	1.0	0.0	8.571428571428571e-06
1857.0	7.0	1.0	0.0	0.0
1864.0	7.0	1.0	0.0	0.00013857142857142857
1871.0	7.0	1.0	0.0	0.00020857142857142857
1878.0	7.0	1.0	0.0	0.00018285714285714286
1885.0	7.0	1.0	0.0	0.0001142857142857143
1892.0	7.0	1.0	0.0	4.5714285714285716e-05
1899.0	7.0	1.0	0.0	5.428571428571428e-05
1906.0	7.0	1.0	0.0	0.0
1913.0	7.0	1.0	0.0	0.0002357142857142857
1920.0	7.0	1.0	0.0	0.00012285714285714287
1927.0	7.0	1.0	0.0	0.0009171428571428571
1934.0	7.0	1.0	0.0	5.142857142857142e-05
1941.0	7.0	1.0	0.0	0.0010385714285714286
1948.0	7.0	1.0	0.0	0.0022128571428571427
1955.0	7.0	1.0	0.0	0.00068
1962.0	7.0	1.0	0.0	6.428571428571429e-05
1969.0	7.0	1.0	0.0	0.00018428571428571428
1976.0	7.0	1.0	0.0	0.00011714285714285714
1983.0	7.0	1.0	0.0	4.428571428571428e-05
1990.0	7.0	1.0	0.0	9.999999999999999e-06
1997.0	7.0	1.0	0.0	0.00024
2004.0	7.0	1.0	0.0	0.00017571428571428575
2011.0	7.0	1.0	0.0	0.00031428571428571427
2018.0	7.0	1.0	0.0	0.002695714285714286
2025.0	7.0	1.0	0.0	0.001737142857142857
2032.0	7.0	1.0	0.0	0.0004642857142857143
2039.0	7.0	1.0	0.0	5.7142857142857145e-06
2046.0	7.0	1.0	0.0	0.0001914285714285714
2053.0	7.0	1.0	0.0	0.0009785714285714287
2060.0	7.0	1.0	0.0	0.0007642857142857141
2067.0	7.0	1.0	0.0	2.142857142857143e-05
2074.0	7.0	1.0	0.0	0.0
2081.0	7.0	1.0	0.0	7.999999999999999e-05
2088.0	7.0	1.0	0.0	0.0
2095.0	7.0	1.0	0.0	0.0
2102.0	7.0	1.0	0.0	2.8571428571428567e-05
2109.0	7.0	1.0	0.0	5.7142857142857145e-06
2116.0	7.0	1.0	0.0	2.8571428571428573e-06
2123.0	7.0	1.0	0.0	0.0
2130.0	7.0	1.0	0.0	0.0
2137.0	7.0	1.0	0.0	0.0
2144.0	7.0	1.0	0.0	0.0
2151.0	7.0	1.0	0.0	0.0
2158.0	7.0	1.0	0.0	0.0
2165.0	7.0	1.0	0.0	8.571428571428571e-06
2172.0	7.0	1.0	0.0	7.1428571428571436e-06
2179.0	7.0	1.0	0.0	3.142857142857143e-05
2186.0	7.0	1.0	0.0	0.0
8037.0	7.0	1.0	0.0	0.0
8044.0	7.0	1.0	0.0	3.285714285714286e-05
8051.0	7.0	1.0	0.0	0.00014285714285714287
8058.0	7.0	1.0	0.0	8.857142857142859e-05
8065.0	7.0	1.0	0.0	0.00041428571428571426
8072.0	7.0	1.0	0.0	5.714285714285715e-05
8079.0	7.0	1.0	0.0	7.571428571428571e-05
8086.0	7.0	1.0	0.0	0.0001985714285714286
8093.0	7.0	1.0	0.0	0.00025714285714285715
8100.0	7.0	1.0	0.0	3.285714285714286e-05
8107.0	7.0	1.0	0.0	8.714285714285714e-05
8114.0	7.0	1.0	0.0	0.0008042857142857142
8121.0	7.0	1.0	0.0	0.0003842857142857143
8128.0	7.0	1.0	0.0	0.0008742857142857144
8135.0	7.0	1.0	0.0	0.0024971428571428575
8142.0	7.0	1.0	0.0	0.006299999999999999
8149.0	7.0	1.0	0.0	0.005331428571428571
8156.0	7.0	1.0	0.0	0.0041428571428571434
8163.0	7.0	1.0	0.0	0.0051114285714285715
8170.0	7.0	1.0	0.0	0.002414285714285714
8177.0	7.0	1.0	0.0	0.0009500000000000002
8184.0	7.0	1.0	0.0	0.00011142857142857144
8191.0	7.0	1.0	0.0	8.857142857142857e-05
8198.0	7.0	1.0	0.0	0.003351428571428571
8205.0	7.0	1.0	0.0	0.0024257142857142854
8212.0	7.0	1.0	0.0	0.0005000000000000001
8219.0	7.0	1.0	0.0	5.7142857142857145e-06
8226.0	7.0	1.0	0.0	2.1428571428571428e-05
8233.0	7.0	1.0	0.0	8.571428571428571e-06
8240.0	7.0	1.0	0.0	0.00019285714285714286
8247.0	7.0	1.0	0.0	5.428571428571429e-05
8254.0	7.0	1.0	0.0	1.4285714285714286e-06
8261.0	7.0	1.0	0.0	0.0
8268.0	7.0	1.0	0.0	5.714285714285715e-05
8275.0	7.0	1.0	0.0	0.0002942857142857143
8282.0	7.0	1.0	0.0	0.0004985714285714286
8289.0	7.0	1.0	0.0	0.0002842857142857143
8296.0	7.0	1.0	0.0	0.0004914285714285714
8303.0	7.0	1.0	0.0	0.00044428571428571434
8310.0	7.0	1.0	0.0	2.8571428571428573e-06
8317.0	7.0	1.0	0.0	8.857142857142857e-05
8324.0	7.0	1.0	0.0	9.857142857142856e-05
8331.0	7.0	1.0	0.0	0.00016857142857142857
8338.0	7.0	1.0	0.0	0.00012285714285714284
8345.0	7.0	1.0	0.0	0.0015142857142857143
8352.0	7.0	1.0	0.0	0.0034171428571428573
8359.0	7.0	1.0	0.0	0.00029857142857142853
8366.0	7.0	1.0	0.0	9.571428571428571e-05
8373.0	7.0	1.0	0.0	5e-05
8380.0	7.0	1.0	0.0	0.00010142857142857143
8387.0	7.0	1.0	0.0	6.428571428571429e-05
8394.0	7.0	1.0	0.0	0.00017285714285714284
8401.0	7.0	1.0	0.0	3.571428571428572e-05
11695.0	7.0	1.0	0.0	0.00015571428571428572
11702.0	7.0	1.0	0.0	0.0
11709.0	7.0	1.0	0.0	4.142857142857143e-05
11716.0	7.0	1.0	0.0	0.0
11723.0	7.0	1.0	0.0	0.00029285714285714283
11730.0	7.0	1.0	0.0	0.0
11737.0	7.0	1.0	0.0	3.142857142857143e-05
11744.0	7.0	1.0	0.0	5e-05
11751.0	7.0	1.0	0.0	5.7142857142857145e-06
11758.0	7.0	1.0	0.0	0.00011857142857142858
11765.0	7.0	1.0	0.0	0.00034857142857142856
11772.0	7.0	1.0	0.0	0.0003471428571428571
11779.0	7.0	1.0	0.0	0.0009557142857142856
11786.0	7.0	1.0	0.0	0.00245
11793.0	7.0	1.0	0.0	0.0031114285714285714
11800.0	7.0	1.0	0.0	0.0014942857142857143
11807.0	7.0	1.0	0.0	0.002658571428571429
11814.0	7.0	1.0	0.0	0.0021342857142857144
11821.0	7.0	1.0	0.0	0.0016057142857142854
11828.0	7.0	1.0	0.0	0.0030700000000000002
11835.0	7.0	1.0	0.0	0.004387142857142857
11842.0	7.0	1.0	0.0	0.004385714285714285
11849.0	7.0	1.0	0.0	0.0011914285714285714
11856.0	7.0	1.0	0.0	0.0018357142857142858
11863.0	7.0	1.0	0.0	0.0020057142857142856
11870.0	7.0	1.0	0.0	0.003078571428571429
11877.0	7.0	1.0	0.0	0.002871428571428571
11884.0	7.0	1.0	0.0	0.0009614285714285715
11891.0	7.0	1.0	0.0	2.142857142857143e-05
11898.0	7.0	1.0	0.0	0.0012828571428571429
11905.0	7.0	1.0	0.0	0.0013128571428571427
11912.0	7.0	1.0	0.0	7.571428571428571e-05
11919.0	7.0	1.0	0.0	0.0
11926.0	7.0	1.0	0.0	8.285714285714286e-05
11933.0	7.0	1.0	0.0	0.0
11940.0	7.0	1.0	0.0	5.7142857142857145e-06
11947.0	7.0	1.0	0.0	0.0
11954.0	7.0	1.0	0.0	3.285714285714286e-05
11961.0	7.0	1.0	0.0	3.4285714285714284e-05
11968.0	7.0	1.0	0.0	3.571428571428572e-05
11975.0	7.0	1.0	0.0	0.00014714285714285713
11982.0	7.0	1.0	0.0	0.00012
11989.0	7.0	1.0	0.0	3.428571428571429e-05
11996.0	7.0	1.0	0.0	0.0
12003.0	7.0	1.0	0.0	1.5714285714285715e-05
12010.0	7.0	1.0	0.0	0.0
12017.0	7.0	1.0	0.0	2.8571428571428573e-06
12024.0	7.0	1.0	0.0	0.0
12031.0	7.0	1.0	0.0	3.571428571428572e-05
12038.0	7.0	1.0	0.0	0.0
12045.0	7.0	1.0	0.0	2e-05
12052.0	7.0	1.0	0.0	0.0
1467.0	7.0	1.0	0.0	5.2857142857142855e-05
1474.0	7.0	1.0	0.0	0.0
1481.0	7.0	1.0	0.0	1.4285714285714286e-06
1488.0	7.0	1.0	0.0	0.00010714285714285715
1495.0	7.0	1.0	0.0	0.00022142857142857145
1502.0	7.0	1.0	0.0	5e-05
1509.0	7.0	1.0	0.0	0.00044857142857142855
1516.0	7.0	1.0	0.0	0.001107142857142857
1523.0	7.0	1.0	0.0	0.004085714285714285
1530.0	7.0	1.0	0.0	0.004492857142857144
1537.0	7.0	1.0	0.0	0.005387142857142857
1544.0	7.0	1.0	0.0	0.004575714285714286
1551.0	7.0	1.0	0.0	0.0022271428571428572
1558.0	7.0	1.0	0.0	0.0032614285714285714
1565.0	7.0	1.0	0.0	0.004251428571428572
1572.0	7.0	1.0	0.0	0.004472857142857142
1579.0	7.0	1.0	0.0	0.0043014285714285715
1586.0	7.0	1.0	0.0	0.0017414285714285715
1593.0	7.0	1.0	0.0	0.0011657142857142858
1600.0	7.0	1.0	0.0	0.001487142857142857
1607.0	7.0	1.0	0.0	0.0011685714285714285
1614.0	7.0	1.0	0.0	0.000632857142857143
1621.0	7.0	1.0	0.0	9e-05
1628.0	7.0	1.0	0.0	0.0005942857142857144
1635.0	7.0	1.0	0.0	0.00265
1642.0	7.0	1.0	0.0	0.0027385714285714283
1649.0	7.0	1.0	0.0	0.0007857142857142856
1656.0	7.0	1.0	0.0	0.0012000000000000001
1663.0	7.0	1.0	0.0	0.0009157142857142859
1670.0	7.0	1.0	0.0	0.00034
1677.0	7.0	1.0	0.0	0.0029971428571428575
1684.0	7.0	1.0	0.0	0.0022257142857142857
1691.0	7.0	1.0	0.0	0.0014942857142857143
1698.0	7.0	1.0	0.0	0.0019142857142857145
1705.0	7.0	1.0	0.0	0.0026985714285714286
1712.0	7.0	1.0	0.0	0.0015942857142857145
1719.0	7.0	1.0	0.0	0.0011528571428571428
1726.0	7.0	1.0	0.0	0.00010428571428571428
1733.0	7.0	1.0	0.0	0.0
1740.0	7.0	1.0	0.0	0.00017
1747.0	7.0	1.0	0.0	0.00039
1754.0	7.0	1.0	0.0	1.7142857142857142e-05
1761.0	7.0	1.0	0.0	5.428571428571429e-05
1768.0	7.0	1.0	0.0	0.0
1775.0	7.0	1.0	0.0	0.00012714285714285714
1782.0	7.0	1.0	0.0	0.0
1789.0	7.0	1.0	0.0	0.0
1796.0	7.0	1.0	0.0	5.7142857142857145e-06
1803.0	7.0	1.0	0.0	2e-05
1810.0	7.0	1.0	0.0	2.5714285714285714e-05
1817.0	7.0	1.0	0.0	0.0
1824.0	7.0	1.0	0.0	3e-05
3292.0	7.0	1.0	0.0	6.857142857142857e-05
3299.0	7.0	1.0	0.0	2.571428571428571e-05
3306.0	7.0	1.0	0.0	0.00012428571428571428
3313.0	7.0	1.0	0.0	1.7142857142857142e-05
3320.0	7.0	1.0	0.0	0.0
3327.0	7.0	1.0	0.0	0.0
3334.0	7.0	1.0	0.0	3.4285714285714284e-05
3341.0	7.0	1.0	0.0	7.1428571428571436e-06
3348.0	7.0	1.0	0.0	8.571428571428573e-06
3355.0	7.0	1.0	0.0	0.00033714285714285714
3362.0	7.0	1.0	0.0	0.0
3369.0	7.0	1.0	0.0	0.00018285714285714286
3376.0	7.0	1.0	0.0	0.00017285714285714287
3383.0	7.0	1.0	0.0	0.0009371428571428571
3390.0	7.0	1.0	0.0	0.003887142857142857
3397.0	7.0	1.0	0.0	0.004498571428571429
3404.0	7.0	1.0	0.0	0.0012771428571428571
3411.0	7.0	1.0	0.0	0.0007857142857142856
3418.0	7.0	1.0	0.0	0.00761857142857143
3425.0	7.0	1.0	0.0	0.009191428571428571
3432.0	7.0	1.0	0.0	0.005287142857142858
3439.0	7.0	1.0	0.0	0.00438
3446.0	7.0	1.0	0.0	0.003405714285714286
3453.0	7.0	1.0	0.0	0.0009185714285714285
3460.0	7.0	1.0	0.0	0.0007757142857142856
3467.0	7.0	1.0	0.0	0.0017657142857142856
3474.0	7.0	1.0	0.0	0.004495714285714285
3481.0	7.0	1.0	0.0	0.0028728571428571427
3488.0	7.0	1.0	0.0	0.0013942857142857142
3495.0	7.0	1.0	0.0	0.0005857142857142858
3502.0	7.0	1.0	0.0	0.0010885714285714285
3509.0	7.0	1.0	0.0	0.0025614285714285713
3516.0	7.0	1.0	0.0	0.0015928571428571428
3523.0	7.0	1.0	0.0	0.0010142857142857143
3530.0	7.0	1.0	0.0	0.0008714285714285714
3537.0	7.0	1.0	0.0	8.571428571428571e-06
3544.0	7.0	1.0	0.0	0.0
3551.0	7.0	1.0	0.0	4.714285714285714e-05
3558.0	7.0	1.0	0.0	0.00013428571428571428
3565.0	7.0	1.0	0.0	2.4285714285714288e-05
3572.0	7.0	1.0	0.0	4.142857142857143e-05
3579.0	7.0	1.0	0.0	8.428571428571429e-05
3586.0	7.0	1.0	0.0	6.857142857142857e-05
3593.0	7.0	1.0	0.0	0.0
3600.0	7.0	1.0	0.0	0.00025714285714285715
3607.0	7.0	1.0	0.0	0.00011571428571428571
3614.0	7.0	1.0	0.0	0.00043714285714285714
3621.0	7.0	1.0	0.0	6e-05
3628.0	7.0	1.0	0.0	0.00036
3635.0	7.0	1.0	0.0	0.00018428571428571428
3642.0	7.0	1.0	0.0	5.7142857142857145e-06
3649.0	7.0	1.0	0.0	7.1428571428571436e-06
6578.0	7.0	1.0	0.0	1.4285714285714286e-06
6585.0	7.0	1.0	0.0	2.8571428571428573e-06
6592.0	7.0	1.0	0.0	1.4285714285714286e-06
6599.0	7.0	1.0	0.0	3.571428571428572e-05
6606.0	7.0	1.0	0.0	0.00018285714285714286
6613.0	7.0	1.0	0.0	1.7142857142857145e-05
6620.0	7.0	1.0	0.0	0.0
6627.0	7.0	1.0	0.0	4e-05
6634.0	7.0	1.0	0.0	2.4285714285714288e-05
6641.0	7.0	1.0	0.0	0.0004285714285714286
6648.0	7.0	1.0	0.0	7e-05
6655.0	7.0	1.0	0.0	9.999999999999999e-06
6662.0	7.0	1.0	0.0	1.7142857142857142e-05
6669.0	7.0	1.0	0.0	0.0
6676.0	7.0	1.0	0.0	0.0
6683.0	7.0	1.0	0.0	0.00016
6690.0	7.0	1.0	0.0	0.0003242857142857143
6697.0	7.0	1.0	0.0	0.0006528571428571429
6704.0	7.0	1.0	0.0	3.285714285714286e-05
6711.0	7.0	1.0	0.0	4.142857142857143e-05
6718.0	7.0	1.0	0.0	5.7142857142857145e-06
6725.0	7.0	1.0	0.0	7.42857142857143e-05
6732.0	7.0	1.0	0.0	0.00030142857142857147
6739.0	7.0	1.0	0.0	0.0009257142857142857
6746.0	7.0	1.0	0.0	0.0005585714285714285
6753.0	7.0	1.0	0.0	4.285714285714286e-05
6760.0	7.0	1.0	0.0	2.571428571428571e-05
6767.0	7.0	1.0	0.0	0.00016142857142857145
6774.0	7.0	1.0	0.0	0.0014871428571428572
6781.0	7.0	1.0	0.0	0.0043328571428571435
6788.0	7.0	1.0	0.0	0.004200000000000001
6795.0	7.0	1.0	0.0	0.0025542857142857142
6802.0	7.0	1.0	0.0	0.0027928571428571425
6809.0	7.0	1.0	0.0	0.0013057142857142861
6816.0	7.0	1.0	0.0	0.0001642857142857143
6823.0	7.0	1.0	0.0	0.00017
6830.0	7.0	1.0	0.0	0.0002042857142857143
6837.0	7.0	1.0	0.0	1e-05
6844.0	7.0	1.0	0.0	9.857142857142856e-05
6851.0	7.0	1.0	0.0	1.4285714285714286e-06
6858.0	7.0	1.0	0.0	0.00010857142857142858
6865.0	7.0	1.0	0.0	1.1428571428571429e-05
6872.0	7.0	1.0	0.0	3.571428571428572e-05
6879.0	7.0	1.0	0.0	5.142857142857142e-05
6886.0	7.0	1.0	0.0	2.8571428571428573e-06
6893.0	7.0	1.0	0.0	0.0
6900.0	7.0	1.0	0.0	1.1428571428571429e-05
6907.0	7.0	1.0	0.0	0.00011142857142857143
6914.0	7.0	1.0	0.0	9.285714285714286e-05
6921.0	7.0	1.0	0.0	0.0
6928.0	7.0	1.0	0.0	0.0
6935.0	7.0	1.0	0.0	0.0
8768.0	7.0	1.0	0.0	0.00012857142857142858
8775.0	7.0	1.0	0.0	0.00028285714285714286
8782.0	7.0	1.0	0.0	5e-05
8789.0	7.0	1.0	0.0	0.00011285714285714286
8796.0	7.0	1.0	0.0	0.0005385714285714285
8803.0	7.0	1.0	0.0	0.0001142857142857143
8810.0	7.0	1.0	0.0	0.00101
8817.0	7.0	1.0	0.0	0.001892857142857143
8824.0	7.0	1.0	0.0	0.0006114285714285715
8831.0	7.0	1.0	0.0	1.4285714285714286e-06
8838.0	7.0	1.0	0.0	0.0
8845.0	7.0	1.0	0.0	0.0005542857142857143
8852.0	7.0	1.0	0.0	0.0030771428571428577
8859.0	7.0	1.0	0.0	0.0056585714285714295
8866.0	7.0	1.0	0.0	0.0061171428571428575
8873.0	7.0	1.0	0.0	0.004822857142857143
8880.0	7.0	1.0	0.0	0.0019314285714285716
8887.0	7.0	1.0	0.0	0.0008457142857142856
8894.0	7.0	1.0	0.0	0.0029828571428571426
8901.0	7.0	1.0	0.0	0.0020014285714285715
8908.0	7.0	1.0	0.0	0.0020728571428571428
8915.0	7.0	1.0	0.0	0.004507142857142856
8922.0	7.0	1.0	0.0	0.0030557142857142857
8929.0	7.0	1.0	0.0	0.001747142857142857
8936.0	7.0	1.0	0.0	0.004761428571428571
8943.0	7.0	1.0	0.0	0.00925
8950.0	7.0	1.0	0.0	0.006318571428571429
8957.0	7.0	1.0	0.0	0.0037857142857142855
8964.0	7.0	1.0	0.0	0.00385
8971.0	7.0	1.0	0.0	0.0037728571428571433
8978.0	7.0	1.0	0.0	0.0030771428571428577
8985.0	7.0	1.0	0.0	0.002848571428571428
8992.0	7.0	1.0	0.0	0.002134285714285714
8999.0	7.0	1.0	0.0	0.0010842857142857143
9006.0	7.0	1.0	0.0	0.00017142857142857145
9013.0	7.0	1.0	0.0	7.1428571428571436e-06
9020.0	7.0	1.0	0.0	0.00012142857142857144
9027.0	7.0	1.0	0.0	0.00031142857142857144
9034.0	7.0	1.0	0.0	0.00012428571428571428
9041.0	7.0	1.0	0.0	0.0
9048.0	7.0	1.0	0.0	0.0002871428571428572
9055.0	7.0	1.0	0.0	4.8571428571428576e-05
9062.0	7.0	1.0	0.0	6.428571428571429e-05
9069.0	7.0	1.0	0.0	6.571428571428571e-05
9076.0	7.0	1.0	0.0	5.7142857142857145e-06
9083.0	7.0	1.0	0.0	0.00015
9090.0	7.0	1.0	0.0	0.0
9097.0	7.0	1.0	0.0	7.142857142857143e-05
9104.0	7.0	1.0	0.0	2.8571428571428573e-06
9111.0	7.0	1.0	0.0	2.4285714285714288e-05
9118.0	7.0	1.0	0.0	0.0
9125.0	7.0	1.0	0.0	3.571428571428572e-05
9132.0	7.0	1.0	0.0	0.00014285714285714287
9139.0	7.0	1.0	0.0	4.2857142857142855e-06
9146.0	7.0	1.0	0.0	0.0
9153.0	7.0	1.0	0.0	1e-05
9160.0	7.0	1.0	0.0	4.285714285714286e-05
9167.0	7.0	1.0	0.0	0.00016714285714285716
9174.0	7.0	1.0	0.0	0.0003071428571428571
9181.0	7.0	1.0	0.0	1.4285714285714284e-05
9188.0	7.0	1.0	0.0	0.00022142857142857142
9195.0	7.0	1.0	0.0	9.428571428571429e-05
9202.0	7.0	1.0	0.0	0.0
9209.0	7.0	1.0	0.0	7.1428571428571436e-06
9216.0	7.0	1.0	0.0	8.428571428571429e-05
9223.0	7.0	1.0	0.0	0.0
9230.0	7.0	1.0	0.0	0.00019
9237.0	7.0	1.0	0.0	0.00010999999999999999
9244.0	7.0	1.0	0.0	0.00026000000000000003
9251.0	7.0	1.0	0.0	0.00038
9258.0	7.0	1.0	0.0	1.4285714285714286e-06
9265.0	7.0	1.0	0.0	0.00024142857142857145
9272.0	7.0	1.0	0.0	0.0008814285714285714
9279.0	7.0	1.0	0.0	0.0018
9286.0	7.0	1.0	0.0	0.0015414285714285716
9293.0	7.0	1.0	0.0	0.0013271428571428572
9300.0	7.0	1.0	0.0	0.0002871428571428572
9307.0	7.0	1.0	0.0	0.00035
9314.0	7.0	1.0	0.0	0.00028285714285714286
9321.0	7.0	1.0	0.0	0.0021414285714285715
9328.0	7.0	1.0	0.0	0.0020657142857142857
9335.0	7.0	1.0	0.0	0.0025485714285714287
9342.0	7.0	1.0	0.0	0.0013642857142857144
9349.0	7.0	1.0	0.0	8.999999999999999e-05
9356.0	7.0	1.0	0.0	7.285714285714286e-05
9363.0	7.0	1.0	0.0	0.00043285714285714287
9370.0	7.0	1.0	0.0	0.00012857142857142858
9377.0	7.0	1.0	0.0	0.0
9384.0	7.0	1.0	0.0	5.285714285714286e-05
9391.0	7.0	1.0	0.0	0.0003585714285714286
9398.0	7.0	1.0	0.0	0.0
9405.0	7.0	1.0	0.0	0.00041428571428571426
9412.0	7.0	1.0	0.0	0.0
9419.0	7.0	1.0	0.0	0.00014571428571428572
9426.0	7.0	1.0	0.0	0.00026857142857142856
9433.0	7.0	1.0	0.0	0.0
9440.0	7.0	1.0	0.0	8.285714285714286e-05
9447.0	7.0	1.0	0.0	0.0
9454.0	7.0	1.0	0.0	3.285714285714286e-05
9461.0	7.0	1.0	0.0	4.285714285714286e-06
9468.0	7.0	1.0	0.0	3.857142857142857e-05
9475.0	7.0	1.0	0.0	5.7142857142857145e-06
9482.0	7.0	1.0	0.0	0.0
9489.0	7.0	1.0	0.0	0.0
9496.0	7.0	1.0	0.0	0.0
1833.0	7.0	1.0	0.0	4.2857142857142855e-06
1840.0	7.0	1.0	0.0	4.285714285714286e-05
1847.0	7.0	1.0	0.0	0.0
1854.0	7.0	1.0	0.0	8.571428571428571e-06
1861.0	7.0	1.0	0.0	1.4285714285714286e-06
1868.0	7.0	1.0	0.0	0.0003128571428571429
1875.0	7.0	1.0	0.0	0.00021285714285714286
1882.0	7.0	1.0	0.0	0.00011714285714285715
1889.0	7.0	1.0	0.0	0.0
1896.0	7.0	1.0	0.0	9.714285714285715e-05
1903.0	7.0	1.0	0.0	2.8571428571428573e-06
1910.0	7.0	1.0	0.0	0.0
1917.0	7.0	1.0	0.0	0.00035571428571428576
1924.0	7.0	1.0	0.0	0.00012857142857142858
1931.0	7.0	1.0	0.0	0.0008428571428571427
1938.0	7.0	1.0	0.0	0.00041000000000000005
1945.0	7.0	1.0	0.0	0.0020842857142857143
1952.0	7.0	1.0	0.0	0.0012528571428571428
1959.0	7.0	1.0	0.0	0.0002471428571428571
1966.0	7.0	1.0	0.0	0.0001
1973.0	7.0	1.0	0.0	0.00017571428571428572
1980.0	7.0	1.0	0.0	4.428571428571428e-05
1987.0	7.0	1.0	0.0	2.7142857142857144e-05
1994.0	7.0	1.0	0.0	6.857142857142858e-05
2001.0	7.0	1.0	0.0	0.0003414285714285714
2008.0	7.0	1.0	0.0	9e-05
2015.0	7.0	1.0	0.0	0.0015485714285714285
2022.0	7.0	1.0	0.0	0.0026200000000000004
2029.0	7.0	1.0	0.0	0.0008971428571428571
2036.0	7.0	1.0	0.0	7.714285714285714e-05
2043.0	7.0	1.0	0.0	1.1428571428571429e-05
2050.0	7.0	1.0	0.0	0.0004871428571428571
2057.0	7.0	1.0	0.0	0.0013242857142857143
2064.0	7.0	1.0	0.0	0.00011714285714285714
2071.0	7.0	1.0	0.0	1.5714285714285715e-05
2078.0	7.0	1.0	0.0	7.999999999999999e-05
2085.0	7.0	1.0	0.0	0.0
2092.0	7.0	1.0	0.0	0.0
2099.0	7.0	1.0	0.0	2.571428571428571e-05
2106.0	7.0	1.0	0.0	8.571428571428573e-06
2113.0	7.0	1.0	0.0	2.8571428571428573e-06
2120.0	7.0	1.0	0.0	0.0
2127.0	7.0	1.0	0.0	0.0
2134.0	7.0	1.0	0.0	0.0
2141.0	7.0	1.0	0.0	0.0
2148.0	7.0	1.0	0.0	0.0
2155.0	7.0	1.0	0.0	0.0
2162.0	7.0	1.0	0.0	8.571428571428571e-06
2169.0	7.0	1.0	0.0	7.1428571428571436e-06
2176.0	7.0	1.0	0.0	3.142857142857143e-05
2183.0	7.0	1.0	0.0	0.0
2190.0	7.0	1.0	0.0	0.0
3658.0	7.0	1.0	0.0	8.571428571428571e-06
3665.0	7.0	1.0	0.0	4.5714285714285716e-05
3672.0	7.0	1.0	0.0	0.0
3679.0	7.0	1.0	0.0	3e-05
3686.0	7.0	1.0	0.0	3.285714285714286e-05
3693.0	7.0	1.0	0.0	4.285714285714286e-05
3700.0	7.0	1.0	0.0	0.0002457142857142857
3707.0	7.0	1.0	0.0	4.142857142857143e-05
3714.0	7.0	1.0	0.0	8e-05
3721.0	7.0	1.0	0.0	0.00087
3728.0	7.0	1.0	0.0	0.00012142857142857144
3735.0	7.0	1.0	0.0	0.00047999999999999996
3742.0	7.0	1.0	0.0	3.857142857142857e-05
3749.0	7.0	1.0	0.0	0.00011428571428571431
3756.0	7.0	1.0	0.0	0.0019357142857142856
3763.0	7.0	1.0	0.0	0.002122857142857143
3770.0	7.0	1.0	0.0	0.002178571428571429
3777.0	7.0	1.0	0.0	0.0015271428571428571
3784.0	7.0	1.0	0.0	0.0011057142857142858
3791.0	7.0	1.0	0.0	0.005324285714285714
3798.0	7.0	1.0	0.0	0.0041257142857142855
3805.0	7.0	1.0	0.0	0.0028557142857142856
3812.0	7.0	1.0	0.0	0.00275
3819.0	7.0	1.0	0.0	0.0037171428571428572
3826.0	7.0	1.0	0.0	0.003207142857142857
3833.0	7.0	1.0	0.0	0.001097142857142857
3840.0	7.0	1.0	0.0	0.0017757142857142856
3847.0	7.0	1.0	0.0	0.00039857142857142863
3854.0	7.0	1.0	0.0	0.0007471428571428571
3861.0	7.0	1.0	0.0	0.00221
3868.0	7.0	1.0	0.0	0.0028142857142857145
3875.0	7.0	1.0	0.0	0.0022185714285714287
3882.0	7.0	1.0	0.0	0.001152857142857143
3889.0	7.0	1.0	0.0	0.001842857142857143
3896.0	7.0	1.0	0.0	0.0016428571428571425
3903.0	7.0	1.0	0.0	0.0012214285714285714
3910.0	7.0	1.0	0.0	0.0002814285714285714
3917.0	7.0	1.0	0.0	0.0003757142857142857
3924.0	7.0	1.0	0.0	0.0008385714285714286
3931.0	7.0	1.0	0.0	0.00188
3938.0	7.0	1.0	0.0	0.004914285714285714
3945.0	7.0	1.0	0.0	0.0029714285714285715
3952.0	7.0	1.0	0.0	0.0045928571428571425
3959.0	7.0	1.0	0.0	0.0033785714285714287
3966.0	7.0	1.0	0.0	0.00046285714285714284
3973.0	7.0	1.0	0.0	5.7142857142857145e-06
3980.0	7.0	1.0	0.0	2.7142857142857144e-05
3987.0	7.0	1.0	0.0	0.00012857142857142858
3994.0	7.0	1.0	0.0	5.142857142857143e-05
4001.0	7.0	1.0	0.0	6.285714285714286e-05
4008.0	7.0	1.0	0.0	0.0002914285714285714
4015.0	7.0	1.0	0.0	7.714285714285714e-05
14979.0	7.0	1.0	0.0	4.714285714285715e-05
14986.0	7.0	1.0	0.0	0.0001142857142857143
14993.0	7.0	1.0	0.0	5.571428571428572e-05
15000.0	7.0	1.0	0.0	9.142857142857142e-05
15007.0	7.0	1.0	0.0	5.142857142857142e-05
15014.0	7.0	1.0	0.0	5e-05
15021.0	7.0	1.0	0.0	0.00011142857142857144
15028.0	7.0	1.0	0.0	0.0
15035.0	7.0	1.0	0.0	1.4285714285714286e-06
15042.0	7.0	1.0	0.0	1e-05
15049.0	7.0	1.0	0.0	3e-05
15056.0	7.0	1.0	0.0	3.714285714285715e-05
15063.0	7.0	1.0	0.0	4.714285714285714e-05
15070.0	7.0	1.0	0.0	2.2857142857142855e-05
15077.0	7.0	1.0	0.0	2.8571428571428573e-06
15084.0	7.0	1.0	0.0	0.0
15091.0	7.0	1.0	0.0	0.00011142857142857143
15098.0	7.0	1.0	0.0	0.0006214285714285714
15105.0	7.0	1.0	0.0	0.0009585714285714285
15112.0	7.0	1.0	0.0	0.0030557142857142857
15119.0	7.0	1.0	0.0	0.0031528571428571426
15126.0	7.0	1.0	0.0	0.004145714285714286
15133.0	7.0	1.0	0.0	0.0025385714285714287
15140.0	7.0	1.0	0.0	0.0005700000000000001
15147.0	7.0	1.0	0.0	0.0006000000000000001
15154.0	7.0	1.0	0.0	0.0009471428571428572
15161.0	7.0	1.0	0.0	0.0005185714285714285
15168.0	7.0	1.0	0.0	6.42857142857143e-05
15175.0	7.0	1.0	0.0	0.0001342857142857143
15182.0	7.0	1.0	0.0	7.1428571428571436e-06
15189.0	7.0	1.0	0.0	0.00020142857142857142
15196.0	7.0	1.0	0.0	2.8571428571428573e-06
15203.0	7.0	1.0	0.0	0.00017714285714285713
15210.0	7.0	1.0	0.0	0.0
15217.0	7.0	1.0	0.0	1.4285714285714286e-06
15224.0	7.0	1.0	0.0	0.0002014285714285714
15231.0	7.0	1.0	0.0	0.00012571428571428572
15238.0	7.0	1.0	0.0	0.00037142857142857143
15245.0	7.0	1.0	0.0	0.0002985714285714286
15252.0	7.0	1.0	0.0	0.00020142857142857142
15259.0	7.0	1.0	0.0	6.285714285714286e-05
15266.0	7.0	1.0	0.0	0.00022142857142857145
15273.0	7.0	1.0	0.0	9.428571428571429e-05
15280.0	7.0	1.0	0.0	0.00013428571428571428
15287.0	7.0	1.0	0.0	0.00012142857142857144
15294.0	7.0	1.0	0.0	0.00016571428571428572
15301.0	7.0	1.0	0.0	0.00015714285714285716
15308.0	7.0	1.0	0.0	2.8571428571428574e-05
15315.0	7.0	1.0	0.0	0.00016571428571428572
15322.0	7.0	1.0	0.0	7.285714285714286e-05
15329.0	7.0	1.0	0.0	5.7142857142857145e-06
15336.0	7.0	1.0	0.0	2.8571428571428573e-06
13152.0	7.0	1.0	0.0	0.0
13159.0	7.0	1.0	0.0	5.7142857142857145e-06
13166.0	7.0	1.0	0.0	6.285714285714286e-05
13173.0	7.0	1.0	0.0	2.8571428571428574e-05
13180.0	7.0	1.0	0.0	2.8571428571428573e-06
13187.0	7.0	1.0	0.0	0.00016428571428571428
13194.0	7.0	1.0	0.0	0.0001742857142857143
13201.0	7.0	1.0	0.0	0.00012142857142857144
13208.0	7.0	1.0	0.0	0.0001528571428571429
13215.0	7.0	1.0	0.0	0.0001942857142857143
13222.0	7.0	1.0	0.0	1.5714285714285715e-05
13229.0	7.0	1.0	0.0	0.00023
13236.0	7.0	1.0	0.0	4.142857142857143e-05
13243.0	7.0	1.0	0.0	1.4285714285714286e-06
13250.0	7.0	1.0	0.0	0.00013571428571428572
13257.0	7.0	1.0	0.0	0.0005357142857142857
13264.0	7.0	1.0	0.0	0.00015142857142857145
13271.0	7.0	1.0	0.0	0.0010714285714285715
13278.0	7.0	1.0	0.0	0.00599142857142857
13285.0	7.0	1.0	0.0	0.003935714285714286
13292.0	7.0	1.0	0.0	0.0014028571428571428
13299.0	7.0	1.0	0.0	0.0016357142857142855
13306.0	7.0	1.0	0.0	0.0019414285714285716
13313.0	7.0	1.0	0.0	0.0014614285714285716
13320.0	7.0	1.0	0.0	0.002281428571428572
13327.0	7.0	1.0	0.0	0.0011814285714285713
13334.0	7.0	1.0	0.0	0.0001957142857142857
13341.0	7.0	1.0	0.0	0.0020542857142857142
13348.0	7.0	1.0	0.0	0.002525714285714286
13355.0	7.0	1.0	0.0	0.00295
13362.0	7.0	1.0	0.0	0.0031485714285714285
13369.0	7.0	1.0	0.0	0.001182857142857143
13376.0	7.0	1.0	0.0	0.0002614285714285714
13383.0	7.0	1.0	0.0	4.428571428571428e-05
13390.0	7.0	1.0	0.0	0.0002757142857142857
13397.0	7.0	1.0	0.0	0.0
13404.0	7.0	1.0	0.0	3.285714285714286e-05
13411.0	7.0	1.0	0.0	1.7142857142857142e-05
13418.0	7.0	1.0	0.0	0.00017428571428571428
13425.0	7.0	1.0	0.0	6.428571428571429e-05
13432.0	7.0	1.0	0.0	0.0002757142857142857
13439.0	7.0	1.0	0.0	0.00023142857142857142
13446.0	7.0	1.0	0.0	0.00025285714285714283
13453.0	7.0	1.0	0.0	7.999999999999999e-05
13460.0	7.0	1.0	0.0	1.9999999999999998e-05
13467.0	7.0	1.0	0.0	0.00019
13474.0	7.0	1.0	0.0	0.0003014285714285714
13481.0	7.0	1.0	0.0	0.0003557142857142857
13488.0	7.0	1.0	0.0	0.00014714285714285716
13495.0	7.0	1.0	0.0	0.0002657142857142857
13502.0	7.0	1.0	0.0	0.00019571428571428574
13509.0	7.0	1.0	0.0	6e-05
9133.0	7.0	1.0	0.0	0.00014285714285714287
9140.0	7.0	1.0	0.0	4.2857142857142855e-06
9147.0	7.0	1.0	0.0	0.0
9154.0	7.0	1.0	0.0	1e-05
9161.0	7.0	1.0	0.0	5.571428571428572e-05
9168.0	7.0	1.0	0.0	0.0001942857142857143
9175.0	7.0	1.0	0.0	0.0002671428571428572
9182.0	7.0	1.0	0.0	8.285714285714286e-05
9189.0	7.0	1.0	0.0	0.00020142857142857142
9196.0	7.0	1.0	0.0	4.5714285714285716e-05
9203.0	7.0	1.0	0.0	0.0
9210.0	7.0	1.0	0.0	2.571428571428571e-05
9217.0	7.0	1.0	0.0	6.571428571428571e-05
9224.0	7.0	1.0	0.0	0.0
9231.0	7.0	1.0	0.0	0.00019285714285714286
9238.0	7.0	1.0	0.0	0.00011285714285714286
9245.0	7.0	1.0	0.0	0.00025571428571428577
9252.0	7.0	1.0	0.0	0.0003785714285714286
9259.0	7.0	1.0	0.0	1.4285714285714286e-06
9266.0	7.0	1.0	0.0	0.0003885714285714286
9273.0	7.0	1.0	0.0	0.0009685714285714286
9280.0	7.0	1.0	0.0	0.0018128571428571432
9287.0	7.0	1.0	0.0	0.0015414285714285716
9294.0	7.0	1.0	0.0	0.001157142857142857
9301.0	7.0	1.0	0.0	0.0003
9308.0	7.0	1.0	0.0	0.00026857142857142856
9315.0	7.0	1.0	0.0	0.0005157142857142858
9322.0	7.0	1.0	0.0	0.0022214285714285717
9329.0	7.0	1.0	0.0	0.0019942857142857145
9336.0	7.0	1.0	0.0	0.00266
9343.0	7.0	1.0	0.0	0.00104
9350.0	7.0	1.0	0.0	5.285714285714286e-05
9357.0	7.0	1.0	0.0	0.0001742857142857143
9364.0	7.0	1.0	0.0	0.00037
9371.0	7.0	1.0	0.0	9e-05
9378.0	7.0	1.0	0.0	0.0
9385.0	7.0	1.0	0.0	0.0001042857142857143
9392.0	7.0	1.0	0.0	0.0003071428571428571
9399.0	7.0	1.0	0.0	1.4285714285714287e-05
9406.0	7.0	1.0	0.0	0.0004
9413.0	7.0	1.0	0.0	0.0
9420.0	7.0	1.0	0.0	0.0002471428571428572
9427.0	7.0	1.0	0.0	0.00016714285714285716
9434.0	7.0	1.0	0.0	0.0
9441.0	7.0	1.0	0.0	8.285714285714286e-05
9448.0	7.0	1.0	0.0	1.4285714285714286e-06
9455.0	7.0	1.0	0.0	3.142857142857143e-05
9462.0	7.0	1.0	0.0	1.1428571428571429e-05
9469.0	7.0	1.0	0.0	3.285714285714286e-05
9476.0	7.0	1.0	0.0	4.2857142857142855e-06
9483.0	7.0	1.0	0.0	0.0
9490.0	7.0	1.0	0.0	0.0
13880.0	7.0	1.0	0.0	2.9999999999999997e-05
13887.0	7.0	1.0	0.0	3.714285714285716e-05
13894.0	7.0	1.0	0.0	2.8571428571428573e-06
13901.0	7.0	1.0	0.0	1.1428571428571427e-05
13908.0	7.0	1.0	0.0	2.8571428571428574e-05
13915.0	7.0	1.0	0.0	0.00011
13922.0	7.0	1.0	0.0	9e-05
13929.0	7.0	1.0	0.0	2.8571428571428573e-06
13936.0	7.0	1.0	0.0	5.428571428571429e-05
13943.0	7.0	1.0	0.0	0.00016142857142857145
13950.0	7.0	1.0	0.0	6.714285714285715e-05
13957.0	7.0	1.0	0.0	0.0001
13964.0	7.0	1.0	0.0	0.00042714285714285716
13971.0	7.0	1.0	0.0	0.0003457142857142857
13978.0	7.0	1.0	0.0	0.0007
13985.0	7.0	1.0	0.0	0.0011642857142857143
13992.0	7.0	1.0	0.0	0.00205
13999.0	7.0	1.0	0.0	0.0024814285714285715
14006.0	7.0	1.0	0.0	0.0038685714285714287
14013.0	7.0	1.0	0.0	0.003174285714285714
14020.0	7.0	1.0	0.0	0.0013228571428571428
14027.0	7.0	1.0	0.0	0.00010857142857142858
14034.0	7.0	1.0	0.0	2.1428571428571428e-05
14041.0	7.0	1.0	0.0	0.00018285714285714284
14048.0	7.0	1.0	0.0	0.0014071428571428572
14055.0	7.0	1.0	0.0	0.004432857142857143
14062.0	7.0	1.0	0.0	0.003125714285714286
14069.0	7.0	1.0	0.0	0.002695714285714286
14076.0	7.0	1.0	0.0	0.0014500000000000001
14083.0	7.0	1.0	0.0	0.00011714285714285715
14090.0	7.0	1.0	0.0	0.00034857142857142856
14097.0	7.0	1.0	0.0	0.0009542857142857143
14104.0	7.0	1.0	0.0	0.00019000000000000004
14111.0	7.0	1.0	0.0	5.5714285714285715e-05
14118.0	7.0	1.0	0.0	0.00013142857142857143
14125.0	7.0	1.0	0.0	6.857142857142857e-05
14132.0	7.0	1.0	0.0	0.00020999999999999998
14139.0	7.0	1.0	0.0	2.1428571428571428e-05
14146.0	7.0	1.0	0.0	0.0002528571428571429
14153.0	7.0	1.0	0.0	3.571428571428572e-05
14160.0	7.0	1.0	0.0	0.00031
14167.0	7.0	1.0	0.0	2.8571428571428574e-05
14174.0	7.0	1.0	0.0	0.00019285714285714286
14181.0	7.0	1.0	0.0	0.0
14188.0	7.0	1.0	0.0	0.00022285714285714283
14195.0	7.0	1.0	0.0	1.4285714285714286e-06
14202.0	7.0	1.0	0.0	0.0
14209.0	7.0	1.0	0.0	2.7142857142857144e-05
14216.0	7.0	1.0	0.0	4.2857142857142855e-06
14223.0	7.0	1.0	0.0	4.285714285714286e-06
14230.0	7.0	1.0	0.0	4.285714285714286e-06
14237.0	7.0	1.0	0.0	1.5714285714285715e-05
14244.0	7.0	1.0	0.0	5.428571428571429e-05
13520.0	7.0	1.0	0.0	0.0
13527.0	7.0	1.0	0.0	0.00037857142857142864
13534.0	7.0	1.0	0.0	0.00019857142857142857
13541.0	7.0	1.0	0.0	1.4285714285714286e-06
13548.0	7.0	1.0	0.0	0.0
13555.0	7.0	1.0	0.0	2.2857142857142855e-05
13562.0	7.0	1.0	0.0	5.7142857142857145e-06
13569.0	7.0	1.0	0.0	8.857142857142857e-05
13576.0	7.0	1.0	0.0	1.7142857142857142e-05
13583.0	7.0	1.0	0.0	2.4285714285714288e-05
13590.0	7.0	1.0	0.0	9.999999999999999e-06
13597.0	7.0	1.0	0.0	4.8571428571428576e-05
13604.0	7.0	1.0	0.0	0.0
13611.0	7.0	1.0	0.0	7.1428571428571436e-06
13618.0	7.0	1.0	0.0	8.714285714285714e-05
13625.0	7.0	1.0	0.0	4.714285714285715e-05
13632.0	7.0	1.0	0.0	0.0003457142857142857
13639.0	7.0	1.0	0.0	0.0006771428571428572
13646.0	7.0	1.0	0.0	1.2857142857142857e-05
13653.0	7.0	1.0	0.0	1.4285714285714286e-06
13660.0	7.0	1.0	0.0	0.00015857142857142857
13667.0	7.0	1.0	0.0	0.00045428571428571425
13674.0	7.0	1.0	0.0	0.0015157142857142858
13681.0	7.0	1.0	0.0	0.003344285714285714
13688.0	7.0	1.0	0.0	0.0008599999999999999
13695.0	7.0	1.0	0.0	0.0008142857142857143
13702.0	7.0	1.0	0.0	0.0013028571428571431
13709.0	7.0	1.0	0.0	5.142857142857144e-05
13716.0	7.0	1.0	0.0	4.714285714285714e-05
13723.0	7.0	1.0	0.0	0.0004042857142857143
13730.0	7.0	1.0	0.0	0.00041428571428571426
13737.0	7.0	1.0	0.0	0.0014157142857142858
13744.0	7.0	1.0	0.0	0.0003671428571428571
13751.0	7.0	1.0	0.0	0.0008942857142857143
13758.0	7.0	1.0	0.0	0.0007857142857142857
13765.0	7.0	1.0	0.0	3.285714285714286e-05
13772.0	7.0	1.0	0.0	0.00014142857142857143
13779.0	7.0	1.0	0.0	0.00012285714285714284
13786.0	7.0	1.0	0.0	0.00045428571428571425
13793.0	7.0	1.0	0.0	7.1428571428571436e-06
13800.0	7.0	1.0	0.0	0.00018857142857142854
13807.0	7.0	1.0	0.0	0.0003728571428571428
13814.0	7.0	1.0	0.0	0.0004185714285714286
13821.0	7.0	1.0	0.0	0.00020571428571428572
13828.0	7.0	1.0	0.0	8.857142857142859e-05
13835.0	7.0	1.0	0.0	2.8571428571428573e-06
13842.0	7.0	1.0	0.0	0.0
13849.0	7.0	1.0	0.0	3.285714285714286e-05
13856.0	7.0	1.0	0.0	7.285714285714286e-05
13863.0	7.0	1.0	0.0	0.0
13870.0	7.0	1.0	0.0	2.2857142857142855e-05
13877.0	7.0	1.0	0.0	3.142857142857143e-05
13519.0	7.0	1.0	0.0	9.999999999999999e-06
13526.0	7.0	1.0	0.0	0.0001742857142857143
13533.0	7.0	1.0	0.0	0.00040285714285714285
13540.0	7.0	1.0	0.0	0.0
13547.0	7.0	1.0	0.0	1.4285714285714286e-06
13554.0	7.0	1.0	0.0	1.4285714285714286e-06
13561.0	7.0	1.0	0.0	2.1428571428571428e-05
13568.0	7.0	1.0	0.0	6.571428571428571e-05
13575.0	7.0	1.0	0.0	4.571428571428571e-05
13582.0	7.0	1.0	0.0	2.4285714285714288e-05
13589.0	7.0	1.0	0.0	9.999999999999999e-06
13596.0	7.0	1.0	0.0	2.8571428571428573e-06
13603.0	7.0	1.0	0.0	4.5714285714285716e-05
13610.0	7.0	1.0	0.0	4.2857142857142855e-06
13617.0	7.0	1.0	0.0	9e-05
13624.0	7.0	1.0	0.0	4.714285714285715e-05
13631.0	7.0	1.0	0.0	0.00034285714285714285
13638.0	7.0	1.0	0.0	0.0006628571428571429
13645.0	7.0	1.0	0.0	3e-05
13652.0	7.0	1.0	0.0	1.4285714285714286e-06
13659.0	7.0	1.0	0.0	0.00015714285714285716
13666.0	7.0	1.0	0.0	0.00045571428571428575
13673.0	7.0	1.0	0.0	0.0011414285714285714
13680.0	7.0	1.0	0.0	0.00341
13687.0	7.0	1.0	0.0	0.001142857142857143
13694.0	7.0	1.0	0.0	0.0006500000000000001
13701.0	7.0	1.0	0.0	0.001438571428571429
13708.0	7.0	1.0	0.0	0.00010571428571428572
13715.0	7.0	1.0	0.0	1e-05
13722.0	7.0	1.0	0.0	0.0004042857142857143
13729.0	7.0	1.0	0.0	0.0002871428571428572
13736.0	7.0	1.0	0.0	0.0014514285714285716
13743.0	7.0	1.0	0.0	0.0003857142857142858
13750.0	7.0	1.0	0.0	0.00076
13757.0	7.0	1.0	0.0	0.00101
13764.0	7.0	1.0	0.0	5.2857142857142855e-05
13771.0	7.0	1.0	0.0	1.8571428571428575e-05
13778.0	7.0	1.0	0.0	0.00022428571428571427
13785.0	7.0	1.0	0.0	0.0002657142857142857
13792.0	7.0	1.0	0.0	0.00021714285714285713
13799.0	7.0	1.0	0.0	0.00018857142857142854
13806.0	7.0	1.0	0.0	0.00016428571428571428
13813.0	7.0	1.0	0.0	0.0005285714285714285
13820.0	7.0	1.0	0.0	0.0003042857142857143
13827.0	7.0	1.0	0.0	5.285714285714286e-05
13834.0	7.0	1.0	0.0	3.857142857142857e-05
13841.0	7.0	1.0	0.0	0.0
13848.0	7.0	1.0	0.0	1.9999999999999998e-05
13855.0	7.0	1.0	0.0	8e-05
13862.0	7.0	1.0	0.0	5.7142857142857145e-06
13869.0	7.0	1.0	0.0	2.2857142857142855e-05
13876.0	7.0	1.0	0.0	1.5714285714285715e-05
9866.0	7.0	1.0	0.0	4.714285714285714e-05
9873.0	7.0	1.0	0.0	0.0
9880.0	7.0	1.0	0.0	1.5714285714285715e-05
9887.0	7.0	1.0	0.0	0.00011571428571428571
9894.0	7.0	1.0	0.0	1.9999999999999998e-05
9901.0	7.0	1.0	0.0	1.2857142857142856e-05
9908.0	7.0	1.0	0.0	1.4285714285714286e-06
9915.0	7.0	1.0	0.0	0.0
9922.0	7.0	1.0	0.0	0.0
9929.0	7.0	1.0	0.0	0.00010428571428571428
9936.0	7.0	1.0	0.0	0.0002042857142857143
9943.0	7.0	1.0	0.0	1.4285714285714286e-06
9950.0	7.0	1.0	0.0	0.0
9957.0	7.0	1.0	0.0	0.00033142857142857144
9964.0	7.0	1.0	0.0	3.857142857142857e-05
9971.0	7.0	1.0	0.0	0.00025000000000000006
9978.0	7.0	1.0	0.0	0.0005571428571428572
9985.0	7.0	1.0	0.0	0.00018428571428571428
9992.0	7.0	1.0	0.0	0.00026000000000000003
9999.0	7.0	1.0	0.0	0.0006757142857142857
10006.0	7.0	1.0	0.0	0.0032485714285714284
10013.0	7.0	1.0	0.0	0.005757142857142857
10020.0	7.0	1.0	0.0	0.0041457142857142856
10027.0	7.0	1.0	0.0	0.002644285714285714
10034.0	7.0	1.0	0.0	0.00205
10041.0	7.0	1.0	0.0	0.00025
10048.0	7.0	1.0	0.0	5.428571428571429e-05
10055.0	7.0	1.0	0.0	5.7142857142857145e-06
10062.0	7.0	1.0	0.0	0.00017
10069.0	7.0	1.0	0.0	3.714285714285715e-05
10076.0	7.0	1.0	0.0	0.00034
10083.0	7.0	1.0	0.0	0.00013142857142857143
10090.0	7.0	1.0	0.0	0.0
10097.0	7.0	1.0	0.0	0.00012142857142857144
10104.0	7.0	1.0	0.0	0.00038
10111.0	7.0	1.0	0.0	0.001377142857142857
10118.0	7.0	1.0	0.0	0.0032342857142857143
10125.0	7.0	1.0	0.0	0.0026714285714285716
10132.0	7.0	1.0	0.0	0.0019571428571428574
10139.0	7.0	1.0	0.0	0.00012142857142857142
10146.0	7.0	1.0	0.0	0.0
10153.0	7.0	1.0	0.0	0.0
10160.0	7.0	1.0	0.0	9.428571428571429e-05
10167.0	7.0	1.0	0.0	9.142857142857145e-05
10174.0	7.0	1.0	0.0	0.0004471428571428572
10181.0	7.0	1.0	0.0	0.0
10188.0	7.0	1.0	0.0	2.8571428571428574e-05
10195.0	7.0	1.0	0.0	2.7142857142857144e-05
10202.0	7.0	1.0	0.0	6e-05
10209.0	7.0	1.0	0.0	2.571428571428571e-05
10216.0	7.0	1.0	0.0	2.2857142857142855e-05
10223.0	7.0	1.0	0.0	1.2857142857142857e-05
10960.0	7.0	1.0	0.0	3.285714285714286e-05
10967.0	7.0	1.0	0.0	1.4285714285714287e-05
10974.0	7.0	1.0	0.0	1.4285714285714287e-05
10981.0	7.0	1.0	0.0	2.142857142857143e-05
10988.0	7.0	1.0	0.0	4.428571428571428e-05
10995.0	7.0	1.0	0.0	0.0
11002.0	7.0	1.0	0.0	6.428571428571429e-05
11009.0	7.0	1.0	0.0	7.714285714285714e-05
11016.0	7.0	1.0	0.0	0.00022428571428571433
11023.0	7.0	1.0	0.0	0.00066
11030.0	7.0	1.0	0.0	0.0005157142857142857
11037.0	7.0	1.0	0.0	0.0008328571428571429
11044.0	7.0	1.0	0.0	0.002144285714285714
11051.0	7.0	1.0	0.0	0.007181428571428573
11058.0	7.0	1.0	0.0	0.011045714285714285
11065.0	7.0	1.0	0.0	0.010128571428571428
11072.0	7.0	1.0	0.0	0.007567142857142857
11079.0	7.0	1.0	0.0	0.0030728571428571437
11086.0	7.0	1.0	0.0	0.0021371428571428574
11093.0	7.0	1.0	0.0	0.0036500000000000005
11100.0	7.0	1.0	0.0	0.00221
11107.0	7.0	1.0	0.0	0.0019585714285714284
11114.0	7.0	1.0	0.0	0.004739999999999999
11121.0	7.0	1.0	0.0	0.0039871428571428575
11128.0	7.0	1.0	0.0	0.0030242857142857146
11135.0	7.0	1.0	0.0	0.004761428571428571
11142.0	7.0	1.0	0.0	0.003405714285714286
11149.0	7.0	1.0	0.0	0.0038814285714285717
11156.0	7.0	1.0	0.0	0.0008257142857142857
11163.0	7.0	1.0	0.0	0.00015
11170.0	7.0	1.0	0.0	7.142857142857143e-05
11177.0	7.0	1.0	0.0	0.0007171428571428572
11184.0	7.0	1.0	0.0	0.0034314285714285714
11191.0	7.0	1.0	0.0	0.0061457142857142865
11198.0	7.0	1.0	0.0	0.003591428571428572
11205.0	7.0	1.0	0.0	0.0029471428571428574
11212.0	7.0	1.0	0.0	0.0008785714285714288
11219.0	7.0	1.0	0.0	0.0002671428571428572
11226.0	7.0	1.0	0.0	0.00148
11233.0	7.0	1.0	0.0	0.0011257142857142857
11240.0	7.0	1.0	0.0	7.571428571428571e-05
11247.0	7.0	1.0	0.0	7.428571428571427e-05
11254.0	7.0	1.0	0.0	0.0
11261.0	7.0	1.0	0.0	8.571428571428571e-06
11268.0	7.0	1.0	0.0	5.7142857142857145e-06
11275.0	7.0	1.0	0.0	2e-05
11282.0	7.0	1.0	0.0	0.0
11289.0	7.0	1.0	0.0	0.0
11296.0	7.0	1.0	0.0	8.571428571428571e-06
11303.0	7.0	1.0	0.0	0.00010428571428571428
11310.0	7.0	1.0	0.0	2.8571428571428573e-06
11317.0	7.0	1.0	0.0	2.1428571428571428e-05
2923.0	7.0	1.0	0.0	0.00011714285714285714
2930.0	7.0	1.0	0.0	8.142857142857142e-05
2937.0	7.0	1.0	0.0	0.0
2944.0	7.0	1.0	0.0	0.0
2951.0	7.0	1.0	0.0	1.2857142857142857e-05
2958.0	7.0	1.0	0.0	4.8571428571428576e-05
2965.0	7.0	1.0	0.0	0.0
2972.0	7.0	1.0	0.0	0.0
2979.0	7.0	1.0	0.0	8.285714285714286e-05
2986.0	7.0	1.0	0.0	1.2857142857142857e-05
2993.0	7.0	1.0	0.0	7.1428571428571436e-06
3000.0	7.0	1.0	0.0	8.571428571428573e-06
3007.0	7.0	1.0	0.0	1.4285714285714286e-06
3014.0	7.0	1.0	0.0	1.5714285714285715e-05
3021.0	7.0	1.0	0.0	4.285714285714286e-06
3028.0	7.0	1.0	0.0	2.4285714285714285e-05
3035.0	7.0	1.0	0.0	7.571428571428571e-05
3042.0	7.0	1.0	0.0	0.00012285714285714287
3049.0	7.0	1.0	0.0	0.00027142857142857144
3056.0	7.0	1.0	0.0	8.999999999999999e-05
3063.0	7.0	1.0	0.0	0.00021571428571428571
3070.0	7.0	1.0	0.0	0.0006442857142857143
3077.0	7.0	1.0	0.0	0.00028
3084.0	7.0	1.0	0.0	0.0006271428571428573
3091.0	7.0	1.0	0.0	0.00123
3098.0	7.0	1.0	0.0	0.0013142857142857142
3105.0	7.0	1.0	0.0	0.002964285714285714
3112.0	7.0	1.0	0.0	0.005581428571428571
3119.0	7.0	1.0	0.0	0.00428
3126.0	7.0	1.0	0.0	0.0011685714285714285
3133.0	7.0	1.0	0.0	0.0009357142857142857
3140.0	7.0	1.0	0.0	0.0029471428571428574
3147.0	7.0	1.0	0.0	0.0035800000000000003
3154.0	7.0	1.0	0.0	0.001912857142857143
3161.0	7.0	1.0	0.0	0.0012542857142857143
3168.0	7.0	1.0	0.0	0.0010642857142857142
3175.0	7.0	1.0	0.0	0.0008971428571428571
3182.0	7.0	1.0	0.0	0.0005471428571428572
3189.0	7.0	1.0	0.0	0.001222857142857143
3196.0	7.0	1.0	0.0	0.0007928571428571428
3203.0	7.0	1.0	0.0	1.8571428571428575e-05
3210.0	7.0	1.0	0.0	0.0006699999999999999
3217.0	7.0	1.0	0.0	0.0017985714285714287
3224.0	7.0	1.0	0.0	0.0016728571428571428
3231.0	7.0	1.0	0.0	0.00018285714285714284
3238.0	7.0	1.0	0.0	5.8571428571428575e-05
3245.0	7.0	1.0	0.0	2e-05
3252.0	7.0	1.0	0.0	1.4285714285714286e-06
3259.0	7.0	1.0	0.0	0.0
3266.0	7.0	1.0	0.0	0.0
3273.0	7.0	1.0	0.0	0.0
3280.0	7.0	1.0	0.0	3.428571428571429e-05
3287.0	7.0	1.0	0.0	5.714285714285715e-05
9869.0	7.0	1.0	0.0	3.142857142857143e-05
9876.0	7.0	1.0	0.0	0.0
9883.0	7.0	1.0	0.0	7.857142857142858e-05
9890.0	7.0	1.0	0.0	7.285714285714286e-05
9897.0	7.0	1.0	0.0	0.0
9904.0	7.0	1.0	0.0	1.2857142857142856e-05
9911.0	7.0	1.0	0.0	1.4285714285714286e-06
9918.0	7.0	1.0	0.0	0.0
9925.0	7.0	1.0	0.0	3.857142857142856e-05
9932.0	7.0	1.0	0.0	0.00012714285714285716
9939.0	7.0	1.0	0.0	0.00014428571428571428
9946.0	7.0	1.0	0.0	0.0
9953.0	7.0	1.0	0.0	0.00010857142857142858
9960.0	7.0	1.0	0.0	0.0002471428571428572
9967.0	7.0	1.0	0.0	0.00018428571428571428
9974.0	7.0	1.0	0.0	0.00013714285714285716
9981.0	7.0	1.0	0.0	0.0006314285714285713
9988.0	7.0	1.0	0.0	0.0003071428571428571
9995.0	7.0	1.0	0.0	0.0002142857142857143
10002.0	7.0	1.0	0.0	0.0013000000000000002
10009.0	7.0	1.0	0.0	0.004845714285714286
10016.0	7.0	1.0	0.0	0.0056300000000000005
10023.0	7.0	1.0	0.0	0.0028499999999999997
10030.0	7.0	1.0	0.0	0.0028
10037.0	7.0	1.0	0.0	0.0010985714285714286
10044.0	7.0	1.0	0.0	4.1428571428571437e-05
10051.0	7.0	1.0	0.0	5.142857142857143e-05
10058.0	7.0	1.0	0.0	5.7142857142857145e-06
10065.0	7.0	1.0	0.0	0.00017285714285714287
10072.0	7.0	1.0	0.0	0.00019999999999999996
10079.0	7.0	1.0	0.0	0.00027
10086.0	7.0	1.0	0.0	3.571428571428572e-05
10093.0	7.0	1.0	0.0	7.857142857142858e-05
10100.0	7.0	1.0	0.0	0.00024142857142857145
10107.0	7.0	1.0	0.0	0.00046857142857142855
10114.0	7.0	1.0	0.0	0.002337142857142857
10121.0	7.0	1.0	0.0	0.0031099999999999995
10128.0	7.0	1.0	0.0	0.002681428571428571
10135.0	7.0	1.0	0.0	0.0009428571428571427
10142.0	7.0	1.0	0.0	2.8571428571428573e-06
10149.0	7.0	1.0	0.0	0.0
10156.0	7.0	1.0	0.0	5.7142857142857145e-06
10163.0	7.0	1.0	0.0	0.00015285714285714287
10170.0	7.0	1.0	0.0	0.0003
10177.0	7.0	1.0	0.0	0.00017428571428571428
10184.0	7.0	1.0	0.0	1.5714285714285715e-05
10191.0	7.0	1.0	0.0	4e-05
10198.0	7.0	1.0	0.0	1.2857142857142857e-05
10205.0	7.0	1.0	0.0	6.857142857142857e-05
10212.0	7.0	1.0	0.0	2.714285714285714e-05
10219.0	7.0	1.0	0.0	1.1428571428571429e-05
10226.0	7.0	1.0	0.0	1.4285714285714286e-06
12059.0	7.0	1.0	0.0	0.0
12066.0	7.0	1.0	0.0	0.0
12073.0	7.0	1.0	0.0	0.0
12080.0	7.0	1.0	0.0	0.0
12087.0	7.0	1.0	0.0	8.571428571428571e-06
12094.0	7.0	1.0	0.0	0.0
12101.0	7.0	1.0	0.0	2.8571428571428573e-06
12108.0	7.0	1.0	0.0	1.4285714285714287e-05
12115.0	7.0	1.0	0.0	9.714285714285714e-05
12122.0	7.0	1.0	0.0	1.8571428571428575e-05
12129.0	7.0	1.0	0.0	4.714285714285714e-05
12136.0	7.0	1.0	0.0	4.428571428571428e-05
12143.0	7.0	1.0	0.0	0.00012285714285714284
12150.0	7.0	1.0	0.0	7.428571428571427e-05
12157.0	7.0	1.0	0.0	8.857142857142857e-05
12164.0	7.0	1.0	0.0	0.0003971428571428572
12171.0	7.0	1.0	0.0	0.0004000000000000001
12178.0	7.0	1.0	0.0	1.4285714285714286e-06
12185.0	7.0	1.0	0.0	0.00019857142857142857
12192.0	7.0	1.0	0.0	0.0003528571428571429
12199.0	7.0	1.0	0.0	0.0006828571428571428
12206.0	7.0	1.0	0.0	0.002112857142857143
12213.0	7.0	1.0	0.0	0.003635714285714286
12220.0	7.0	1.0	0.0	0.004682857142857143
12227.0	7.0	1.0	0.0	0.004502857142857143
12234.0	7.0	1.0	0.0	0.00327
12241.0	7.0	1.0	0.0	0.0006071428571428572
12248.0	7.0	1.0	0.0	4.5714285714285716e-05
12255.0	7.0	1.0	0.0	2.2857142857142858e-05
12262.0	7.0	1.0	0.0	0.00013
12269.0	7.0	1.0	0.0	0.0001842857142857143
12276.0	7.0	1.0	0.0	0.0005371428571428572
12283.0	7.0	1.0	0.0	0.00046285714285714284
12290.0	7.0	1.0	0.0	0.00028714285714285723
12297.0	7.0	1.0	0.0	0.00012857142857142858
12304.0	7.0	1.0	0.0	2.8571428571428573e-06
12311.0	7.0	1.0	0.0	0.00017428571428571428
12318.0	7.0	1.0	0.0	5.714285714285715e-05
12325.0	7.0	1.0	0.0	0.0003214285714285714
12332.0	7.0	1.0	0.0	0.00028285714285714286
12339.0	7.0	1.0	0.0	0.0
12346.0	7.0	1.0	0.0	0.0
12353.0	7.0	1.0	0.0	8.714285714285715e-05
12360.0	7.0	1.0	0.0	0.0
12367.0	7.0	1.0	0.0	1.8571428571428575e-05
12374.0	7.0	1.0	0.0	8.571428571428573e-06
12381.0	7.0	1.0	0.0	1.4285714285714286e-06
12388.0	7.0	1.0	0.0	3.4285714285714284e-05
12395.0	7.0	1.0	0.0	0.00019
12402.0	7.0	1.0	0.0	3.857142857142857e-05
12409.0	7.0	1.0	0.0	3.857142857142857e-05
12416.0	3.0	1.0	0.0	0.0
