stress_period	sp_length	time_step	study (0 : TS or 1 : SS)	rech
0.0	1.0	1.0	1.0	0.0008005495078547683
1.0	60.0	1.0	0.0	0.000174
61.0	60.0	1.0	0.0	0.0002713333333333334
121.0	60.0	1.0	0.0	0.001648
181.0	60.0	1.0	0.0	0.0017021666666666667
241.0	60.0	1.0	0.0	0.0002468333333333333
301.0	60.0	1.0	0.0	0.00020849999999999992
361.0	60.0	1.0	0.0	7.433333333333333e-05
421.0	60.0	1.0	0.0	0.00015183333333333333
481.0	60.0	1.0	0.0	0.0010779999999999997
541.0	60.0	1.0	0.0	0.0030985
601.0	60.0	1.0	0.0	0.0006410000000000002
661.0	60.0	1.0	0.0	0.00014066666666666665
721.0	60.0	1.0	0.0	3.916666666666667e-05
781.0	60.0	1.0	0.0	0.00013816666666666667
841.0	60.0	1.0	0.0	0.0005020000000000001
901.0	60.0	1.0	0.0	0.0015385000000000002
961.0	60.0	1.0	0.0	0.00011366666666666663
1021.0	60.0	1.0	0.0	0.00022150000000000002
1081.0	60.0	1.0	0.0	6.000000000000001e-05
1141.0	60.0	1.0	0.0	0.00019500000000000002
1201.0	60.0	1.0	0.0	0.0016531666666666665
1261.0	60.0	1.0	0.0	0.0018471666666666667
1321.0	60.0	1.0	0.0	0.000694
1381.0	60.0	1.0	0.0	3.5e-05
1441.0	60.0	1.0	0.0	5.333333333333333e-05
1501.0	60.0	1.0	0.0	0.0027769999999999995
1561.0	60.0	1.0	0.0	0.002456333333333333
1621.0	60.0	1.0	0.0	0.0012365000000000004
1681.0	60.0	1.0	0.0	0.0015075
1741.0	60.0	1.0	0.0	8.599999999999999e-05
1801.0	60.0	1.0	0.0	1.216666666666667e-05
1861.0	60.0	1.0	0.0	0.00012333333333333334
1921.0	60.0	1.0	0.0	0.0006178333333333332
1981.0	60.0	1.0	0.0	0.0006653333333333333
2041.0	60.0	1.0	0.0	0.00023750000000000005
2101.0	60.0	1.0	0.0	4.333333333333333e-06
2161.0	60.0	1.0	0.0	7.000000000000002e-06
2221.0	60.0	1.0	0.0	0.0006281666666666667
2281.0	60.0	1.0	0.0	0.0027121666666666674
2341.0	60.0	1.0	0.0	0.0025696666666666663
2401.0	60.0	1.0	0.0	0.0009198333333333335
2461.0	60.0	1.0	0.0	0.00018733333333333327
2521.0	60.0	1.0	0.0	7.983333333333333e-05
2581.0	60.0	1.0	0.0	3.683333333333334e-05
2641.0	60.0	1.0	0.0	0.0009465000000000001
2701.0	60.0	1.0	0.0	0.0031225000000000003
2761.0	60.0	1.0	0.0	0.0021830000000000013
2821.0	60.0	1.0	0.0	0.00022466666666666666
2881.0	60.0	1.0	0.0	0.00012016666666666668
2941.0	60.0	1.0	0.0	1.9333333333333337e-05
3001.0	60.0	1.0	0.0	7.15e-05
3061.0	60.0	1.0	0.0	0.0016913333333333335
3121.0	60.0	1.0	0.0	0.001910333333333333
3181.0	60.0	1.0	0.0	0.0008155000000000001
3241.0	60.0	1.0	0.0	2.283333333333334e-05
3301.0	60.0	1.0	0.0	6.466666666666668e-05
3361.0	60.0	1.0	0.0	0.0016558333333333332
3421.0	60.0	1.0	0.0	0.004128500000000001
3481.0	60.0	1.0	0.0	0.001398833333333334
3541.0	60.0	1.0	0.0	4.7333333333333336e-05
3601.0	60.0	1.0	0.0	0.00016583333333333332
3661.0	60.0	1.0	0.0	6.15e-05
3721.0	60.0	1.0	0.0	0.0010394999999999998
3781.0	60.0	1.0	0.0	0.002911166666666666
3841.0	60.0	1.0	0.0	0.0016711666666666656
3901.0	60.0	1.0	0.0	0.0021616666666666663
3961.0	60.0	1.0	0.0	0.00036799999999999995
4021.0	60.0	1.0	0.0	0.00017933333333333332
4081.0	60.0	1.0	0.0	0.0018128333333333332
4141.0	60.0	1.0	0.0	0.0032818333333333332
4201.0	60.0	1.0	0.0	0.0009828333333333332
4261.0	60.0	1.0	0.0	6.616666666666667e-05
4321.0	60.0	1.0	0.0	0.00013283333333333335
4381.0	60.0	1.0	0.0	7.016666666666669e-05
4441.0	60.0	1.0	0.0	0.002295333333333332
4501.0	60.0	1.0	0.0	0.0033725000000000005
4561.0	60.0	1.0	0.0	0.0009799999999999995
4621.0	60.0	1.0	0.0	0.0013245000000000002
4681.0	60.0	1.0	0.0	2.8e-05
4741.0	60.0	1.0	0.0	4.15e-05
4801.0	60.0	1.0	0.0	3.4500000000000005e-05
4861.0	60.0	1.0	0.0	0.0008509999999999999
4921.0	60.0	1.0	0.0	0.0019358333333333332
4981.0	60.0	1.0	0.0	0.0003735000000000001
5041.0	60.0	1.0	0.0	6.283333333333335e-05
5101.0	60.0	1.0	0.0	4.666666666666667e-06
5161.0	60.0	1.0	0.0	0.0001896666666666666
5221.0	60.0	1.0	0.0	0.0020453333333333335
5281.0	60.0	1.0	0.0	0.0017543333333333337
5341.0	60.0	1.0	0.0	0.0009485000000000002
5401.0	60.0	1.0	0.0	4.666666666666666e-05
5461.0	60.0	1.0	0.0	3.7166666666666664e-05
5521.0	60.0	1.0	0.0	1.9833333333333335e-05
5581.0	60.0	1.0	0.0	0.00024016666666666666
5641.0	60.0	1.0	0.0	0.0014420000000000001
5701.0	60.0	1.0	0.0	0.0013141666666666664
5761.0	60.0	1.0	0.0	0.00013233333333333334
5821.0	60.0	1.0	0.0	3.966666666666668e-05
5881.0	60.0	1.0	0.0	0.00019299999999999997
5941.0	60.0	1.0	0.0	0.002503
6001.0	60.0	1.0	0.0	0.0008148333333333333
6061.0	60.0	1.0	0.0	0.0006106666666666669
6121.0	60.0	1.0	0.0	9.233333333333333e-05
6181.0	60.0	1.0	0.0	9.316666666666666e-05
6241.0	60.0	1.0	0.0	0.00017416666666666665
6301.0	60.0	1.0	0.0	0.0015263333333333335
6361.0	60.0	1.0	0.0	0.003578666666666666
6421.0	60.0	1.0	0.0	0.0006668333333333335
6481.0	60.0	1.0	0.0	6.683333333333334e-05
6541.0	60.0	1.0	0.0	2.7333333333333335e-05
6601.0	60.0	1.0	0.0	9.366666666666665e-05
6661.0	60.0	1.0	0.0	0.00014349999999999994
6721.0	60.0	1.0	0.0	0.00041783333333333337
6781.0	60.0	1.0	0.0	0.0018345000000000002
6841.0	60.0	1.0	0.0	3.733333333333334e-05
6901.0	60.0	1.0	0.0	2.8333333333333335e-05
6961.0	60.0	1.0	0.0	2.1833333333333337e-05
7021.0	60.0	1.0	0.0	0.00014333333333333337
7081.0	60.0	1.0	0.0	0.0020986666666666666
7141.0	60.0	1.0	0.0	0.0009661666666666667
7201.0	60.0	1.0	0.0	2.7000000000000006e-05
7261.0	60.0	1.0	0.0	3.166666666666667e-05
7321.0	60.0	1.0	0.0	9.000000000000002e-06
7381.0	60.0	1.0	0.0	0.0005508333333333334
7441.0	60.0	1.0	0.0	0.001736333333333333
7501.0	60.0	1.0	0.0	0.0007218333333333334
7561.0	60.0	1.0	0.0	5.400000000000002e-05
7621.0	60.0	1.0	0.0	3.783333333333334e-05
7681.0	60.0	1.0	0.0	3.1e-05
7741.0	60.0	1.0	0.0	0.0004256666666666666
7801.0	60.0	1.0	0.0	0.0004418333333333335
7861.0	60.0	1.0	0.0	0.0002808333333333333
7921.0	60.0	1.0	0.0	0.00015399999999999998
7981.0	60.0	1.0	0.0	3.9833333333333344e-05
8041.0	60.0	1.0	0.0	0.00015166666666666665
8101.0	60.0	1.0	0.0	0.0022136666666666667
8161.0	60.0	1.0	0.0	0.0019139999999999997
8221.0	60.0	1.0	0.0	5.533333333333334e-05
8281.0	60.0	1.0	0.0	0.00026099999999999995
8341.0	60.0	1.0	0.0	0.0006805000000000002
8401.0	60.0	1.0	0.0	0.000168
8461.0	60.0	1.0	0.0	0.0016216666666666667
8521.0	60.0	1.0	0.0	0.004633833333333334
8581.0	60.0	1.0	0.0	0.001979
8641.0	60.0	1.0	0.0	0.0019441666666666663
8701.0	60.0	1.0	0.0	0.00036833333333333325
8761.0	60.0	1.0	0.0	0.0003868333333333333
8821.0	60.0	1.0	0.0	0.002587
8881.0	60.0	1.0	0.0	0.0025073333333333328
8941.0	60.0	1.0	0.0	0.004380833333333334
9001.0	60.0	1.0	0.0	0.00018649999999999998
9061.0	60.0	1.0	0.0	4.483333333333334e-05
9121.0	60.0	1.0	0.0	8.283333333333335e-05
9181.0	60.0	1.0	0.0	8.416666666666668e-05
9241.0	60.0	1.0	0.0	0.0007595000000000001
9301.0	60.0	1.0	0.0	0.0010606666666666668
9361.0	60.0	1.0	0.0	0.00016899999999999996
9421.0	60.0	1.0	0.0	6.433333333333333e-05
9481.0	60.0	1.0	0.0	1.0833333333333335e-05
9541.0	60.0	1.0	0.0	9.116666666666667e-05
9601.0	60.0	1.0	0.0	0.0014325
9661.0	60.0	1.0	0.0	0.0009215000000000002
9721.0	60.0	1.0	0.0	4.8500000000000007e-05
9781.0	60.0	1.0	0.0	0.000124
9841.0	60.0	1.0	0.0	2.5166666666666667e-05
9901.0	60.0	1.0	0.0	5.0833333333333333e-05
9961.0	60.0	1.0	0.0	0.0014144999999999997
10021.0	60.0	1.0	0.0	0.0010150000000000003
10081.0	60.0	1.0	0.0	0.0011713333333333333
10141.0	60.0	1.0	0.0	8.249999999999997e-05
10201.0	60.0	1.0	0.0	2.1000000000000002e-05
10261.0	60.0	1.0	0.0	0.0009235
10321.0	60.0	1.0	0.0	0.0033093333333333325
10381.0	60.0	1.0	0.0	0.0027755
10441.0	60.0	1.0	0.0	0.0008993333333333336
10501.0	60.0	1.0	0.0	9.983333333333331e-05
10561.0	60.0	1.0	0.0	2.0666666666666663e-05
10621.0	60.0	1.0	0.0	0.00010466666666666667
10681.0	60.0	1.0	0.0	0.0023931666666666667
10741.0	60.0	1.0	0.0	0.0023318333333333333
10801.0	60.0	1.0	0.0	0.0004500000000000001
10861.0	60.0	1.0	0.0	0.00018516666666666665
10921.0	60.0	1.0	0.0	5.300000000000001e-05
10981.0	60.0	1.0	0.0	0.0002530000000000001
11041.0	60.0	1.0	0.0	0.005562
11101.0	60.0	1.0	0.0	0.0032988333333333333
11161.0	60.0	1.0	0.0	0.0020995
11221.0	60.0	1.0	0.0	0.00035433333333333324
11281.0	60.0	1.0	0.0	6.350000000000001e-05
11341.0	60.0	1.0	0.0	4.933333333333333e-05
11401.0	60.0	1.0	0.0	0.0001448333333333333
11461.0	60.0	1.0	0.0	0.0012666666666666664
11521.0	60.0	1.0	0.0	0.0011776666666666667
11581.0	60.0	1.0	0.0	6.783333333333333e-05
11641.0	60.0	1.0	0.0	4.2166666666666664e-05
11701.0	60.0	1.0	0.0	5.1833333333333324e-05
11761.0	60.0	1.0	0.0	0.0015861666666666665
11821.0	60.0	1.0	0.0	0.0027264999999999993
11881.0	60.0	1.0	0.0	0.0005598333333333335
11941.0	60.0	1.0	0.0	4.7833333333333335e-05
12001.0	60.0	1.0	0.0	8.666666666666666e-06
12061.0	60.0	1.0	0.0	1.0666666666666667e-05
12121.0	60.0	1.0	0.0	0.00014283333333333335
12181.0	60.0	1.0	0.0	0.0022679999999999996
12241.0	60.0	1.0	0.0	0.0002753333333333333
12301.0	60.0	1.0	0.0	0.00011333333333333331
12361.0	60.0	1.0	0.0	3.950000000000001e-05
12421.0	60.0	1.0	0.0	7.366666666666664e-05
12481.0	60.0	1.0	0.0	0.0002725
12541.0	60.0	1.0	0.0	0.002095833333333333
12601.0	60.0	1.0	0.0	0.0005866666666666667
12661.0	60.0	1.0	0.0	0.00015349999999999996
12721.0	60.0	1.0	0.0	3.433333333333334e-05
12781.0	60.0	1.0	0.0	2.7333333333333335e-05
12841.0	60.0	1.0	0.0	0.00023683333333333333
12901.0	60.0	1.0	0.0	0.0018781666666666667
12961.0	60.0	1.0	0.0	0.0011828333333333337
13021.0	60.0	1.0	0.0	0.00024249999999999996
13081.0	60.0	1.0	0.0	6.333333333333335e-06
13141.0	60.0	1.0	0.0	5.250000000000001e-05
13201.0	60.0	1.0	0.0	0.00013033333333333335
13261.0	60.0	1.0	0.0	0.002125333333333333
13321.0	60.0	1.0	0.0	0.001802333333333334
13381.0	60.0	1.0	0.0	0.00010533333333333332
13441.0	60.0	1.0	0.0	0.00020966666666666662
13501.0	60.0	1.0	0.0	0.00010599999999999999
13561.0	60.0	1.0	0.0	2.7833333333333337e-05
13621.0	60.0	1.0	0.0	0.0003831666666666667
13681.0	60.0	1.0	0.0	0.0009505000000000004
13741.0	60.0	1.0	0.0	0.0003865000000000002
13801.0	60.0	1.0	0.0	0.00016049999999999997
13861.0	60.0	1.0	0.0	3.016666666666667e-05
13921.0	60.0	1.0	0.0	0.00016449999999999996
13981.0	60.0	1.0	0.0	0.0017193333333333338
14041.0	60.0	1.0	0.0	0.0016638333333333338
14101.0	60.0	1.0	0.0	0.0001655
14161.0	60.0	1.0	0.0	9.183333333333328e-05
14221.0	60.0	1.0	0.0	1.3500000000000001e-05
14281.0	60.0	1.0	0.0	0.00010666666666666665
14341.0	60.0	1.0	0.0	0.002311666666666666
14401.0	60.0	1.0	0.0	0.0019483333333333336
14461.0	60.0	1.0	0.0	0.0002638333333333333
14521.0	60.0	1.0	0.0	1.1e-05
14581.0	60.0	1.0	0.0	1.0666666666666667e-05
14641.0	60.0	1.0	0.0	0.00013183333333333333
14701.0	60.0	1.0	0.0	0.0017658333333333334
14761.0	60.0	1.0	0.0	0.0009963333333333334
14821.0	60.0	1.0	0.0	0.00018133333333333323
14881.0	60.0	1.0	0.0	8.5e-06
14941.0	60.0	1.0	0.0	8.95e-05
15001.0	60.0	1.0	0.0	3.333333333333334e-05
15061.0	60.0	1.0	0.0	0.0007089999999999999
15121.0	60.0	1.0	0.0	0.0013314999999999994
15181.0	60.0	1.0	0.0	9.55e-05
15241.0	60.0	1.0	0.0	0.0001865
15301.0	40.0	1.0	0.0	7.575000000000001e-05
