stress_period	sp_length	time_step	study (0 : TS or 1 : SS)	rech
0.0	1.0	1.0	1.0	0.0004379159446624107
1.0	15.0	1.0	0.0	0.0009105170567829734
16.0	15.0	1.0	0.0	0.0006009398142496266
31.0	15.0	1.0	0.0	0.0006694099426268932
46.0	15.0	1.0	0.0	0.00040599187215164
61.0	15.0	1.0	0.0	0.00023369598388666663
76.0	15.0	1.0	0.0	0.00014579569498692667
91.0	15.0	1.0	0.0	0.0001376790364582733
106.0	15.0	1.0	0.0	0.0001248189290364
121.0	15.0	1.0	0.0	0.00019722696940099334
136.0	15.0	1.0	0.0	0.00024378712972001335
151.0	15.0	1.0	0.0	0.00021877899169915336
166.0	15.0	1.0	0.0	0.00010215148925779876
181.0	15.0	1.0	0.0	6.0411580403645834e-05
196.0	15.0	1.0	0.0	3.8901265462239585e-05
211.0	15.0	1.0	0.0	3.112352093060811e-05
226.0	15.0	1.0	0.0	1.9673099120457972e-05
241.0	15.0	1.0	0.0	1.9331014156341554e-05
256.0	15.0	1.0	0.0	8.111350933709226e-05
271.0	15.0	1.0	0.0	2.7054198582967123e-05
286.0	15.0	1.0	0.0	0.0014569420337676464
301.0	15.0	1.0	0.0	0.0017489199320474933
316.0	15.0	1.0	0.0	0.0013623402913411132
331.0	15.0	1.0	0.0	0.0014119288126627134
346.0	15.0	1.0	0.0	0.00218786468505854
361.0	15.0	1.0	0.0	0.0021712107340494404
376.0	15.0	1.0	0.0	0.00171076354980464
391.0	15.0	1.0	0.0	0.00138525594075516
406.0	15.0	1.0	0.0	0.0015517517089843331
421.0	15.0	1.0	0.0	0.00111506958007808
436.0	15.0	1.0	0.0	0.0006353566487629735
451.0	15.0	1.0	0.0	0.0005608133951822533
466.0	15.0	1.0	0.0	0.00046698201497392
481.0	15.0	1.0	0.0	0.00023539021809892662
496.0	15.0	1.0	0.0	0.00017467651367184667
511.0	15.0	1.0	0.0	0.00013851521809892667
526.0	15.0	1.0	0.0	0.00012838948567705
541.0	15.0	1.0	0.0	0.00010204671223956333
556.0	15.0	1.0	0.0	7.24365234375e-05
571.0	15.0	1.0	0.0	4.7226659456888834e-05
586.0	15.0	1.0	0.0	3.384478489557902e-05
601.0	15.0	1.0	0.0	2.5167977809906003e-05
616.0	15.0	1.0	0.0	0.0001534083763758118
631.0	15.0	1.0	0.0	0.0002080883185068267
646.0	15.0	1.0	0.0	0.00048697166442866665
661.0	15.0	1.0	0.0	0.0008766907374063599
676.0	15.0	1.0	0.0	0.0005918744405110266
691.0	15.0	1.0	0.0	0.0006538510640461733
706.0	15.0	1.0	0.0	0.0008571947733560733
721.0	15.0	1.0	0.0	0.0007427614847818533
736.0	15.0	1.0	0.0	0.0007640558878580199
751.0	15.0	1.0	0.0	0.0006940144856770401
766.0	15.0	1.0	0.0	0.0004926961263020399
781.0	15.0	1.0	0.0	0.0003365305582681867
796.0	15.0	1.0	0.0	0.0003366755167642734
811.0	15.0	1.0	0.0	0.0004320785522460399
826.0	15.0	1.0	0.0	0.00040122528076165997
841.0	15.0	1.0	0.0	0.00030357818603511335
856.0	15.0	1.0	0.0	0.00024792938232418005
871.0	15.0	1.0	0.0	0.0001400767008463133
886.0	15.0	1.0	0.0	7.313435872395833e-05
901.0	15.0	1.0	0.0	4.164123535156251e-05
916.0	15.0	1.0	0.0	3.232523600260418e-05
931.0	15.0	1.0	0.0	2.4424525598684942e-05
946.0	15.0	1.0	0.0	2.6567530135313674e-05
961.0	15.0	1.0	0.0	2.0554061730702723e-05
976.0	15.0	1.0	0.0	1.9362171490987137e-05
991.0	15.0	1.0	0.0	1.8454003334045415e-05
1006.0	15.0	1.0	0.0	1.9950183232625325e-05
1021.0	15.0	1.0	0.0	0.00012672444184617463
1036.0	15.0	1.0	0.0	0.0002516452471414667
1051.0	15.0	1.0	0.0	0.00042665100097651325
1066.0	15.0	1.0	0.0	0.00129819959004714
1081.0	15.0	1.0	0.0	0.00252259826660152
1096.0	15.0	1.0	0.0	0.0025031895955403335
1111.0	15.0	1.0	0.0	0.0013475204467772999
1126.0	15.0	1.0	0.0	0.0008093729654947466
1141.0	15.0	1.0	0.0	0.0012522257486978737
1156.0	15.0	1.0	0.0	0.0015251302083333
1171.0	15.0	1.0	0.0	0.0009032704671223665
1186.0	15.0	1.0	0.0	0.00036614685058590003
1201.0	15.0	1.0	0.0	0.00018295796712235331
1216.0	15.0	1.0	0.0	0.00010456339518227335
1231.0	15.0	1.0	0.0	7.376810709635417e-05
1246.0	15.0	1.0	0.0	6.0359700520833326e-05
1261.0	15.0	1.0	0.0	7.417399088541e-05
1276.0	15.0	1.0	0.0	4.306742350260415e-05
1291.0	15.0	1.0	0.0	3.56231689453125e-05
1306.0	15.0	1.0	0.0	3.065770268440246e-05
1321.0	15.0	1.0	0.0	3.2384119431177784e-05
1336.0	15.0	1.0	0.0	1.9658271471659345e-05
1351.0	15.0	1.0	0.0	1.6350515683492027e-05
1366.0	15.0	1.0	0.0	1.414937178293864e-05
1381.0	15.0	1.0	0.0	4.0091498692828134e-05
1396.0	15.0	1.0	0.0	2.859252293904623e-05
1411.0	15.0	1.0	0.0	0.00022824624379474173
1426.0	15.0	1.0	0.0	0.00041014747619624
1441.0	15.0	1.0	0.0	0.0011482931137084468
1456.0	15.0	1.0	0.0	0.002048305384317973
1471.0	15.0	1.0	0.0	0.0014770507812499466
1486.0	15.0	1.0	0.0	0.0008115493774413467
1501.0	15.0	1.0	0.0	0.001370546468098907
1516.0	15.0	1.0	0.0	0.0014598424275715732
1531.0	15.0	1.0	0.0	0.001472196451822873
1546.0	15.0	1.0	0.0	0.0009511657714843334
1561.0	15.0	1.0	0.0	0.0009898030598957735
1576.0	15.0	1.0	0.0	0.0005606404622395467
1591.0	15.0	1.0	0.0	0.00022198689778640002
1606.0	15.0	1.0	0.0	0.00012666320800776667
1621.0	15.0	1.0	0.0	7.062784830729165e-05
1636.0	15.0	1.0	0.0	5.400899251302083e-05
1651.0	15.0	1.0	0.0	6.8125406901035e-05
1666.0	15.0	1.0	0.0	4.747545917828877e-05
1681.0	15.0	1.0	0.0	4.115763306617737e-05
1696.0	15.0	1.0	0.0	3.20552905400594e-05
1711.0	15.0	1.0	0.0	2.31673002243042e-05
1726.0	15.0	1.0	0.0	5.203831990559852e-05
1741.0	15.0	1.0	0.0	9.708180427549512e-05
1756.0	15.0	1.0	0.0	7.022174199422201e-05
1771.0	15.0	1.0	0.0	0.0001353560129801032
1786.0	15.0	1.0	0.0	0.0002872886339822933
1801.0	15.0	1.0	0.0	0.0003972036361693799
1816.0	15.0	1.0	0.0	0.0013775997161864734
1831.0	15.0	1.0	0.0	0.0023507690429687062
1846.0	15.0	1.0	0.0	0.0014030344645181933
1861.0	15.0	1.0	0.0	0.0007786616007486533
1876.0	15.0	1.0	0.0	0.0005914052327473533
1891.0	15.0	1.0	0.0	0.00036691131591792006
1906.0	15.0	1.0	0.0	0.0013378285725910931
1921.0	15.0	1.0	0.0	0.0011614044189452533
1936.0	15.0	1.0	0.0	0.0009253021240233935
1951.0	15.0	1.0	0.0	0.00039076843261716014
1966.0	15.0	1.0	0.0	0.00015807393391922
1981.0	15.0	1.0	0.0	8.64084879557275e-05
1996.0	15.0	1.0	0.0	5.294698079427082e-05
2011.0	15.0	1.0	0.0	3.421223958333333e-05
2026.0	15.0	1.0	0.0	2.8530123581488927e-05
2041.0	15.0	1.0	0.0	2.301365857323011e-05
2056.0	15.0	1.0	0.0	2.2851159175237022e-05
2071.0	15.0	1.0	0.0	0.00013946237564083433
2086.0	15.0	1.0	0.0	6.458319028218587e-05
2101.0	15.0	1.0	0.0	6.162312825520834e-05
2116.0	15.0	1.0	0.0	4.685993194580078e-05
2131.0	15.0	1.0	0.0	6.068620681762694e-05
2146.0	15.0	1.0	0.0	0.00018559633890782756
2161.0	15.0	1.0	0.0	0.0004806170781452934
2176.0	15.0	1.0	0.0	0.0010122909545897867
2191.0	15.0	1.0	0.0	0.0026717363993326465
2206.0	15.0	1.0	0.0	0.0013215296427408403
2221.0	15.0	1.0	0.0	0.0007178192138671267
2236.0	15.0	1.0	0.0	0.00048723093668614673
2251.0	15.0	1.0	0.0	0.0008419987996418933
2266.0	15.0	1.0	0.0	0.0012839930216470732
2281.0	15.0	1.0	0.0	0.0005016479492187067
2296.0	15.0	1.0	0.0	0.0004428019205728733
2311.0	15.0	1.0	0.0	0.0007523020426431733
2326.0	15.0	1.0	0.0	0.0003936391194660934
2341.0	15.0	1.0	0.0	0.00014536437988277664
2356.0	15.0	1.0	0.0	9.109598795572333e-05
2371.0	15.0	1.0	0.0	5.198771158854166e-05
2386.0	15.0	1.0	0.0	4.474283854166666e-05
2401.0	15.0	1.0	0.0	3.766306837399801e-05
2416.0	15.0	1.0	0.0	3.033105731010437e-05
2431.0	15.0	1.0	0.0	2.752691109975179e-05
2446.0	15.0	1.0	0.0	2.086032231648763e-05
2461.0	15.0	1.0	0.0	1.76903486251831e-05
2476.0	15.0	1.0	0.0	1.4933403333028159e-05
2491.0	15.0	1.0	0.0	3.996171951293875e-05
2506.0	15.0	1.0	0.0	0.00010309774080909596
2521.0	15.0	1.0	0.0	9.795157114662638e-05
2536.0	15.0	1.0	0.0	0.00016005474726353336
2551.0	15.0	1.0	0.0	0.00021319306691482668
2566.0	15.0	1.0	0.0	0.0007625563303629133
2581.0	15.0	1.0	0.0	0.001392605717976847
2596.0	15.0	1.0	0.0	0.00074949086507158
2611.0	15.0	1.0	0.0	0.0019472498575845933
2626.0	15.0	1.0	0.0	0.0010880696614582867
2641.0	15.0	1.0	0.0	0.00037384033203120663
2656.0	15.0	1.0	0.0	0.00016965077718094002
2671.0	15.0	1.0	0.0	0.00011567179361972668
2686.0	15.0	1.0	0.0	9.822235107421248e-05
2701.0	15.0	1.0	0.0	9.641367594400418e-05
2716.0	15.0	1.0	0.0	0.00016608988444006002
2731.0	15.0	1.0	0.0	0.0001297800699869375
2746.0	15.0	1.0	0.0	8.439432779947916e-05
2761.0	15.0	1.0	0.0	5.675588846206665e-05
2776.0	15.0	1.0	0.0	4.6631681919097905e-05
2791.0	15.0	1.0	0.0	3.457862536112468e-05
2806.0	15.0	1.0	0.0	2.640385627746582e-05
2821.0	15.0	1.0	0.0	4.643690586090088e-05
2836.0	15.0	1.0	0.0	9.104445775348074e-05
2851.0	15.0	1.0	0.0	0.00014401497840877588
2866.0	15.0	1.0	0.0	0.00015342553456619334
2881.0	15.0	1.0	0.0	0.00015128618876134
2896.0	15.0	1.0	0.0	0.00020324503580722663
2911.0	15.0	1.0	0.0	0.0002751473108926933
2926.0	15.0	1.0	0.0	0.0003369583129882401
2941.0	15.0	1.0	0.0	0.0009204502105712467
2956.0	15.0	1.0	0.0	0.0015010856628417469
2971.0	15.0	1.0	0.0	0.0006908205668131068
2986.0	15.0	1.0	0.0	0.00040582427978510003
3001.0	15.0	1.0	0.0	0.00035000406901038004
3016.0	15.0	1.0	0.0	0.00029983113606765993
3031.0	15.0	1.0	0.0	0.00018011067708329333
3046.0	15.0	1.0	0.0	0.00016165568033850666
3061.0	15.0	1.0	0.0	0.00010146484374997625
3076.0	15.0	1.0	0.0	5.832214355468751e-05
3091.0	15.0	1.0	0.0	3.6964416503906255e-05
3106.0	15.0	1.0	0.0	2.5440470377604163e-05
3121.0	15.0	1.0	0.0	1.8822961176435156e-05
3136.0	15.0	1.0	0.0	1.642728932201862e-05
3151.0	15.0	1.0	0.0	1.2108655770619708e-05
3166.0	15.0	1.0	0.0	9.737797578175864e-06
3181.0	15.0	1.0	0.0	8.179004987080892e-06
3196.0	15.0	1.0	0.0	6.985847155253093e-06
3211.0	15.0	1.0	0.0	6.505803267161051e-06
3226.0	15.0	1.0	0.0	7.71892468134562e-06
3241.0	15.0	1.0	0.0	2.1682357788085936e-05
3256.0	15.0	1.0	0.0	0.0001193100055058527
3271.0	15.0	1.0	0.0	0.00013882578214004004
3286.0	15.0	1.0	0.0	0.00035530920028680667
3301.0	15.0	1.0	0.0	0.0011806228001912
3316.0	15.0	1.0	0.0	0.0026375106811522926
3331.0	15.0	1.0	0.0	0.00148712412516272
3346.0	15.0	1.0	0.0	0.0014183695475259864
3361.0	15.0	1.0	0.0	0.0009840820312499467
3376.0	15.0	1.0	0.0	0.0007593261718749602
3391.0	15.0	1.0	0.0	0.00028077596028642664
3406.0	15.0	1.0	0.0	0.0006567413330077733
3421.0	15.0	1.0	0.0	0.00034511820475255334
3436.0	15.0	1.0	0.0	0.00014970804850256004
3451.0	15.0	1.0	0.0	7.676391601562499e-05
3466.0	15.0	1.0	0.0	5.791524251302083e-05
3481.0	15.0	1.0	0.0	3.635965983072916e-05
3496.0	15.0	1.0	0.0	2.6921735207239783e-05
3511.0	15.0	1.0	0.0	2.1250547965367632e-05
3526.0	15.0	1.0	0.0	2.05998698870341e-05
3541.0	15.0	1.0	0.0	1.594310204188029e-05
3556.0	15.0	1.0	0.0	1.2064552307128904e-05
3571.0	15.0	1.0	0.0	1.3436714808146159e-05
3586.0	15.0	1.0	0.0	1.3294450441996259e-05
3601.0	15.0	1.0	0.0	1.5580431620279943e-05
3616.0	15.0	1.0	0.0	3.734905719756606e-05
3631.0	15.0	1.0	0.0	0.0003897970517475933
3646.0	15.0	1.0	0.0	0.0011367062886555532
3661.0	15.0	1.0	0.0	0.0013007602691649937
3676.0	15.0	1.0	0.0	0.0013923652648925333
3691.0	15.0	1.0	0.0	0.0006788162231444934
3706.0	15.0	1.0	0.0	0.0005195790608723466
3721.0	15.0	1.0	0.0	0.0004190556844075133
3736.0	15.0	1.0	0.0	0.0007100290934244267
3751.0	15.0	1.0	0.0	0.0004840922037759934
3766.0	15.0	1.0	0.0	0.00022132975260412665
3781.0	15.0	1.0	0.0	0.00013656107584630666
3796.0	15.0	1.0	0.0	0.0001116343180338254
3811.0	15.0	1.0	0.0	8.022257486979167e-05
3826.0	15.0	1.0	0.0	5.609588623046875e-05
3841.0	15.0	1.0	0.0	4.2753601074218754e-05
3856.0	15.0	1.0	0.0	3.288401365280152e-05
3871.0	15.0	1.0	0.0	2.426666418711344e-05
3886.0	15.0	1.0	0.0	1.8584251403808596e-05
3901.0	15.0	1.0	0.0	6.487611532210686e-05
3916.0	15.0	1.0	0.0	0.00016579300562539467
3931.0	15.0	1.0	0.0	0.0001239457766214676
3946.0	15.0	1.0	0.0	0.00017834285100297328
3961.0	15.0	1.0	0.0	0.0001949770609537333
3976.0	15.0	1.0	0.0	0.00021841805775955333
3991.0	15.0	1.0	0.0	0.0002879119237263467
4006.0	15.0	1.0	0.0	0.00051845715840654
4021.0	15.0	1.0	0.0	0.0007053614298502132
4036.0	15.0	1.0	0.0	0.0005572509765624469
4051.0	15.0	1.0	0.0	0.0008027392069498
4066.0	15.0	1.0	0.0	0.0016087661743163534
4081.0	15.0	1.0	0.0	0.0011798360188801599
4096.0	15.0	1.0	0.0	0.0019038991292317134
4111.0	15.0	1.0	0.0	0.0021356984456379737
4126.0	15.0	1.0	0.0	0.00141547851562496
4141.0	15.0	1.0	0.0	0.0009379475911457866
4156.0	15.0	1.0	0.0	0.00034265645345047334
4171.0	15.0	1.0	0.0	0.00016859842936192668
4186.0	15.0	1.0	0.0	8.281351725259917e-05
4201.0	15.0	1.0	0.0	8.106079101561831e-05
4216.0	15.0	1.0	0.0	4.5092773437499994e-05
4231.0	15.0	1.0	0.0	3.234645922978719e-05
4246.0	15.0	1.0	0.0	2.269923686981201e-05
4261.0	15.0	1.0	0.0	1.7048410574595135e-05
4276.0	15.0	1.0	0.0	1.4018917083740232e-05
4291.0	15.0	1.0	0.0	0.00012379973729449392
4306.0	15.0	1.0	0.0	7.407879829406234e-05
4321.0	15.0	1.0	0.0	6.572777430216472e-05
4336.0	15.0	1.0	0.0	8.651192982990005e-05
4351.0	15.0	1.0	0.0	0.0002586141904194667
4366.0	15.0	1.0	0.0	0.0009454611460367401
4381.0	15.0	1.0	0.0	0.0027283147176106267
4396.0	15.0	1.0	0.0	0.0018514933268228798
4411.0	15.0	1.0	0.0	0.00196803385416662
4426.0	15.0	1.0	0.0	0.0018537043253580264
4441.0	15.0	1.0	0.0	0.0016092213948567136
4456.0	15.0	1.0	0.0	0.0007445871988931866
4471.0	15.0	1.0	0.0	0.0004930623372395401
4486.0	15.0	1.0	0.0	0.0004341125488280866
4501.0	15.0	1.0	0.0	0.0003379730224608933
4516.0	15.0	1.0	0.0	0.0005597595214843333
4531.0	15.0	1.0	0.0	0.0009015157063801666
4546.0	15.0	1.0	0.0	0.00035323791503902665
4561.0	15.0	1.0	0.0	0.00015931091308588
4576.0	15.0	1.0	0.0	0.00012138977050777336
4591.0	15.0	1.0	0.0	8.539057175317816e-05
4606.0	15.0	1.0	0.0	6.948173443475514e-05
4621.0	15.0	1.0	0.0	4.290560086568197e-05
4636.0	15.0	1.0	0.0	2.9919974009195963e-05
4651.0	15.0	1.0	0.0	2.140345573425293e-05
4666.0	15.0	1.0	0.0	2.0655171076456706e-05
4681.0	15.0	1.0	0.0	3.502820332845052e-05
4696.0	15.0	1.0	0.0	2.6635869344075522e-05
4711.0	15.0	1.0	0.0	2.7880700429280596e-05
4726.0	15.0	1.0	0.0	2.953662872314453e-05
4741.0	15.0	1.0	0.0	0.00014974940617877228
4756.0	15.0	1.0	0.0	0.00037828661600743335
4771.0	15.0	1.0	0.0	0.0007532754262287801
4786.0	15.0	1.0	0.0	0.0011444690704345202
4801.0	15.0	1.0	0.0	0.0010781672159830267
4816.0	15.0	1.0	0.0	0.0006329620361327734
4831.0	15.0	1.0	0.0	0.0002960667928059399
4846.0	15.0	1.0	0.0	0.00017616882324213336
4861.0	15.0	1.0	0.0	0.00017397308349604662
4876.0	15.0	1.0	0.0	0.00014561004638666665
4891.0	15.0	1.0	0.0	0.00010617218017575916
4906.0	15.0	1.0	0.0	9.175313313802082e-05
4921.0	15.0	1.0	0.0	7.531840006510416e-05
4936.0	15.0	1.0	0.0	5.386759440104167e-05
4951.0	15.0	1.0	0.0	7.377007206279984e-05
4966.0	15.0	1.0	0.0	4.229031602541606e-05
4981.0	15.0	1.0	0.0	3.5130099455515544e-05
4996.0	15.0	1.0	0.0	2.6456403732299808e-05
5011.0	15.0	1.0	0.0	2.063829104105631e-05
5026.0	15.0	1.0	0.0	1.6236098607381187e-05
5041.0	15.0	1.0	0.0	1.7555713653564453e-05
5056.0	15.0	1.0	0.0	0.00012622779210404403
5071.0	15.0	1.0	0.0	9.28921699523918e-05
5086.0	15.0	1.0	0.0	0.00011455904642737332
5101.0	15.0	1.0	0.0	0.0002365925788879
5116.0	15.0	1.0	0.0	0.0005286256154377801
5131.0	15.0	1.0	0.0	0.0008435569763183003
5146.0	15.0	1.0	0.0	0.000991559219360293
5161.0	15.0	1.0	0.0	0.0019983022054035865
5176.0	15.0	1.0	0.0	0.00145099283854162
5191.0	15.0	1.0	0.0	0.0007397913614908268
5206.0	15.0	1.0	0.0	0.0003439320882161
5221.0	15.0	1.0	0.0	0.00027900950113928007
5236.0	15.0	1.0	0.0	0.00023179321289058002
5251.0	15.0	1.0	0.0	0.00012025756835933335
5266.0	15.0	1.0	0.0	6.487579345703126e-05
5281.0	15.0	1.0	0.0	4.146016438802084e-05
5296.0	15.0	1.0	0.0	2.89886474609375e-05
5311.0	15.0	1.0	0.0	2.6217142740885413e-05
5326.0	15.0	1.0	0.0	7.944753170012472e-05
5341.0	15.0	1.0	0.0	7.518446445464184e-05
5356.0	15.0	1.0	0.0	5.108356475830077e-05
5371.0	15.0	1.0	0.0	3.9977486928304034e-05
5386.0	15.0	1.0	0.0	3.264004389444987e-05
5401.0	15.0	1.0	0.0	3.252770105997721e-05
5416.0	15.0	1.0	0.0	3.1070899963378904e-05
5431.0	15.0	1.0	0.0	5.647137959798176e-05
5446.0	15.0	1.0	0.0	0.0001507736523945597
5461.0	15.0	1.0	0.0	0.00024189472198481336
5476.0	15.0	1.0	0.0	0.0005807863871256068
5491.0	15.0	1.0	0.0	0.0009375995635985934
5506.0	15.0	1.0	0.0	0.0018500765482584271
5521.0	15.0	1.0	0.0	0.00199414291381832
5536.0	15.0	1.0	0.0	0.0011288192749023132
5551.0	15.0	1.0	0.0	0.00112754465738928
5566.0	15.0	1.0	0.0	0.0013335169474283334
5581.0	15.0	1.0	0.0	0.0009165842692056933
5596.0	15.0	1.0	0.0	0.0003771311442056867
5611.0	15.0	1.0	0.0	0.00015963745117182667
5626.0	15.0	1.0	0.0	9.64314778645675e-05
5641.0	15.0	1.0	0.0	6.917012532552084e-05
5656.0	15.0	1.0	0.0	5.322469075520833e-05
5671.0	15.0	1.0	0.0	3.804931640625e-05
5686.0	15.0	1.0	0.0	3.819140990575155e-05
5701.0	15.0	1.0	0.0	6.150470177332208e-05
5716.0	15.0	1.0	0.0	3.551870981852214e-05
5731.0	15.0	1.0	0.0	3.756777445475261e-05
5746.0	15.0	1.0	0.0	5.9841553370155124e-05
5761.0	15.0	1.0	0.0	0.00011029551823931688
5776.0	15.0	1.0	0.0	9.989973704018066e-05
5791.0	15.0	1.0	0.0	0.00016156171162917996
5806.0	15.0	1.0	0.0	0.00034827524820956666
5821.0	15.0	1.0	0.0	0.00100108725229894
5836.0	15.0	1.0	0.0	0.0018748073577880332
5851.0	15.0	1.0	0.0	0.0013317253112792465
5866.0	15.0	1.0	0.0	0.0028329427083332802
5881.0	15.0	1.0	0.0	0.0024679107666015073
5896.0	15.0	1.0	0.0	0.0016378621419270468
5911.0	15.0	1.0	0.0	0.0017077972412108933
5926.0	15.0	1.0	0.0	0.0012583394368489266
5941.0	15.0	1.0	0.0	0.0009726379394530733
5956.0	15.0	1.0	0.0	0.0004113708496093466
5971.0	15.0	1.0	0.0	0.00016275126139318
5986.0	15.0	1.0	0.0	0.00010429077148433832
6001.0	15.0	1.0	0.0	7.117207845052083e-05
6016.0	15.0	1.0	0.0	4.2730712890625003e-05
6031.0	15.0	1.0	0.0	2.8119913736979163e-05
6046.0	15.0	1.0	0.0	1.939194798469543e-05
6061.0	15.0	1.0	0.0	1.5031137069066369e-05
6076.0	15.0	1.0	0.0	1.2296563386917112e-05
6091.0	15.0	1.0	0.0	9.662610292434693e-06
6106.0	15.0	1.0	0.0	7.721749941507977e-06
6121.0	15.0	1.0	0.0	6.5882643063863105e-06
6136.0	15.0	1.0	0.0	1.531116565068563e-05
6151.0	15.0	1.0	0.0	6.559182008106495e-05
6166.0	15.0	1.0	0.0	7.704917589823405e-05
6181.0	15.0	1.0	0.0	7.443304061889648e-05
6196.0	15.0	1.0	0.0	0.0001428518295287807
6211.0	15.0	1.0	0.0	0.0004266874631245534
6226.0	15.0	1.0	0.0	0.0013237251917520602
6241.0	15.0	1.0	0.0	0.0017037940979003463
6256.0	15.0	1.0	0.0	0.0010469159444172664
6271.0	15.0	1.0	0.0	0.0007267038981119332
6286.0	15.0	1.0	0.0	0.0025103296915689596
6301.0	15.0	1.0	0.0	0.0017697555541991798
6316.0	15.0	1.0	0.0	0.0006578999837239134
6331.0	15.0	1.0	0.0	0.0002598704020181733
6346.0	15.0	1.0	0.0	0.00013350728352859337
6361.0	15.0	1.0	0.0	8.560587565104e-05
6376.0	15.0	1.0	0.0	5.0164794921875e-05
6391.0	15.0	1.0	0.0	6.131388346353166e-05
6406.0	15.0	1.0	0.0	3.6892700195312496e-05
6421.0	15.0	1.0	0.0	2.6559609174728393e-05
6436.0	15.0	1.0	0.0	2.0192188024520875e-05
6451.0	15.0	1.0	0.0	1.5240259965260822e-05
6466.0	15.0	1.0	0.0	1.1996420224507649e-05
6481.0	15.0	1.0	0.0	1.0064427057902017e-05
6496.0	15.0	1.0	0.0	1.267542839050293e-05
6511.0	15.0	1.0	0.0	2.6696324348447274e-05
6526.0	15.0	1.0	0.0	0.00026393906275427333
6541.0	15.0	1.0	0.0	0.0007571470578511134
6556.0	15.0	1.0	0.0	0.0010612697601317799
6571.0	15.0	1.0	0.0	0.00093389383951818
6586.0	15.0	1.0	0.0	0.0014240829467772867
6601.0	15.0	1.0	0.0	0.0019933105468749736
6616.0	15.0	1.0	0.0	0.0013701721191405865
6631.0	15.0	1.0	0.0	0.001033229573567653
6646.0	15.0	1.0	0.0	0.0006923645019530799
6661.0	15.0	1.0	0.0	0.0008250783284504934
6676.0	15.0	1.0	0.0	0.0012869384765624467
6691.0	15.0	1.0	0.0	0.00086263529459632
6706.0	15.0	1.0	0.0	0.00030842285156245335
6721.0	15.0	1.0	0.0	0.0001255666097004775
6736.0	15.0	1.0	0.0	6.382344563802083e-05
6751.0	15.0	1.0	0.0	3.64654541015625e-05
6766.0	15.0	1.0	0.0	2.3316446940104167e-05
6781.0	15.0	1.0	0.0	1.697553296883901e-05
6796.0	15.0	1.0	0.0	1.4588589469591777e-05
6811.0	15.0	1.0	0.0	1.0493387778600056e-05
6826.0	15.0	1.0	0.0	1.586416959762573e-05
6841.0	15.0	1.0	0.0	1.772456169128418e-05
6856.0	15.0	1.0	0.0	3.142613569895426e-05
6871.0	15.0	1.0	0.0	1.348215738932292e-05
6886.0	15.0	1.0	0.0	1.796614329020182e-05
6901.0	15.0	1.0	0.0	2.626353104909261e-05
6916.0	15.0	1.0	0.0	0.00010285849571226229
6931.0	15.0	1.0	0.0	0.00018045366605118669
6946.0	15.0	1.0	0.0	0.00020908937454219332
6961.0	15.0	1.0	0.0	0.00021473681131993334
6976.0	15.0	1.0	0.0	0.0006957541147867334
6991.0	15.0	1.0	0.0	0.0008799549102782935
7006.0	15.0	1.0	0.0	0.0008338066101073735
7021.0	15.0	1.0	0.0	0.0006748725891112867
7036.0	15.0	1.0	0.0	0.0004734255472818467
7051.0	15.0	1.0	0.0	0.00021512298583979998
7066.0	15.0	1.0	0.0	0.00018645884195959332
7081.0	15.0	1.0	0.0	0.0005310765584309401
7096.0	15.0	1.0	0.0	0.00041499328613276
7111.0	15.0	1.0	0.0	0.00023710683186844666
7126.0	15.0	1.0	0.0	0.00010753529866533875
7141.0	15.0	1.0	0.0	5.9214631716405714e-05
7156.0	15.0	1.0	0.0	5.091615915298461e-05
7171.0	15.0	1.0	0.0	3.6244126160939525e-05
7186.0	15.0	1.0	0.0	3.763097922007243e-05
7201.0	15.0	1.0	0.0	2.9285144805908202e-05
7216.0	15.0	1.0	0.0	2.3957125345865883e-05
7231.0	15.0	1.0	0.0	1.9878562291463213e-05
7246.0	15.0	1.0	0.0	2.8479989369710286e-05
7261.0	15.0	1.0	0.0	4.355740547180176e-05
7276.0	15.0	1.0	0.0	7.419395446776692e-05
7291.0	15.0	1.0	0.0	0.00023316065470372
7306.0	15.0	1.0	0.0	0.0010872671763101731
7321.0	15.0	1.0	0.0	0.0016995587666828933
7336.0	15.0	1.0	0.0	0.0015195370992024332
7351.0	15.0	1.0	0.0	0.00099826456705726
7366.0	15.0	1.0	0.0	0.0008678553263345734
7381.0	15.0	1.0	0.0	0.0006074259440103667
7396.0	15.0	1.0	0.0	0.0004088684082030867
7411.0	15.0	1.0	0.0	0.00026389007568354664
7426.0	15.0	1.0	0.0	0.00014162343343094002
7441.0	15.0	1.0	0.0	9.416249593097166e-05
7456.0	15.0	1.0	0.0	6.293843587239583e-05
7471.0	15.0	1.0	0.0	4.1923014322916664e-05
7486.0	15.0	1.0	0.0	6.364542643228417e-05
7501.0	15.0	1.0	0.0	0.0002302693684895334
7516.0	15.0	1.0	0.0	0.00016784113248184001
7531.0	15.0	1.0	0.0	9.763220151262937e-05
7546.0	15.0	1.0	0.0	5.355180104573567e-05
7561.0	15.0	1.0	0.0	7.084369659422948e-05
7576.0	15.0	1.0	0.0	0.0003943004290262333
7591.0	15.0	1.0	0.0	0.0009998374938964467
7606.0	15.0	1.0	0.0	0.0005342821756998402
7621.0	15.0	1.0	0.0	0.00029668909708653336
7636.0	15.0	1.0	0.0	0.0004977790832519133
7651.0	15.0	1.0	0.0	0.0018399960835774336
7666.0	15.0	1.0	0.0	0.0019210820515950067
7681.0	15.0	1.0	0.0	0.0010923863728840668
7696.0	15.0	1.0	0.0	0.0010290756225585533
7711.0	15.0	1.0	0.0	0.0005885732014973533
7726.0	15.0	1.0	0.0	0.0003480682373046533
7741.0	15.0	1.0	0.0	0.00037406209309891333
7756.0	15.0	1.0	0.0	0.00034978230794266
7771.0	15.0	1.0	0.0	0.00019187011718746
7786.0	15.0	1.0	0.0	0.00011696573893225581
7801.0	15.0	1.0	0.0	7.960917154947919e-05
7816.0	15.0	1.0	0.0	7.942606608072417e-05
7831.0	15.0	1.0	0.0	5.170186360677084e-05
7846.0	15.0	1.0	0.0	3.7122599283854164e-05
7861.0	15.0	1.0	0.0	2.6198323567708335e-05
7876.0	15.0	1.0	0.0	1.9089905420939127e-05
7891.0	15.0	1.0	0.0	9.355489214260131e-05
7906.0	15.0	1.0	0.0	2.6136438051859535e-05
7921.0	15.0	1.0	0.0	1.8847918510437008e-05
7936.0	15.0	1.0	0.0	1.6338475545247398e-05
7951.0	15.0	1.0	0.0	1.3574806849161782e-05
7966.0	15.0	1.0	0.0	1.1397743225097658e-05
7981.0	15.0	1.0	0.0	9.747838973999023e-06
7996.0	15.0	1.0	0.0	6.051162083942852e-05
8011.0	15.0	1.0	0.0	8.433775901792836e-05
8026.0	15.0	1.0	0.0	8.024797439574633e-05
8041.0	15.0	1.0	0.0	0.00024569307963049334
8056.0	15.0	1.0	0.0	0.0003779628117878868
8071.0	15.0	1.0	0.0	0.0004518046696980266
8086.0	15.0	1.0	0.0	0.0007980317433674666
8101.0	15.0	1.0	0.0	0.0010928718566893933
8116.0	15.0	1.0	0.0	0.0016177368164061933
8131.0	15.0	1.0	0.0	0.0008552347819010067
8146.0	15.0	1.0	0.0	0.0004719696044921334
8161.0	15.0	1.0	0.0	0.00037181447347
8176.0	15.0	1.0	0.0	0.00021059824625648002
8191.0	15.0	1.0	0.0	0.00016508890787755333
8206.0	15.0	1.0	0.0	0.00016367594401036666
8221.0	15.0	1.0	0.0	9.423573811846377e-05
8236.0	15.0	1.0	0.0	6.7147446175413e-05
8251.0	15.0	1.0	0.0	0.00012022655755279392
8266.0	15.0	1.0	0.0	8.039757410685222e-05
8281.0	15.0	1.0	0.0	6.03317419687907e-05
8296.0	15.0	1.0	0.0	0.00020908193588252478
8311.0	15.0	1.0	0.0	0.00023805875778193334
8326.0	15.0	1.0	0.0	0.0025849157969156464
8341.0	15.0	1.0	0.0	0.0016899785359699934
8356.0	15.0	1.0	0.0	0.0013841669718424002
8371.0	15.0	1.0	0.0	0.0008799519856770333
8386.0	15.0	1.0	0.0	0.0012079900105793867
8401.0	15.0	1.0	0.0	0.0013851160685220934
8416.0	15.0	1.0	0.0	0.002463087972005167
8431.0	15.0	1.0	0.0	0.0017124949137369333
8446.0	15.0	1.0	0.0	0.0013392496744791134
8461.0	15.0	1.0	0.0	0.00190470377604162
8476.0	15.0	1.0	0.0	0.0009307820638020534
8491.0	15.0	1.0	0.0	0.00063850301106768
8506.0	15.0	1.0	0.0	0.0004859395345051667
8521.0	15.0	1.0	0.0	0.0004886474609374533
8536.0	15.0	1.0	0.0	0.0008119934082031
8551.0	15.0	1.0	0.0	0.0008368469238280932
8566.0	15.0	1.0	0.0	0.00024822794596350003
8581.0	15.0	1.0	0.0	0.00031404622395829994
8596.0	15.0	1.0	0.0	0.0003441772460937067
8611.0	15.0	1.0	0.0	0.00020595796902970668
8626.0	15.0	1.0	0.0	0.00011687773068743734
8641.0	15.0	1.0	0.0	6.598532994588217e-05
8656.0	15.0	1.0	0.0	5.107736587524276e-05
8671.0	15.0	1.0	0.0	0.00040506900151567233
8686.0	15.0	1.0	0.0	0.0004400557200113534
8701.0	15.0	1.0	0.0	0.0004354517618814599
8716.0	15.0	1.0	0.0	0.0003084693908690866
8731.0	15.0	1.0	0.0	0.00027232627868647996
8746.0	15.0	1.0	0.0	0.0002531262715657
8761.0	15.0	1.0	0.0	0.00037569198608393336
8776.0	15.0	1.0	0.0	0.0004623792012532
8791.0	15.0	1.0	0.0	0.00047106145222978004
8806.0	15.0	1.0	0.0	0.0004504964192707733
8821.0	15.0	1.0	0.0	0.0007466145833332866
8836.0	15.0	1.0	0.0	0.00041678415934241335
8851.0	15.0	1.0	0.0	0.0003545272827148
8866.0	15.0	1.0	0.0	0.00071868438720698
8881.0	15.0	1.0	0.0	0.00040268351236973993
8896.0	15.0	1.0	0.0	0.00021634521484369335
8911.0	15.0	1.0	0.0	0.00013716023763016833
8926.0	15.0	1.0	0.0	6.998748779296874e-05
8941.0	15.0	1.0	0.0	4.2306518554687496e-05
8956.0	15.0	1.0	0.0	2.8342183430989586e-05
8971.0	15.0	1.0	0.0	2.176033258438111e-05
8986.0	15.0	1.0	0.0	1.4924184481302894e-05
9001.0	15.0	1.0	0.0	1.1441886425018315e-05
9016.0	15.0	1.0	0.0	9.035273392995196e-06
9031.0	15.0	1.0	0.0	7.320523262023926e-06
9046.0	15.0	1.0	0.0	1.1313859621683755e-05
9061.0	15.0	1.0	0.0	7.671916484832762e-06
9076.0	15.0	1.0	0.0	6.993683179219564e-06
9091.0	15.0	1.0	0.0	1.4598337809244792e-05
9106.0	15.0	1.0	0.0	0.00017208878993983916
9121.0	15.0	1.0	0.0	0.00021747248967483838
9136.0	15.0	1.0	0.0	0.0003327651341755667
9151.0	15.0	1.0	0.0	0.00035716927846267334
9166.0	15.0	1.0	0.0	0.00046067390441890667
9181.0	15.0	1.0	0.0	0.0004639877319335334
9196.0	15.0	1.0	0.0	0.0005253519694009934
9211.0	15.0	1.0	0.0	0.0004632062276204
9226.0	15.0	1.0	0.0	0.0006249267578124466
9241.0	15.0	1.0	0.0	0.0007491701761880935
9256.0	15.0	1.0	0.0	0.0004282465616861467
9271.0	15.0	1.0	0.0	0.00018731180826818
9286.0	15.0	1.0	0.0	0.00014178466796870668
9301.0	15.0	1.0	0.0	0.00013350270589188
9316.0	15.0	1.0	0.0	0.000153867594401
9331.0	15.0	1.0	0.0	0.00010017307102676871
9346.0	15.0	1.0	0.0	6.408722897370657e-05
9361.0	15.0	1.0	0.0	4.1525920232137046e-05
9376.0	15.0	1.0	0.0	2.8465612729390462e-05
9391.0	15.0	1.0	0.0	2.0360390345255537e-05
9406.0	15.0	1.0	0.0	1.5260171890258788e-05
9421.0	15.0	1.0	0.0	1.379597981770833e-05
9436.0	15.0	1.0	0.0	1.3052543004353843e-05
9451.0	15.0	1.0	0.0	1.101233164469401e-05
9466.0	15.0	1.0	0.0	1.5410963694254554e-05
9481.0	15.0	1.0	0.0	2.9258616765340172e-05
9496.0	15.0	1.0	0.0	0.00017123001416518663
9511.0	15.0	1.0	0.0	0.00031258331934605325
9526.0	15.0	1.0	0.0	0.00032651818593338667
9541.0	15.0	1.0	0.0	0.0003829227447509334
9556.0	15.0	1.0	0.0	0.0006050797780354333
9571.0	15.0	1.0	0.0	0.0011214392344156532
9586.0	15.0	1.0	0.0	0.0012414911905924068
9601.0	15.0	1.0	0.0	0.00089918619791662
9616.0	15.0	1.0	0.0	0.00029907226562495335
9631.0	15.0	1.0	0.0	0.00013745422363277334
9646.0	15.0	1.0	0.0	7.37614949544271e-05
9661.0	15.0	1.0	0.0	4.2809041341145835e-05
9676.0	15.0	1.0	0.0	2.7424621582031252e-05
9691.0	15.0	1.0	0.0	2.1747843424479164e-05
9706.0	15.0	1.0	0.0	1.4949894944826763e-05
9721.0	15.0	1.0	0.0	1.483989258607229e-05
9736.0	15.0	1.0	0.0	3.1894669930134604e-05
9751.0	15.0	1.0	0.0	1.2177912394205729e-05
9766.0	15.0	1.0	0.0	6.609405676522838e-05
9781.0	15.0	1.0	0.0	2.7724742889404297e-05
9796.0	15.0	1.0	0.0	4.153203964233398e-05
9811.0	15.0	1.0	0.0	5.782766342163087e-05
9826.0	15.0	1.0	0.0	6.293241182963052e-05
9841.0	15.0	1.0	0.0	0.0001076038042704043
9856.0	15.0	1.0	0.0	0.0003866779645283667
9871.0	15.0	1.0	0.0	0.0006678851445515399
9886.0	15.0	1.0	0.0	0.0013945518493651866
9901.0	15.0	1.0	0.0	0.0007522374471028268
9916.0	15.0	1.0	0.0	0.00039398040771480006
9931.0	15.0	1.0	0.0	0.00044319686889643335
9946.0	15.0	1.0	0.0	0.0012530832926431867
9961.0	15.0	1.0	0.0	0.0018049311319986467
9976.0	15.0	1.0	0.0	0.0008073287963866866
9991.0	15.0	1.0	0.0	0.00039803212483719336
10006.0	15.0	1.0	0.0	0.00020715230305986
10021.0	15.0	1.0	0.0	0.00010369567871091333
10036.0	15.0	1.0	0.0	5.9969075520833336e-05
10051.0	15.0	1.0	0.0	3.773091634114583e-05
10066.0	15.0	1.0	0.0	2.567222515741984e-05
10081.0	15.0	1.0	0.0	1.8651239077250162e-05
10096.0	15.0	1.0	0.0	1.4518086115519206e-05
10111.0	15.0	1.0	0.0	1.1063929398854571e-05
10126.0	15.0	1.0	0.0	9.348666667938232e-06
10141.0	15.0	1.0	0.0	1.0089051723480223e-05
10156.0	15.0	1.0	0.0	8.54511260986328e-06
10171.0	15.0	1.0	0.0	2.022384007771181e-05
10186.0	15.0	1.0	0.0	0.00015385190645848666
10201.0	15.0	1.0	0.0	0.00011331273714699473
10216.0	15.0	1.0	0.0	0.0004727901458739801
10231.0	15.0	1.0	0.0	0.0005371526082356266
10246.0	15.0	1.0	0.0	0.0003464286804198599
10261.0	15.0	1.0	0.0	0.0004984226226806201
10276.0	15.0	1.0	0.0	0.00158486582438146
10291.0	15.0	1.0	0.0	0.00141127751668288
10306.0	15.0	1.0	0.0	0.0009981338500975997
10321.0	15.0	1.0	0.0	0.0006599894205728667
10336.0	15.0	1.0	0.0	0.00030739695231114664
10351.0	15.0	1.0	0.0	0.0002012049357095933
10366.0	15.0	1.0	0.0	0.00012766571044918665
10381.0	15.0	1.0	0.0	8.274129231770207e-05
10396.0	15.0	1.0	0.0	4.861094156901041e-05
10411.0	15.0	1.0	0.0	3.057861328124999e-05
10426.0	15.0	1.0	0.0	2.0846245437860492e-05
10441.0	15.0	1.0	0.0	1.5028316030899684e-05
10456.0	15.0	1.0	0.0	1.1390201250712077e-05
10471.0	15.0	1.0	0.0	9.110005696614583e-06
10486.0	15.0	1.0	0.0	0.0002513771414756566
10501.0	15.0	1.0	0.0	7.950929005940754e-05
10516.0	15.0	1.0	0.0	6.982030868530273e-05
10531.0	15.0	1.0	0.0	9.233071009317415e-05
10546.0	15.0	1.0	0.0	0.00013162670135494
10561.0	15.0	1.0	0.0	0.00022370306650791998
10576.0	15.0	1.0	0.0	0.0008293877283731599
10591.0	15.0	1.0	0.0	0.0010905577341714999
10606.0	15.0	1.0	0.0	0.0017737459818521464
10621.0	15.0	1.0	0.0	0.0016036677042642667
10636.0	15.0	1.0	0.0	0.0012952992757161133
10651.0	15.0	1.0	0.0	0.00106328531901038
10666.0	15.0	1.0	0.0	0.00047538757324214664
10681.0	15.0	1.0	0.0	0.00019095357259110666
10696.0	15.0	1.0	0.0	9.441935221352499e-05
10711.0	15.0	1.0	0.0	7.058919270832416e-05
10726.0	15.0	1.0	0.0	9.599405924477e-05
10741.0	15.0	1.0	0.0	0.00018489481608068665
10756.0	15.0	1.0	0.0	0.00015019836425776662
10771.0	15.0	1.0	0.0	9.347330729165667e-05
10786.0	15.0	1.0	0.0	7.285664876302084e-05
10801.0	15.0	1.0	0.0	4.745079676310221e-05
10816.0	15.0	1.0	0.0	3.3348496754964196e-05
10831.0	15.0	1.0	0.0	3.631267547607422e-05
10846.0	15.0	1.0	0.0	2.3699792226155592e-05
10861.0	15.0	1.0	0.0	1.9109694163004556e-05
10876.0	15.0	1.0	0.0	1.623497009277344e-05
10891.0	15.0	1.0	0.0	1.370746294657389e-05
10906.0	15.0	1.0	0.0	3.322944641112463e-05
10921.0	15.0	1.0	0.0	4.632221857706706e-05
10936.0	15.0	1.0	0.0	0.00010393055280048559
10951.0	15.0	1.0	0.0	0.0003680582364399734
10966.0	15.0	1.0	0.0	0.0007820512135822999
10981.0	15.0	1.0	0.0	0.0011051274617512464
10996.0	15.0	1.0	0.0	0.0014853177388508534
11011.0	15.0	1.0	0.0	0.0012442982991536
11026.0	15.0	1.0	0.0	0.0007325953165689666
11041.0	15.0	1.0	0.0	0.0004417190551757467
11056.0	15.0	1.0	0.0	0.00022178446451818663
11071.0	15.0	1.0	0.0	0.00016236979166662667
11086.0	15.0	1.0	0.0	0.00016881561279291998
11101.0	15.0	1.0	0.0	0.00022194163004552668
11116.0	15.0	1.0	0.0	0.00025217895507808
11131.0	15.0	1.0	0.0	0.0002466944376627066
11146.0	15.0	1.0	0.0	0.00013134714762366042
11161.0	15.0	1.0	0.0	6.404086351394654e-05
11176.0	15.0	1.0	0.0	3.78481904665629e-05
11191.0	15.0	1.0	0.0	2.5093658765157067e-05
11206.0	15.0	1.0	0.0	1.7910393079121908e-05
11221.0	15.0	1.0	0.0	9.004349708555454e-05
11236.0	15.0	1.0	0.0	2.9819281895955397e-05
11251.0	15.0	1.0	0.0	2.5229660669962564e-05
11266.0	15.0	1.0	0.0	4.049792289733887e-05
11281.0	15.0	1.0	0.0	3.8159370422363286e-05
11296.0	15.0	1.0	0.0	4.782679875691732e-05
11311.0	15.0	1.0	0.0	0.00016219600041703395
11326.0	15.0	1.0	0.0	0.00033881107966099997
11341.0	15.0	1.0	0.0	0.0006878346125284335
11356.0	15.0	1.0	0.0	0.0008735936482746866
11371.0	15.0	1.0	0.0	0.0008091913859049068
11386.0	15.0	1.0	0.0	0.00042446085611976003
11401.0	15.0	1.0	0.0	0.0005413795471190933
11416.0	15.0	1.0	0.0	0.00040109608968094
11431.0	15.0	1.0	0.0	0.00039339040120438663
11446.0	15.0	1.0	0.0	0.00026810607910152
11461.0	15.0	1.0	0.0	0.00023324381510412003
11476.0	15.0	1.0	0.0	0.0001432907104491733
11491.0	15.0	1.0	0.0	8.40159098307275e-05
11506.0	15.0	1.0	0.0	4.988555908203124e-05
11521.0	15.0	1.0	0.0	3.216349283854167e-05
11536.0	15.0	1.0	0.0	2.1840943892796837e-05
11551.0	15.0	1.0	0.0	1.6428599754969283e-05
11566.0	15.0	1.0	0.0	4.416321118672178e-05
11581.0	15.0	1.0	0.0	1.530949274698893e-05
11596.0	15.0	1.0	0.0	1.306610107421875e-05
11611.0	15.0	1.0	0.0	1.1676470438639327e-05
11626.0	15.0	1.0	0.0	1.1908920605977376e-05
11641.0	15.0	1.0	0.0	2.7994235356648758e-05
11656.0	15.0	1.0	0.0	5.6831804911295566e-05
11671.0	15.0	1.0	0.0	0.0002906167984008267
11686.0	15.0	1.0	0.0	0.00101379394531244
11701.0	15.0	1.0	0.0	0.0017753318786620667
11716.0	15.0	1.0	0.0	0.002299230448404907
11731.0	15.0	1.0	0.0	0.0021388305664062066
11746.0	15.0	1.0	0.0	0.0009604731241861533
11761.0	15.0	1.0	0.0	0.0010773630777994466
11776.0	15.0	1.0	0.0	0.0008561462402343334
11791.0	15.0	1.0	0.0	0.00030155232747391334
11806.0	15.0	1.0	0.0	0.00015229085286454667
11821.0	15.0	1.0	0.0	0.00014806722005204
11836.0	15.0	1.0	0.0	0.00013136901855464002
11851.0	15.0	1.0	0.0	7.695007324218582e-05
11866.0	15.0	1.0	0.0	4.290262858072917e-05
11881.0	15.0	1.0	0.0	2.7117919921875e-05
11896.0	15.0	1.0	0.0	1.8576695521672563e-05
11911.0	15.0	1.0	0.0	1.350270907084147e-05
11926.0	15.0	1.0	0.0	1.0668689012527465e-05
11941.0	15.0	1.0	0.0	3.2311240832010905e-05
11956.0	15.0	1.0	0.0	1.8515412012736006e-05
11971.0	15.0	1.0	0.0	1.1198647816975912e-05
11986.0	15.0	1.0	0.0	3.534966309865316e-05
12001.0	15.0	1.0	0.0	3.060769240061442e-05
12016.0	15.0	1.0	0.0	3.564898173014063e-05
12031.0	15.0	1.0	0.0	0.0001599844932555733
12046.0	15.0	1.0	0.0	0.00046384677886957335
12061.0	15.0	1.0	0.0	0.0012325585683186269
12076.0	15.0	1.0	0.0	0.0014318837483723599
12091.0	15.0	1.0	0.0	0.0010464294433593267
12106.0	15.0	1.0	0.0	0.0010544840494791134
12121.0	15.0	1.0	0.0	0.0011527282714843198
12136.0	15.0	1.0	0.0	0.0005003712972004733
12151.0	15.0	1.0	0.0	0.00021517588297521997
12166.0	15.0	1.0	0.0	0.00014684804280594665
12181.0	15.0	1.0	0.0	0.00015253753662105335
12196.0	15.0	1.0	0.0	9.990132649737333e-05
12211.0	15.0	1.0	0.0	5.1451619466145825e-05
12226.0	15.0	1.0	0.0	3.3991495768229164e-05
12241.0	15.0	1.0	0.0	3.3147684733072915e-05
12256.0	15.0	1.0	0.0	2.2176721692085266e-05
12271.0	15.0	1.0	0.0	1.745625038941701e-05
12286.0	15.0	1.0	0.0	1.3501973946889243e-05
12301.0	15.0	1.0	0.0	1.353394587834676e-05
12316.0	15.0	1.0	0.0	1.0578906536102297e-05
12331.0	15.0	1.0	0.0	8.834000428517662e-06
12346.0	15.0	1.0	0.0	2.443240483601888e-05
12361.0	15.0	1.0	0.0	1.7087737719217936e-05
12376.0	15.0	1.0	0.0	1.5130790074666342e-05
12391.0	15.0	1.0	0.0	2.5675217310587562e-05
12406.0	15.0	1.0	0.0	5.447044372558594e-05
12421.0	15.0	1.0	0.0	4.455421765645345e-05
12436.0	15.0	1.0	0.0	0.00021207925478612482
12451.0	15.0	1.0	0.0	0.00077077576319372
12466.0	15.0	1.0	0.0	0.002132042694091753
12481.0	15.0	1.0	0.0	0.0027149047851562132
12496.0	15.0	1.0	0.0	0.00090677185058588
12511.0	15.0	1.0	0.0	0.0004479059855142866
12526.0	15.0	1.0	0.0	0.00028886108398434
12541.0	15.0	1.0	0.0	0.00018677266438797335
12556.0	15.0	1.0	0.0	0.00010106353759762874
12571.0	15.0	1.0	0.0	0.00015723470052082583
12586.0	15.0	1.0	0.0	0.00042106882731114003
12601.0	15.0	1.0	0.0	0.0004272003173827732
12616.0	15.0	1.0	0.0	0.00020725504557287335
12631.0	15.0	1.0	0.0	0.00011137074629461904
12646.0	15.0	1.0	0.0	6.750385761260986e-05
12661.0	15.0	1.0	0.0	4.467058181762695e-05
12676.0	15.0	1.0	0.0	3.0307118097941084e-05
12691.0	15.0	1.0	0.0	3.430042266845271e-05
12706.0	15.0	1.0	0.0	0.00011602500279741131
12721.0	15.0	1.0	0.0	0.00015103543599442572
12736.0	15.0	1.0	0.0	0.0004830546061197467
12751.0	15.0	1.0	0.0	0.0015903259277343267
12766.0	15.0	1.0	0.0	0.0013879905700682998
12781.0	15.0	1.0	0.0	0.0010058558146158335
12796.0	15.0	1.0	0.0	0.0008325464884439733
12811.0	15.0	1.0	0.0	0.0018671101888020466
12826.0	15.0	1.0	0.0	0.0027813293457030932
12841.0	15.0	1.0	0.0	0.002212287394205687
12856.0	15.0	1.0	0.0	0.0012219370524088132
12871.0	15.0	1.0	0.0	0.0008957458496093334
12886.0	15.0	1.0	0.0	0.0006109710693358933
12901.0	15.0	1.0	0.0	0.00020463765462234
12916.0	15.0	1.0	0.0	0.00013390299479164002
12931.0	15.0	1.0	0.0	0.00015199584960931997
12946.0	15.0	1.0	0.0	0.00012259724934891752
12961.0	15.0	1.0	0.0	7.412923177083331e-05
12976.0	15.0	1.0	0.0	4.311930338541667e-05
12991.0	15.0	1.0	0.0	2.7102079987525944e-05
13006.0	15.0	1.0	0.0	1.8609282374382016e-05
13021.0	15.0	1.0	0.0	1.350727081298828e-05
13036.0	15.0	1.0	0.0	1.1836616198221846e-05
13051.0	15.0	1.0	0.0	8.903125921885172e-06
13066.0	15.0	1.0	0.0	7.5877666473388685e-06
13081.0	15.0	1.0	0.0	7.476655642191569e-06
13096.0	15.0	1.0	0.0	2.0915786425272623e-05
13111.0	15.0	1.0	0.0	4.861909548441569e-05
13126.0	15.0	1.0	0.0	2.5598001480102537e-05
13141.0	15.0	1.0	0.0	5.211040178934733e-05
13156.0	15.0	1.0	0.0	5.616343816121419e-05
13171.0	15.0	1.0	0.0	0.00039371754328406647
13186.0	15.0	1.0	0.0	0.0007413121541340731
13201.0	15.0	1.0	0.0	0.0007858571370442266
13216.0	15.0	1.0	0.0	0.0006269510904947267
13231.0	15.0	1.0	0.0	0.00065198796590164
13246.0	15.0	1.0	0.0	0.0003802630106607533
13261.0	15.0	1.0	0.0	0.0004125231424967001
13276.0	15.0	1.0	0.0	0.0002940302530923933
13291.0	15.0	1.0	0.0	0.00023820343017572667
13306.0	15.0	1.0	0.0	0.0001381205240884975
13321.0	15.0	1.0	0.0	6.827036539713541e-05
13336.0	15.0	1.0	0.0	3.9786275227864576e-05
13351.0	15.0	1.0	0.0	2.6149368782838187e-05
13366.0	15.0	1.0	0.0	1.8137887616952262e-05
13381.0	15.0	1.0	0.0	1.3369882106781007e-05
13396.0	15.0	1.0	0.0	4.218831062316699e-05
13411.0	15.0	1.0	0.0	1.2699866294860841e-05
13426.0	15.0	1.0	0.0	1.0968017578125e-05
13441.0	15.0	1.0	0.0	2.3164208730061844e-05
13456.0	15.0	1.0	0.0	2.4502007166544593e-05
13471.0	15.0	1.0	0.0	9.130678176878313e-05
13486.0	15.0	1.0	0.0	0.00026069211959834
13501.0	15.0	1.0	0.0	0.0010669809023538732
13516.0	15.0	1.0	0.0	0.0021492474873860204
13531.0	15.0	1.0	0.0	0.0022595932006835464
13546.0	15.0	1.0	0.0	0.0013342422485351066
13561.0	15.0	1.0	0.0	0.0011112930297851068
13576.0	15.0	1.0	0.0	0.0012233449300129667
13591.0	15.0	1.0	0.0	0.0012924458821614133
13606.0	15.0	1.0	0.0	0.00078400065104162
13621.0	15.0	1.0	0.0	0.00030411071777340664
13636.0	15.0	1.0	0.0	0.00014988708496090666
13651.0	15.0	1.0	0.0	9.489135742186001e-05
13666.0	15.0	1.0	0.0	5.950826009114585e-05
13681.0	15.0	1.0	0.0	4.0045166015625e-05
13696.0	15.0	1.0	0.0	2.6607259114583334e-05
13711.0	15.0	1.0	0.0	1.9532267252604164e-05
13726.0	15.0	1.0	0.0	1.4666075507799784e-05
13741.0	15.0	1.0	0.0	1.11153910557429e-05
13756.0	15.0	1.0	0.0	8.8984747727712e-06
13771.0	15.0	1.0	0.0	0.00022151298125581555
13786.0	15.0	1.0	0.0	5.8027664820353186e-05
13801.0	15.0	1.0	0.0	8.628988265989785e-05
13816.0	15.0	1.0	0.0	0.00021183109283441333
13831.0	15.0	1.0	0.0	0.0012639391581217064
13846.0	15.0	1.0	0.0	0.003003132629394486
13861.0	15.0	1.0	0.0	0.004964563496907521
13876.0	15.0	1.0	0.0	0.00301560567220048
13891.0	15.0	1.0	0.0	0.0014195933024088133
13906.0	15.0	1.0	0.0	0.0011171091715494264
13921.0	15.0	1.0	0.0	0.0012749908447265133
13936.0	15.0	1.0	0.0	0.0013126017252603932
13951.0	15.0	1.0	0.0	0.0014642517089843536
13966.0	15.0	1.0	0.0	0.0014810404459635132
13981.0	15.0	1.0	0.0	0.0011320699055989267
13996.0	15.0	1.0	0.0	0.0004933451334634934
14011.0	15.0	1.0	0.0	0.0002411722819010067
14026.0	15.0	1.0	0.0	0.00016066487630204667
14041.0	15.0	1.0	0.0	0.00011340332031246999
14056.0	15.0	1.0	0.0	6.680704752604165e-05
14071.0	15.0	1.0	0.0	4.033406575520833e-05
14086.0	15.0	1.0	0.0	2.6362186670303343e-05
14101.0	15.0	1.0	0.0	1.858016848564148e-05
14116.0	15.0	1.0	0.0	1.3652435938517253e-05
14131.0	15.0	1.0	0.0	1.0464719931284586e-05
14146.0	15.0	1.0	0.0	8.364335695902508e-06
14161.0	15.0	1.0	0.0	9.156930446624756e-06
14176.0	15.0	1.0	0.0	1.8594559033711753e-05
14191.0	15.0	1.0	0.0	0.0001282302220662151
14206.0	15.0	1.0	0.0	0.0001298577944437252
14221.0	15.0	1.0	0.0	0.0002742488543192133
14236.0	15.0	1.0	0.0	0.0006642205556233133
14251.0	15.0	1.0	0.0	0.0008195705413817867
14266.0	15.0	1.0	0.0	0.0011018122355142869
14281.0	15.0	1.0	0.0	0.002072727457682233
14296.0	15.0	1.0	0.0	0.002571454874674433
14311.0	15.0	1.0	0.0	0.0019257929484049004
14326.0	15.0	1.0	0.0	0.0008065785725910932
14341.0	15.0	1.0	0.0	0.0005243336995442267
14356.0	15.0	1.0	0.0	0.0003201782226562067
14371.0	15.0	1.0	0.0	0.00014873962402339334
14386.0	15.0	1.0	0.0	0.00016570841471353167
14401.0	15.0	1.0	0.0	0.0002426137288411067
14416.0	15.0	1.0	0.0	0.00015479634602861333
14431.0	15.0	1.0	0.0	0.00011274719238277918
14446.0	15.0	1.0	0.0	7.938678562641143e-05
14461.0	15.0	1.0	0.0	5.099248190720876e-05
14476.0	15.0	1.0	0.0	3.24423352877299e-05
14491.0	15.0	1.0	0.0	2.226378122965495e-05
14506.0	15.0	1.0	0.0	1.842130819956462e-05
14521.0	15.0	1.0	0.0	2.6969544092814127e-05
14536.0	15.0	1.0	0.0	7.618694305419266e-05
14551.0	15.0	1.0	0.0	9.012738863625623e-05
14566.0	15.0	1.0	0.0	0.00013405917485550666
14581.0	15.0	1.0	0.0	0.0003172169685363267
14596.0	15.0	1.0	0.0	0.0003967037200927267
14611.0	15.0	1.0	0.0	0.00027844886779779997
14626.0	15.0	1.0	0.0	0.0004693600972492933
14641.0	15.0	1.0	0.0	0.00056022262573238
14656.0	15.0	1.0	0.0	0.0004818400065103666
14671.0	15.0	1.0	0.0	0.00064320856730138
14686.0	15.0	1.0	0.0	0.0007112408955891468
14701.0	15.0	1.0	0.0	0.00029948883056636004
14716.0	15.0	1.0	0.0	0.00017561289469398
14731.0	15.0	1.0	0.0	0.0002728246053059334
14746.0	15.0	1.0	0.0	0.00017238566080724667
14761.0	15.0	1.0	0.0	9.60688273111829e-05
14776.0	15.0	1.0	0.0	0.00019660847981766748
14791.0	15.0	1.0	0.0	0.00015983632405595333
14806.0	15.0	1.0	0.0	0.00023479003906244666
14821.0	15.0	1.0	0.0	0.00016626823743179332
14836.0	15.0	1.0	0.0	8.49568208058605e-05
14851.0	15.0	1.0	0.0	4.668019612630208e-05
14866.0	15.0	1.0	0.0	3.0007934570312502e-05
14881.0	15.0	1.0	0.0	2.170391082763672e-05
14896.0	15.0	1.0	0.0	3.397417068481446e-05
14911.0	15.0	1.0	0.0	3.89338493347168e-05
14926.0	15.0	1.0	0.0	8.743661244709469e-05
14941.0	15.0	1.0	0.0	0.0002351334571837733
14956.0	15.0	1.0	0.0	0.0006868340810139533
14971.0	15.0	1.0	0.0	0.0009179227193196068
14986.0	15.0	1.0	0.0	0.000681593577067
15001.0	15.0	1.0	0.0	0.0013174013773599798
15016.0	15.0	1.0	0.0	0.0012696619669595869
15031.0	15.0	1.0	0.0	0.0018157618204752196
15046.0	15.0	1.0	0.0	0.0008075551350910932
15061.0	15.0	1.0	0.0	0.0003349487304687066
15076.0	15.0	1.0	0.0	0.00018452962239578666
15091.0	15.0	1.0	0.0	0.00010823465983070584
15106.0	15.0	1.0	0.0	6.551920572916665e-05
15121.0	15.0	1.0	0.0	4.176432291666666e-05
15136.0	15.0	1.0	0.0	2.71881103515625e-05
15151.0	15.0	1.0	0.0	1.861775716145833e-05
15166.0	15.0	1.0	0.0	1.4800008138020833e-05
15181.0	15.0	1.0	0.0	2.0363303025563556e-05
15196.0	15.0	1.0	0.0	1.1416155099868775e-05
15211.0	15.0	1.0	0.0	1.9814032316207883e-05
15226.0	15.0	1.0	0.0	1.9255348046620686e-05
15241.0	15.0	1.0	0.0	9.41344102223714e-06
15256.0	15.0	1.0	0.0	5.05860487619987e-05
15271.0	15.0	1.0	0.0	4.763844807942649e-05
15286.0	15.0	1.0	0.0	0.00030802623430883333
15301.0	15.0	1.0	0.0	0.0007848843892414999
15316.0	15.0	1.0	0.0	0.0014641443888345933
15331.0	15.0	1.0	0.0	0.0013481483459472003
15346.0	15.0	1.0	0.0	0.0007602821350097265
15361.0	15.0	1.0	0.0	0.0009268971761067266
15376.0	15.0	1.0	0.0	0.00147589518229162
15391.0	15.0	1.0	0.0	0.001595511372884073
15406.0	15.0	1.0	0.0	0.0014650665283202666
15421.0	15.0	1.0	0.0	0.0007179646809895402
15436.0	15.0	1.0	0.0	0.0003347717285155867
15451.0	15.0	1.0	0.0	0.0005556365966796467
15466.0	15.0	1.0	0.0	0.0010561574300129732
15481.0	15.0	1.0	0.0	0.0006394744873046401
15496.0	15.0	1.0	0.0	0.00026378580729162666
15511.0	15.0	1.0	0.0	0.00014376220703120666
15526.0	15.0	1.0	0.0	0.00016001586914058665
15541.0	15.0	1.0	0.0	0.0001829713384309933
15556.0	15.0	1.0	0.0	0.00011635174353912507
15571.0	15.0	1.0	0.0	6.634627978006998e-05
15586.0	15.0	1.0	0.0	4.132350285847981e-05
15601.0	15.0	1.0	0.0	3.068067232767741e-05
15616.0	15.0	1.0	0.0	4.5291137695312506e-05
15631.0	15.0	1.0	0.0	3.313156763712564e-05
15646.0	15.0	1.0	0.0	3.089523315429687e-05
15661.0	15.0	1.0	0.0	0.00011397155125933191
15676.0	15.0	1.0	0.0	0.0002673367500304666
15691.0	15.0	1.0	0.0	0.00026110986073806663
15706.0	15.0	1.0	0.0	0.0005673323313394733
15721.0	15.0	1.0	0.0	0.0005661337534586132
15736.0	15.0	1.0	0.0	0.00040994237263993334
15751.0	15.0	1.0	0.0	0.0008426470438638868
15766.0	15.0	1.0	0.0	0.0007288742065429066
15781.0	15.0	1.0	0.0	0.0009049074808756001
15796.0	15.0	1.0	0.0	0.0010718231201171464
15811.0	15.0	1.0	0.0	0.0006474990844726
15826.0	15.0	1.0	0.0	0.00030840098063146
15841.0	15.0	1.0	0.0	0.0002393905639647933
15856.0	15.0	1.0	0.0	0.0001254801432291267
15871.0	15.0	1.0	0.0	6.4447021484375e-05
15886.0	15.0	1.0	0.0	3.887430826822917e-05
15901.0	15.0	1.0	0.0	5.8906555175774996e-05
15916.0	15.0	1.0	0.0	2.981309890747071e-05
15931.0	15.0	1.0	0.0	2.2848959763844804e-05
15946.0	15.0	1.0	0.0	1.7916635672251384e-05
15961.0	15.0	1.0	0.0	0.0002763578176498106
15976.0	15.0	1.0	0.0	0.00039832773208613333
15991.0	15.0	1.0	0.0	0.0005635718663533068
16006.0	15.0	1.0	0.0	0.00087192484537756
16021.0	15.0	1.0	0.0	0.0006152297973632332
16036.0	15.0	1.0	0.0	0.00034055099487300663
16051.0	15.0	1.0	0.0	0.0002562344868977334
16066.0	15.0	1.0	0.0	0.00026201985677076664
16081.0	15.0	1.0	0.0	0.0007026603698729866
16096.0	15.0	1.0	0.0	0.0008212290445963067
16111.0	15.0	1.0	0.0	0.0005664805094400534
16126.0	15.0	1.0	0.0	0.0005270609537759868
16141.0	15.0	1.0	0.0	0.0005582692464192201
16156.0	15.0	1.0	0.0	0.0005350906372069933
16171.0	15.0	1.0	0.0	0.0002579452514648067
16186.0	15.0	1.0	0.0	0.00025180206298823325
16201.0	15.0	1.0	0.0	0.00024841308593745996
16216.0	15.0	1.0	0.0	0.0001432017008463133
16231.0	15.0	1.0	0.0	0.00012845815022783337
16246.0	15.0	1.0	0.0	8.572235107421376e-05
16261.0	15.0	1.0	0.0	7.505493164061583e-05
16276.0	15.0	1.0	0.0	7.19594935576046e-05
16291.0	15.0	1.0	0.0	4.10057246685028e-05
16306.0	15.0	1.0	0.0	2.8835010528564454e-05
16321.0	15.0	1.0	0.0	3.224413394927979e-05
16336.0	15.0	1.0	0.0	5.4233749707534884e-05
16351.0	15.0	1.0	0.0	0.0001957939306894577
16366.0	15.0	1.0	0.0	0.00016804558436072669
16381.0	15.0	1.0	0.0	0.00029616425832108
16396.0	15.0	1.0	0.0	0.00057436790466304
16411.0	15.0	1.0	0.0	0.0023691787719726074
16426.0	15.0	1.0	0.0	0.0021278261820474736
16441.0	15.0	1.0	0.0	0.0033383443196614068
16456.0	15.0	1.0	0.0	0.0025737162272135
16471.0	15.0	1.0	0.0	0.0026800404866536066
16486.0	15.0	1.0	0.0	0.0031003143310546467
16501.0	15.0	1.0	0.0	0.002065938313802053
16516.0	15.0	1.0	0.0	0.001837536621093707
16531.0	15.0	1.0	0.0	0.0009380472819009932
16546.0	15.0	1.0	0.0	0.0005016215006510133
16561.0	15.0	1.0	0.0	0.00018506469726558
16576.0	15.0	1.0	0.0	8.306681315103664e-05
16591.0	15.0	1.0	0.0	4.609781901041667e-05
16606.0	15.0	1.0	0.0	3.538818359375e-05
16621.0	15.0	1.0	0.0	2.2072347005208325e-05
16636.0	15.0	1.0	0.0	1.620565044383208e-05
16651.0	15.0	1.0	0.0	1.270344965159893e-05
16666.0	15.0	1.0	0.0	9.842261672019959e-06
16681.0	15.0	1.0	0.0	7.864230871200561e-06
16696.0	15.0	1.0	0.0	1.3867493470509848e-05
16711.0	15.0	1.0	0.0	1.1183941364288332e-05
16726.0	15.0	1.0	0.0	7.335627079010011e-06
16741.0	15.0	1.0	0.0	8.935972054799397e-06
16756.0	15.0	1.0	0.0	1.6867947578430174e-05
16771.0	15.0	1.0	0.0	1.61566416422526e-05
16786.0	15.0	1.0	0.0	1.6235995292663573e-05
16801.0	15.0	1.0	0.0	4.2539230982457045e-05
16816.0	15.0	1.0	0.0	0.00015139301617936665
16831.0	15.0	1.0	0.0	0.0005160727500915
16846.0	15.0	1.0	0.0	0.0004431737263997
16861.0	15.0	1.0	0.0	0.0003710728963215666
16876.0	15.0	1.0	0.0	0.00029352035522456
16891.0	15.0	1.0	0.0	0.0002243465423583466
16906.0	15.0	1.0	0.0	0.00038701248168940006
16921.0	15.0	1.0	0.0	0.00028011957804356663
16936.0	15.0	1.0	0.0	0.00014555308024083563
16951.0	15.0	1.0	0.0	7.40557352701823e-05
16966.0	15.0	1.0	0.0	4.488906860351563e-05
16981.0	15.0	1.0	0.0	2.9102579752604163e-05
16996.0	15.0	1.0	0.0	2.4664560953776044e-05
17011.0	15.0	1.0	0.0	1.624668041865031e-05
17026.0	15.0	1.0	0.0	1.2517559528350827e-05
17041.0	15.0	1.0	0.0	1.1520322163899741e-05
17056.0	15.0	1.0	0.0	8.472196261088054e-06
17071.0	15.0	1.0	0.0	7.664251327514649e-06
17086.0	15.0	1.0	0.0	6.236950556437174e-06
17101.0	15.0	1.0	0.0	6.2865376472473156e-06
17116.0	15.0	1.0	0.0	5.963647365570068e-06
17131.0	15.0	1.0	0.0	4.8360451062510345e-05
17146.0	15.0	1.0	0.0	0.0001972965319951059
17161.0	15.0	1.0	0.0	0.00021995344161982667
17176.0	15.0	1.0	0.0	0.00039885190327957324
17191.0	15.0	1.0	0.0	0.0007822322845458534
17206.0	15.0	1.0	0.0	0.0012416932423909002
17221.0	15.0	1.0	0.0	0.0011209938049315798
17236.0	15.0	1.0	0.0	0.0012010859171548932
17251.0	15.0	1.0	0.0	0.0012973393758137534
17266.0	15.0	1.0	0.0	0.0006031382242837999
17281.0	15.0	1.0	0.0	0.00024043070475255335
17296.0	15.0	1.0	0.0	0.00010612182617184667
17311.0	15.0	1.0	0.0	6.336212158203126e-05
17326.0	15.0	1.0	0.0	4.712015787760418e-05
17341.0	15.0	1.0	0.0	3.0810038248697915e-05
17356.0	15.0	1.0	0.0	2.1982828776041668e-05
17371.0	15.0	1.0	0.0	1.6225017110506694e-05
17386.0	15.0	1.0	0.0	1.240184207757314e-05
17401.0	15.0	1.0	0.0	9.966914256411639e-05
17416.0	15.0	1.0	0.0	1.9027654329935706e-05
17431.0	15.0	1.0	0.0	1.989638010660807e-05
17446.0	15.0	1.0	0.0	7.775494257607065e-05
17461.0	15.0	1.0	0.0	8.154870669046184e-05
17476.0	15.0	1.0	0.0	0.00014537995656328575
17491.0	15.0	1.0	0.0	0.0002859012921650667
17506.0	15.0	1.0	0.0	0.0003108570098876601
17521.0	15.0	1.0	0.0	0.0005725461959838333
17536.0	15.0	1.0	0.0	0.0017133893330891399
17551.0	15.0	1.0	0.0	0.0023671778361002067
17566.0	15.0	1.0	0.0	0.0014754954020181734
17581.0	15.0	1.0	0.0	0.0016459574381509933
17596.0	15.0	1.0	0.0	0.0009617218017577665
17611.0	15.0	1.0	0.0	0.0004992390950520467
17626.0	15.0	1.0	0.0	0.0003607849121093333
17641.0	15.0	1.0	0.0	0.00027341410319006005
17656.0	15.0	1.0	0.0	0.00017354024251296668
17671.0	15.0	1.0	0.0	0.00021291097005204002
17686.0	15.0	1.0	0.0	0.0004642161051431733
17701.0	15.0	1.0	0.0	0.0006051778157551599
17716.0	15.0	1.0	0.0	0.0003263997395832867
17731.0	15.0	1.0	0.0	0.00013906160692369495
17746.0	15.0	1.0	0.0	8.859383563200237e-05
17761.0	15.0	1.0	0.0	5.978709856669108e-05
17776.0	15.0	1.0	0.0	4.26013469696045e-05
17791.0	15.0	1.0	0.0	0.00024995470046995774
17806.0	15.0	1.0	0.0	0.0002615767796833934
17821.0	15.0	1.0	0.0	0.0007116898854573
17836.0	15.0	1.0	0.0	0.0005476481119791133
17851.0	15.0	1.0	0.0	0.0004344061533609601
17866.0	15.0	1.0	0.0	0.0006542808532714334
17881.0	15.0	1.0	0.0	0.00064439036051428
17896.0	15.0	1.0	0.0	0.0009087628682453867
17911.0	15.0	1.0	0.0	0.00083216857910152
17926.0	15.0	1.0	0.0	0.001564805603027287
17941.0	15.0	1.0	0.0	0.002608283487955666
17956.0	15.0	1.0	0.0	0.0020528096516926665
17971.0	15.0	1.0	0.0	0.00086290690104162
17986.0	15.0	1.0	0.0	0.0004924285888671466
18001.0	15.0	1.0	0.0	0.0002478261311848533
18016.0	15.0	1.0	0.0	0.00013980916341142002
18031.0	15.0	1.0	0.0	8.044026692708334e-05
18046.0	15.0	1.0	0.0	4.702250162760418e-05
18061.0	15.0	1.0	0.0	2.9964192708333333e-05
18076.0	15.0	1.0	0.0	2.03460693359375e-05
18091.0	15.0	1.0	0.0	1.4582316080729168e-05
18106.0	15.0	1.0	0.0	1.731439630190531e-05
18121.0	15.0	1.0	0.0	1.8652544418970744e-05
18136.0	15.0	1.0	0.0	1.0654656092325845e-05
18151.0	15.0	1.0	0.0	8.725333213806154e-06
18166.0	15.0	1.0	0.0	1.4606010913848877e-05
18181.0	15.0	1.0	0.0	9.579168160755014e-05
18196.0	15.0	1.0	0.0	5.149256388346239e-05
18211.0	15.0	1.0	0.0	5.565865834554037e-05
18226.0	15.0	1.0	0.0	9.780248006182545e-05
18241.0	15.0	1.0	0.0	0.00019441677729283336
18256.0	7.0	1.0	0.0	0.0002974421637398428
