stress_period	sp_length	time_step	study (0 : TS or 1 : SS)	rech
0.0	1.0	1.0	1.0	0.0005658614305834779
1.0	15.0	1.0	0.0	0.00233889821370438
16.0	15.0	1.0	0.0	0.0028015731811522936
31.0	15.0	1.0	0.0	0.0040092224121093265
46.0	15.0	1.0	0.0	0.0036099222819009932
61.0	15.0	1.0	0.0	0.0025000569661457936
76.0	15.0	1.0	0.0	0.0019294352213541331
91.0	15.0	1.0	0.0	0.002165037027994747
106.0	15.0	1.0	0.0	0.0011268432617187198
121.0	15.0	1.0	0.0	0.0003335042317708067
136.0	15.0	1.0	0.0	0.00013008422851558998
151.0	15.0	1.0	0.0	6.464436848958333e-05
166.0	15.0	1.0	0.0	4.0370686848958326e-05
181.0	15.0	1.0	0.0	2.7764892578124995e-05
196.0	15.0	1.0	0.0	2.1693929036458333e-05
211.0	15.0	1.0	0.0	1.6077741980552667e-05
226.0	15.0	1.0	0.0	1.1619827151298523e-05
241.0	15.0	1.0	0.0	8.933319648106892e-06
256.0	15.0	1.0	0.0	6.944882869720458e-06
271.0	15.0	1.0	0.0	4.452288945514978e-05
286.0	15.0	1.0	0.0	1.0889514287312827e-05
301.0	15.0	1.0	0.0	8.184758822123211e-06
316.0	15.0	1.0	0.0	7.788159052529955e-05
331.0	15.0	1.0	0.0	0.0001771858533222968
346.0	15.0	1.0	0.0	0.0002305270830789733
361.0	15.0	1.0	0.0	0.0013794878641763797
376.0	15.0	1.0	0.0	0.0032356665293375264
391.0	15.0	1.0	0.0	0.00227050984700516
406.0	15.0	1.0	0.0	0.0016682245890299065
421.0	15.0	1.0	0.0	0.0016375691731770402
436.0	15.0	1.0	0.0	0.001542376708984327
451.0	15.0	1.0	0.0	0.0012420786539713068
466.0	15.0	1.0	0.0	0.00046353454589839326
481.0	15.0	1.0	0.0	0.0002663645426431733
496.0	15.0	1.0	0.0	0.00014603780110672668
511.0	15.0	1.0	0.0	9.032999674476834e-05
526.0	15.0	1.0	0.0	4.672037760416667e-05
541.0	15.0	1.0	0.0	2.585245768229167e-05
556.0	15.0	1.0	0.0	1.6151936848958337e-05
571.0	15.0	1.0	0.0	1.0839445888996123e-05
586.0	15.0	1.0	0.0	8.138838907082873e-06
601.0	15.0	1.0	0.0	9.613890449206035e-06
616.0	15.0	1.0	0.0	5.337788661321004e-06
631.0	15.0	1.0	0.0	4.671428600947062e-06
646.0	15.0	1.0	0.0	8.049851655960083e-06
661.0	15.0	1.0	0.0	1.4915374914805095e-05
676.0	15.0	1.0	0.0	1.2184266249338785e-05
691.0	15.0	1.0	0.0	0.00010729742844897678
706.0	15.0	1.0	0.0	0.00023710627555842002
721.0	15.0	1.0	0.0	0.0008435876846313
736.0	15.0	1.0	0.0	0.0005348375956216868
751.0	15.0	1.0	0.0	0.00033236656188960663
766.0	15.0	1.0	0.0	0.0003478083292642667
781.0	15.0	1.0	0.0	0.0016463391621907
796.0	15.0	1.0	0.0	0.0018710975646972197
811.0	15.0	1.0	0.0	0.0009817448933918868
826.0	15.0	1.0	0.0	0.0004847193400064801
841.0	15.0	1.0	0.0	0.0003062657674153134
856.0	15.0	1.0	0.0	0.00013310801188145998
871.0	15.0	1.0	0.0	8.043924967447916e-05
886.0	15.0	1.0	0.0	5.0665283203125004e-05
901.0	15.0	1.0	0.0	3.244730631510417e-05
916.0	15.0	1.0	0.0	1.8519592285156247e-05
931.0	15.0	1.0	0.0	1.2199069683750472e-05
946.0	15.0	1.0	0.0	9.318475301067033e-06
961.0	15.0	1.0	0.0	7.004886865615844e-06
976.0	15.0	1.0	0.0	5.612323681513468e-06
991.0	15.0	1.0	0.0	4.751519362131756e-06
1006.0	15.0	1.0	0.0	6.022948026657104e-06
1021.0	15.0	1.0	0.0	4.313294092814128e-06
1036.0	15.0	1.0	0.0	0.0002637252012888354
1051.0	15.0	1.0	0.0	0.0004036678314208465
1066.0	15.0	1.0	0.0	0.0008472211201985134
1081.0	15.0	1.0	0.0	0.0005805913289387466
1096.0	15.0	1.0	0.0	0.0016815327962238999
1111.0	15.0	1.0	0.0	0.0017236597696939468
1126.0	15.0	1.0	0.0	0.0012841501871744335
1141.0	15.0	1.0	0.0	0.0006083943684895267
1156.0	15.0	1.0	0.0	0.00034887797037756
1171.0	15.0	1.0	0.0	0.00058190816243486
1186.0	15.0	1.0	0.0	0.00048461812337235327
1201.0	15.0	1.0	0.0	0.0003567545572916267
1216.0	15.0	1.0	0.0	0.0002977142333983867
1231.0	15.0	1.0	0.0	0.00019471333821610001
1246.0	15.0	1.0	0.0	0.00010046590169268914
1261.0	15.0	1.0	0.0	5.5277506510416664e-05
1276.0	15.0	1.0	0.0	3.334655761718751e-05
1291.0	15.0	1.0	0.0	2.0231119791666668e-05
1306.0	15.0	1.0	0.0	1.3401640454928077e-05
1321.0	15.0	1.0	0.0	9.632012248039246e-06
1336.0	15.0	1.0	0.0	7.242369651794433e-06
1351.0	15.0	1.0	0.0	5.907591183980306e-06
1366.0	15.0	1.0	0.0	4.9819846947987864e-06
1381.0	15.0	1.0	0.0	4.915495713551838e-06
1396.0	15.0	1.0	0.0	1.8461942672729493e-05
1411.0	15.0	1.0	0.0	2.971492211023966e-05
1426.0	15.0	1.0	0.0	3.503878911336263e-05
1441.0	15.0	1.0	0.0	0.00016691732406613738
1456.0	15.0	1.0	0.0	0.00021227509180700001
1471.0	15.0	1.0	0.0	0.00016723448435459998
1486.0	15.0	1.0	0.0	0.00030337664286289335
1501.0	15.0	1.0	0.0	0.0014438288370767665
1516.0	15.0	1.0	0.0	0.0020976702372232595
1531.0	15.0	1.0	0.0	0.0008034896850585467
1546.0	15.0	1.0	0.0	0.0005462270100911
1561.0	15.0	1.0	0.0	0.00052683410644526
1576.0	15.0	1.0	0.0	0.0002782541910806733
1591.0	15.0	1.0	0.0	0.00020583546956375336
1606.0	15.0	1.0	0.0	9.183400472003582e-05
1621.0	15.0	1.0	0.0	4.7391255696614585e-05
1636.0	15.0	1.0	0.0	2.6393127441406254e-05
1651.0	15.0	1.0	0.0	1.682993570963542e-05
1666.0	15.0	1.0	0.0	1.2089908619721733e-05
1681.0	15.0	1.0	0.0	8.67634564638138e-06
1696.0	15.0	1.0	0.0	6.515924135843914e-06
1711.0	15.0	1.0	0.0	7.3442717393239336e-06
1726.0	15.0	1.0	0.0	5.495995283126832e-06
1741.0	15.0	1.0	0.0	5.731463432312012e-06
1756.0	15.0	1.0	0.0	1.879876454671224e-05
1771.0	15.0	1.0	0.0	7.445084253945664e-05
1786.0	15.0	1.0	0.0	0.0002048473278681029
1801.0	15.0	1.0	0.0	0.00052297490437822
1816.0	15.0	1.0	0.0	0.0008669167200723802
1831.0	15.0	1.0	0.0	0.0008656122843424068
1846.0	15.0	1.0	0.0	0.002927727254231727
1861.0	15.0	1.0	0.0	0.00417601826985672
1876.0	15.0	1.0	0.0	0.0022108306884765136
1891.0	15.0	1.0	0.0	0.00203856709798172
1906.0	15.0	1.0	0.0	0.0010838979085286068
1921.0	15.0	1.0	0.0	0.00037575174967443333
1936.0	15.0	1.0	0.0	0.00018793945312496667
1951.0	15.0	1.0	0.0	0.00013954976399735587
1966.0	15.0	1.0	0.0	7.175496419270835e-05
1981.0	15.0	1.0	0.0	3.8275146484375e-05
1996.0	15.0	1.0	0.0	2.4070231119791662e-05
2011.0	15.0	1.0	0.0	1.6181437174479167e-05
2026.0	15.0	1.0	0.0	1.1429186910390851e-05
2041.0	15.0	1.0	0.0	8.435246100028355e-06
2056.0	15.0	1.0	0.0	6.77374303340912e-06
2071.0	15.0	1.0	0.0	7.027578353881835e-06
2086.0	15.0	1.0	0.0	6.811036666234335e-06
2101.0	15.0	1.0	0.0	1.3428620497385661e-05
2116.0	15.0	1.0	0.0	0.000233082242806729
2131.0	15.0	1.0	0.0	0.0001448159217834093
2146.0	15.0	1.0	0.0	0.0003496273040771
2161.0	15.0	1.0	0.0	0.00039220320383703334
2176.0	15.0	1.0	0.0	0.00040167032877598
2191.0	15.0	1.0	0.0	0.0015857643127440933
2206.0	15.0	1.0	0.0	0.002843934122721313
2221.0	15.0	1.0	0.0	0.003425846354166614
2236.0	15.0	1.0	0.0	0.0028035766601561935
2251.0	15.0	1.0	0.0	0.001630438232421827
2266.0	15.0	1.0	0.0	0.0010858388264973532
2281.0	15.0	1.0	0.0	0.0010837239583332933
2296.0	15.0	1.0	0.0	0.0006946502685546333
2311.0	15.0	1.0	0.0	0.00078601684570308
2326.0	15.0	1.0	0.0	0.00112264811197912
2341.0	15.0	1.0	0.0	0.0012171549479166265
2356.0	15.0	1.0	0.0	0.0004199788411457867
2371.0	15.0	1.0	0.0	0.00013134765624996832
2386.0	15.0	1.0	0.0	5.498250325520833e-05
2401.0	15.0	1.0	0.0	3.1944956382115685e-05
2416.0	15.0	1.0	0.0	2.074559330940246e-05
2431.0	15.0	1.0	0.0	1.4674409230550128e-05
2446.0	15.0	1.0	0.0	1.0875093936920164e-05
2461.0	15.0	1.0	0.0	8.377512296040854e-06
2476.0	15.0	1.0	0.0	1.1685331662495933e-05
2491.0	15.0	1.0	0.0	0.00012712307771043716
2506.0	15.0	1.0	0.0	0.0008092320760090667
2521.0	15.0	1.0	0.0	0.00104292271931962
2536.0	15.0	1.0	0.0	0.0005797815958658334
2551.0	15.0	1.0	0.0	0.00048623555501296
2566.0	15.0	1.0	0.0	0.0019104319254556795
2581.0	15.0	1.0	0.0	0.0013570907592772934
2596.0	15.0	1.0	0.0	0.0007025151570637466
2611.0	15.0	1.0	0.0	0.0005936701456705334
2626.0	15.0	1.0	0.0	0.0003881215413410934
2641.0	15.0	1.0	0.0	0.00017605590820307998
2656.0	15.0	1.0	0.0	0.00010389404296873502
2671.0	15.0	1.0	0.0	8.224589029947917e-05
2686.0	15.0	1.0	0.0	7.061869303385418e-05
2701.0	15.0	1.0	0.0	4.873046875000001e-05
2716.0	15.0	1.0	0.0	3.0047607421874994e-05
2731.0	15.0	1.0	0.0	1.9936116536458333e-05
2746.0	15.0	1.0	0.0	1.3779703776041665e-05
2761.0	15.0	1.0	0.0	9.73836878935496e-06
2776.0	15.0	1.0	0.0	7.457726200421651e-06
2791.0	15.0	1.0	0.0	1.0877293348312376e-05
2806.0	15.0	1.0	0.0	6.9813708464304606e-06
2821.0	15.0	1.0	0.0	5.3159356117248534e-06
2836.0	15.0	1.0	0.0	2.318751017252094e-05
2851.0	15.0	1.0	0.0	6.921706199644644e-05
2866.0	15.0	1.0	0.0	0.0005549173752466399
2881.0	15.0	1.0	0.0	0.0006242582956949266
2896.0	15.0	1.0	0.0	0.0023384323120116666
2911.0	15.0	1.0	0.0	0.0048319541931151795
2926.0	15.0	1.0	0.0	0.002606735229492147
2941.0	15.0	1.0	0.0	0.0019076121012369398
2956.0	15.0	1.0	0.0	0.0012848175048827736
2971.0	15.0	1.0	0.0	0.002206501261393193
2986.0	15.0	1.0	0.0	0.0015721008300780867
3001.0	15.0	1.0	0.0	0.00199006551106766
3016.0	15.0	1.0	0.0	0.0015095987955728797
3031.0	15.0	1.0	0.0	0.00056135660807288
3046.0	15.0	1.0	0.0	0.0010871114095051735
3061.0	15.0	1.0	0.0	0.0005801696777343467
3076.0	15.0	1.0	0.0	0.00019350992838538004
3091.0	15.0	1.0	0.0	8.665568033853833e-05
3106.0	15.0	1.0	0.0	4.386596679687501e-05
3121.0	15.0	1.0	0.0	2.6220426087578136e-05
3136.0	15.0	1.0	0.0	1.7492718373735746e-05
3151.0	15.0	1.0	0.0	1.2226319313049317e-05
3166.0	15.0	1.0	0.0	9.612802664438883e-06
3181.0	15.0	1.0	0.0	7.10057814915975e-06
3196.0	15.0	1.0	0.0	5.8570663134257004e-06
3211.0	15.0	1.0	0.0	7.108620802561441e-06
3226.0	15.0	1.0	0.0	0.00019295154809948582
3241.0	15.0	1.0	0.0	8.260291417438252e-05
3256.0	15.0	1.0	0.0	0.00034492282867426663
3271.0	15.0	1.0	0.0	0.00031591663360590674
3286.0	15.0	1.0	0.0	0.00029289461771641337
3301.0	15.0	1.0	0.0	0.00104736328124996
3316.0	15.0	1.0	0.0	0.0011042139689127135
3331.0	15.0	1.0	0.0	0.0008930590311685666
3346.0	15.0	1.0	0.0	0.0023021377563476136
3361.0	15.0	1.0	0.0	0.002263775634765587
3376.0	15.0	1.0	0.0	0.0028683512369791202
3391.0	15.0	1.0	0.0	0.0022045735677083
3406.0	15.0	1.0	0.0	0.0010684926350910998
3421.0	15.0	1.0	0.0	0.0006666208902994465
3436.0	15.0	1.0	0.0	0.00022464701334630002
3451.0	15.0	1.0	0.0	9.119059244790416e-05
3466.0	15.0	1.0	0.0	4.4645182291666656e-05
3481.0	15.0	1.0	0.0	2.5877888997395833e-05
3496.0	15.0	1.0	0.0	1.675762136777242e-05
3511.0	15.0	1.0	0.0	1.2449993689854939e-05
3526.0	15.0	1.0	0.0	9.270834922790526e-06
3541.0	15.0	1.0	0.0	7.768356800079348e-06
3556.0	15.0	1.0	0.0	6.544184684753419e-06
3571.0	15.0	1.0	0.0	4.0056562423704543e-05
3586.0	15.0	1.0	0.0	0.00026682817141210666
3601.0	15.0	1.0	0.0	8.06983311971007e-05
3616.0	15.0	1.0	0.0	0.00047164796193435997
3631.0	15.0	1.0	0.0	0.0013409465789794533
3646.0	15.0	1.0	0.0	0.0019713406880696132
3661.0	15.0	1.0	0.0	0.0030656117757160936
3676.0	15.0	1.0	0.0	0.003672585042317673
3691.0	15.0	1.0	0.0	0.0028594563802082805
3706.0	15.0	1.0	0.0	0.0012497762044270397
3721.0	15.0	1.0	0.0	0.00063729553222652
3736.0	15.0	1.0	0.0	0.0012103485107421335
3751.0	15.0	1.0	0.0	0.0011552754720051798
3766.0	15.0	1.0	0.0	0.0006717407226562201
3781.0	15.0	1.0	0.0	0.0004062398274739334
3796.0	15.0	1.0	0.0	0.00016387532552079336
3811.0	15.0	1.0	0.0	7.452189127603667e-05
3826.0	15.0	1.0	0.0	3.905843098958333e-05
3841.0	15.0	1.0	0.0	2.2381591796874998e-05
3856.0	15.0	1.0	0.0	1.4447490374247235e-05
3871.0	15.0	1.0	0.0	1.0599493980407716e-05
3886.0	15.0	1.0	0.0	7.5603743394215885e-06
3901.0	15.0	1.0	0.0	5.800227324167887e-06
3916.0	15.0	1.0	0.0	4.816983143488566e-06
3931.0	15.0	1.0	0.0	4.189344247182211e-06
3946.0	15.0	1.0	0.0	6.253993511199951e-06
3961.0	15.0	1.0	0.0	0.0003654085040091905
3976.0	15.0	1.0	0.0	0.0003493553161620533
3991.0	15.0	1.0	0.0	0.0005841346740722267
4006.0	15.0	1.0	0.0	0.0021822078704833462
4021.0	15.0	1.0	0.0	0.0031643351236978604
4036.0	15.0	1.0	0.0	0.0012885732014973534
4051.0	15.0	1.0	0.0	0.00073586476643876
4066.0	15.0	1.0	0.0	0.0004746704101562
4081.0	15.0	1.0	0.0	0.00041585286458329995
4096.0	15.0	1.0	0.0	0.00028071695963538003
4111.0	15.0	1.0	0.0	0.00020812581380204
4126.0	15.0	1.0	0.0	0.00017261047363278
4141.0	15.0	1.0	0.0	9.177652994790416e-05
4156.0	15.0	1.0	0.0	0.00013530985514322
4171.0	15.0	1.0	0.0	7.243448893229167e-05
4186.0	15.0	1.0	0.0	4.835103352864583e-05
4201.0	15.0	1.0	0.0	2.8558349609375002e-05
4216.0	15.0	1.0	0.0	1.7896525065104168e-05
4231.0	15.0	1.0	0.0	1.1996852358182272e-05
4246.0	15.0	1.0	0.0	8.666975299517313e-06
4261.0	15.0	1.0	0.0	6.800933678944906e-06
4276.0	15.0	1.0	0.0	5.760014057159423e-06
4291.0	15.0	1.0	0.0	5.013610919316609e-06
4306.0	15.0	1.0	0.0	3.2984109719588905e-05
4321.0	15.0	1.0	0.0	3.128365675608318e-05
4336.0	15.0	1.0	0.0	0.0002153962214787365
4351.0	15.0	1.0	0.0	0.00029028905232742
4366.0	15.0	1.0	0.0	0.0012246368408202668
4381.0	15.0	1.0	0.0	0.0021246058146158404
4396.0	15.0	1.0	0.0	0.0034360794067382267
4411.0	15.0	1.0	0.0	0.0014966913859049134
4426.0	15.0	1.0	0.0	0.0018887339274087998
4441.0	15.0	1.0	0.0	0.002667823282877574
4456.0	15.0	1.0	0.0	0.00131510620117184
4471.0	15.0	1.0	0.0	0.0008166971842447465
4486.0	15.0	1.0	0.0	0.00035561930338537997
4501.0	15.0	1.0	0.0	0.00027144368489578663
4516.0	15.0	1.0	0.0	0.00024098714192703335
4531.0	15.0	1.0	0.0	0.00011803588867184833
4546.0	15.0	1.0	0.0	5.7413736979166666e-05
4561.0	15.0	1.0	0.0	3.111368815104166e-05
4576.0	15.0	1.0	0.0	1.9768269856770835e-05
4591.0	15.0	1.0	0.0	1.6607441504796348e-05
4606.0	15.0	1.0	0.0	1.1048414309819538e-05
4621.0	15.0	1.0	0.0	9.073513746261598e-06
4636.0	15.0	1.0	0.0	6.985408067703247e-06
4651.0	15.0	1.0	0.0	5.750616391499836e-06
4666.0	15.0	1.0	0.0	1.5896097819010418e-05
4681.0	15.0	1.0	0.0	0.00010173636277515367
4696.0	15.0	1.0	0.0	0.00023243904113763998
4711.0	15.0	1.0	0.0	0.00040839761098221335
4726.0	15.0	1.0	0.0	0.0021116478602091
4741.0	15.0	1.0	0.0	0.0033839856465657007
4756.0	15.0	1.0	0.0	0.001437279764811153
4771.0	15.0	1.0	0.0	0.0011115763346353801
4786.0	15.0	1.0	0.0	0.0009673380533853731
4801.0	15.0	1.0	0.0	0.00240386555989578
4816.0	15.0	1.0	0.0	0.0022881540934244337
4831.0	15.0	1.0	0.0	0.0006897552490234
4846.0	15.0	1.0	0.0	0.0005822560628254865
4861.0	15.0	1.0	0.0	0.0011131306966145334
4876.0	15.0	1.0	0.0	0.0007068430582681801
4891.0	15.0	1.0	0.0	0.00023547973632808002
4906.0	15.0	1.0	0.0	8.118082682290832e-05
4921.0	15.0	1.0	0.0	3.9501953125e-05
4936.0	15.0	1.0	0.0	2.3862711588541668e-05
4951.0	15.0	1.0	0.0	1.586684783299764e-05
4966.0	15.0	1.0	0.0	1.1256530880928041e-05
4981.0	15.0	1.0	0.0	8.39418669541677e-06
4996.0	15.0	1.0	0.0	6.47552212079366e-06
5011.0	15.0	1.0	0.0	5.3287804126739505e-06
5026.0	15.0	1.0	0.0	7.996650536855061e-06
5041.0	15.0	1.0	0.0	7.079301277795766e-05
5056.0	15.0	1.0	0.0	0.00016861897309617926
5071.0	15.0	1.0	0.0	0.0004538614273070733
5086.0	15.0	1.0	0.0	0.0005467039108275866
5101.0	15.0	1.0	0.0	0.0004175230662027467
5116.0	15.0	1.0	0.0	0.0011101593017577602
5131.0	15.0	1.0	0.0	0.0021574518839517663
5146.0	15.0	1.0	0.0	0.0014217427571614064
5161.0	15.0	1.0	0.0	0.0013408172607421401
5176.0	15.0	1.0	0.0	0.00226481628417964
5191.0	15.0	1.0	0.0	0.001469142659505167
5206.0	15.0	1.0	0.0	0.0009885142008462934
5221.0	15.0	1.0	0.0	0.0006918762207030801
5236.0	15.0	1.0	0.0	0.0004178446451822467
5251.0	15.0	1.0	0.0	0.00027260233561193336
5266.0	15.0	1.0	0.0	0.00020580240885411999
5281.0	15.0	1.0	0.0	0.00010308837890622581
5296.0	15.0	1.0	0.0	4.8516845703125e-05
5311.0	15.0	1.0	0.0	2.6381429036458328e-05
5326.0	15.0	1.0	0.0	1.687480807304382e-05
5341.0	15.0	1.0	0.0	1.9049535195032755e-05
5356.0	15.0	1.0	0.0	1.0441033045450849e-05
5371.0	15.0	1.0	0.0	7.95670747756958e-06
5386.0	15.0	1.0	0.0	6.5437674522399916e-06
5401.0	15.0	1.0	0.0	1.2867581844329833e-05
5416.0	15.0	1.0	0.0	1.8079900741577145e-05
5431.0	15.0	1.0	0.0	0.00012342676321664255
5446.0	15.0	1.0	0.0	0.00017664232254022667
5461.0	15.0	1.0	0.0	0.00021410106023148735
5476.0	15.0	1.0	0.0	0.0008946231842040665
5491.0	15.0	1.0	0.0	0.0017821086883544467
5506.0	15.0	1.0	0.0	0.00231957397460932
5521.0	15.0	1.0	0.0	0.00145891469319658
5536.0	15.0	1.0	0.0	0.0007277216593423935
5551.0	15.0	1.0	0.0	0.00038451741536453993
5566.0	15.0	1.0	0.0	0.00028733673095698
5581.0	15.0	1.0	0.0	0.00036009012858068666
5596.0	15.0	1.0	0.0	0.00037370503743483995
5611.0	15.0	1.0	0.0	0.0002606506347655667
5626.0	15.0	1.0	0.0	0.00025168762207025333
5641.0	15.0	1.0	0.0	0.00015592549641921998
5656.0	15.0	1.0	0.0	8.77441406249875e-05
5671.0	15.0	1.0	0.0	4.6804809570312495e-05
5686.0	15.0	1.0	0.0	2.73140291372935e-05
5701.0	15.0	1.0	0.0	1.906387209892273e-05
5716.0	15.0	1.0	0.0	1.3523153463999433e-05
5731.0	15.0	1.0	0.0	1.4572091897328694e-05
5746.0	15.0	1.0	0.0	3.718679348627104e-05
5761.0	15.0	1.0	0.0	1.4681228001912435e-05
5776.0	15.0	1.0	0.0	8.43623320261392e-05
5791.0	15.0	1.0	0.0	0.00023837223052972667
5806.0	15.0	1.0	0.0	0.00014561541875198665
5821.0	15.0	1.0	0.0	0.00030994866689041333
5836.0	15.0	1.0	0.0	0.0007546990712483198
5851.0	15.0	1.0	0.0	0.0005150642395018934
5866.0	15.0	1.0	0.0	0.0020726872762043803
5881.0	15.0	1.0	0.0	0.002476603444417267
5896.0	15.0	1.0	0.0	0.002653504435221306
5911.0	15.0	1.0	0.0	0.0013813171386718266
5926.0	15.0	1.0	0.0	0.0010437723795572401
5941.0	15.0	1.0	0.0	0.0006539042154947467
5956.0	15.0	1.0	0.0	0.0003673075358072533
5971.0	15.0	1.0	0.0	0.00015811564127600668
5986.0	15.0	1.0	0.0	9.261983235675834e-05
6001.0	15.0	1.0	0.0	7.396748860677084e-05
6016.0	15.0	1.0	0.0	5.4439290364583335e-05
6031.0	15.0	1.0	0.0	3.62823486328125e-05
6046.0	15.0	1.0	0.0	2.3207526405652365e-05
6061.0	15.0	1.0	0.0	1.592316925525665e-05
6076.0	15.0	1.0	0.0	1.2211708227793377e-05
6091.0	15.0	1.0	0.0	9.226377805074055e-06
6106.0	15.0	1.0	0.0	7.22195307413737e-06
6121.0	15.0	1.0	0.0	7.116194566090902e-06
6136.0	15.0	1.0	0.0	4.222374757130185e-05
6151.0	15.0	1.0	0.0	0.0001594866911569864
6166.0	15.0	1.0	0.0	0.00019116573333736
6181.0	15.0	1.0	0.0	0.00020712381998692897
6196.0	15.0	1.0	0.0	0.00021205177307123996
6211.0	15.0	1.0	0.0	0.00016232808430984667
6226.0	15.0	1.0	0.0	0.00015338579813634
6241.0	15.0	1.0	0.0	0.00016761843363438667
6256.0	15.0	1.0	0.0	0.00015924097696934668
6271.0	15.0	1.0	0.0	0.00012750447591140666
6286.0	15.0	1.0	0.0	0.00010267079671217998
6301.0	15.0	1.0	0.0	9.54622904459425e-05
6316.0	15.0	1.0	0.0	6.921374003092447e-05
6331.0	15.0	1.0	0.0	4.743448893229167e-05
6346.0	15.0	1.0	0.0	3.293647766113281e-05
6361.0	15.0	1.0	0.0	2.4013392130533853e-05
6376.0	15.0	1.0	0.0	1.6420364379882812e-05
6391.0	15.0	1.0	0.0	1.1917241414388019e-05
6406.0	15.0	1.0	0.0	8.4503173828125e-06
6421.0	15.0	1.0	0.0	8.916538953781129e-06
6436.0	15.0	1.0	0.0	5.950375398000081e-06
6451.0	15.0	1.0	0.0	5.213499069213867e-06
6466.0	15.0	1.0	0.0	1.052756110827128e-05
6481.0	15.0	1.0	0.0	1.4854717254638673e-05
6496.0	15.0	1.0	0.0	8.973697821299234e-06
6511.0	15.0	1.0	0.0	2.4578197797139488e-05
6526.0	15.0	1.0	0.0	2.5322755177815757e-05
6541.0	15.0	1.0	0.0	0.00010062526067097079
6556.0	15.0	1.0	0.0	0.00020246855417883333
6571.0	15.0	1.0	0.0	0.0007465375264485134
6586.0	15.0	1.0	0.0	0.0015952074686685735
6601.0	15.0	1.0	0.0	0.002611920420328733
6616.0	15.0	1.0	0.0	0.0025823348999023063
6631.0	15.0	1.0	0.0	0.0015123738606770403
6646.0	15.0	1.0	0.0	0.0012546671549478795
6661.0	15.0	1.0	0.0	0.0008389149983723333
6676.0	15.0	1.0	0.0	0.00053140157063798
6691.0	15.0	1.0	0.0	0.00025997009277339996
6706.0	15.0	1.0	0.0	0.00010933329264319667
6721.0	15.0	1.0	0.0	6.26922607421875e-05
6736.0	15.0	1.0	0.0	3.5658772786458336e-05
6751.0	15.0	1.0	0.0	2.0606486002604167e-05
6766.0	15.0	1.0	0.0	1.3794962565104167e-05
6781.0	15.0	1.0	0.0	9.972467521826427e-06
6796.0	15.0	1.0	0.0	7.802415390809377e-06
6811.0	15.0	1.0	0.0	7.814261317253111e-06
6826.0	15.0	1.0	0.0	6.619022289911905e-06
6841.0	15.0	1.0	0.0	5.467466513315837e-06
6856.0	15.0	1.0	0.0	2.0965085426966347e-05
6871.0	15.0	1.0	0.0	7.016355991362641e-05
6886.0	15.0	1.0	0.0	9.397671222684248e-05
6901.0	15.0	1.0	0.0	5.854600270588674e-05
6916.0	15.0	1.0	0.0	0.00032025343577062
6931.0	15.0	1.0	0.0	0.0002033028920491067
6946.0	15.0	1.0	0.0	0.00028000094095861336
6961.0	15.0	1.0	0.0	0.00160203259785964
6976.0	15.0	1.0	0.0	0.0018665529886880935
6991.0	15.0	1.0	0.0	0.00153050994873042
7006.0	15.0	1.0	0.0	0.0026497716267903136
7021.0	15.0	1.0	0.0	0.00093989969889318
7036.0	15.0	1.0	0.0	0.0005837605794270401
7051.0	15.0	1.0	0.0	0.00048918660481766
7066.0	15.0	1.0	0.0	0.0003381001790364133
7081.0	15.0	1.0	0.0	0.00011903788248694834
7096.0	15.0	1.0	0.0	5.120951334635416e-05
7111.0	15.0	1.0	0.0	2.915852864583333e-05
7126.0	15.0	1.0	0.0	1.8642171223958333e-05
7141.0	15.0	1.0	0.0	1.268780877192815e-05
7156.0	15.0	1.0	0.0	9.073367218176526e-06
7171.0	15.0	1.0	0.0	6.88533882300059e-06
7186.0	15.0	1.0	0.0	6.601800521214803e-06
7201.0	15.0	1.0	0.0	4.783592621485393e-06
7216.0	15.0	1.0	0.0	4.203901688257854e-06
7231.0	15.0	1.0	0.0	1.8374490737915037e-05
7246.0	15.0	1.0	0.0	1.0511314868927004e-05
7261.0	15.0	1.0	0.0	0.00018989190657929967
7276.0	15.0	1.0	0.0	0.0003811853408812999
7291.0	15.0	1.0	0.0	0.0013746762593586732
7306.0	15.0	1.0	0.0	0.003486628723144486
7321.0	15.0	1.0	0.0	0.0012958760579426663
7336.0	15.0	1.0	0.0	0.0022205184936522865
7351.0	15.0	1.0	0.0	0.0010345397949218333
7366.0	15.0	1.0	0.0	0.0006609670003254865
7381.0	15.0	1.0	0.0	0.0007279683430989199
7396.0	15.0	1.0	0.0	0.0005390757242837999
7411.0	15.0	1.0	0.0	0.00031624247233068677
7426.0	15.0	1.0	0.0	0.0002960611979166333
7441.0	15.0	1.0	0.0	0.00020559488932287334
7456.0	15.0	1.0	0.0	9.917399088539998e-05
7471.0	15.0	1.0	0.0	4.891459147135415e-05
7486.0	15.0	1.0	0.0	2.8668212890624994e-05
7501.0	15.0	1.0	0.0	2.019144694010417e-05
7516.0	15.0	1.0	0.0	1.3629289468129475e-05
7531.0	15.0	1.0	0.0	9.71666177113851e-06
7546.0	15.0	1.0	0.0	7.4091096719106044e-06
7561.0	15.0	1.0	0.0	5.842528740564981e-06
7576.0	15.0	1.0	0.0	7.468664646148682e-06
7591.0	15.0	1.0	0.0	8.849449952443442e-06
7606.0	15.0	1.0	0.0	5.4391968250264717e-05
7621.0	15.0	1.0	0.0	0.00013204806645709342
7636.0	15.0	1.0	0.0	0.0003563637256621799
7651.0	15.0	1.0	0.0	0.00037231763203933335
7666.0	15.0	1.0	0.0	0.00046590913136795344
7681.0	15.0	1.0	0.0	0.0006960631052652532
7696.0	15.0	1.0	0.0	0.0013405223846435
7711.0	15.0	1.0	0.0	0.0008673334757486466
7726.0	15.0	1.0	0.0	0.0010334828694660999
7741.0	15.0	1.0	0.0	0.0006686411539713
7756.0	15.0	1.0	0.0	0.0006011067708332866
7771.0	15.0	1.0	0.0	0.00033823903401687325
7786.0	15.0	1.0	0.0	0.00021269276936844
7801.0	15.0	1.0	0.0	0.00015818481445308667
7816.0	15.0	1.0	0.0	0.00010493774414059542
7831.0	15.0	1.0	0.0	5.278523763020833e-05
7846.0	15.0	1.0	0.0	3.0251566569010422e-05
7861.0	15.0	1.0	0.0	2.09259033203125e-05
7876.0	15.0	1.0	0.0	1.4516306420167288e-05
7891.0	15.0	1.0	0.0	2.26617490251859e-05
7906.0	15.0	1.0	0.0	1.622610092163086e-05
7921.0	15.0	1.0	0.0	1.0509022076924641e-05
7936.0	15.0	1.0	0.0	1.5112050374348963e-05
7951.0	15.0	1.0	0.0	1.0766434669494629e-05
7966.0	15.0	1.0	0.0	2.0878322919209797e-05
7981.0	15.0	1.0	0.0	0.0002360912402470378
7996.0	15.0	1.0	0.0	0.00021547733942662664
8011.0	15.0	1.0	0.0	0.0006953117370605133
8026.0	15.0	1.0	0.0	0.0010931856791177932
8041.0	15.0	1.0	0.0	0.0009871365865071068
8056.0	15.0	1.0	0.0	0.0008345593770344466
8071.0	15.0	1.0	0.0	0.0007676162719726067
8086.0	15.0	1.0	0.0	0.001087096150716093
8101.0	15.0	1.0	0.0	0.0017826655069986537
8116.0	15.0	1.0	0.0	0.0007973795572916202
8131.0	15.0	1.0	0.0	0.00046676330566402667
8146.0	15.0	1.0	0.0	0.00018888753255203337
8161.0	15.0	1.0	0.0	8.996988932290832e-05
8176.0	15.0	1.0	0.0	6.961466471353666e-05
8191.0	15.0	1.0	0.0	4.0466308593749995e-05
8206.0	15.0	1.0	0.0	2.6828002929687496e-05
8221.0	15.0	1.0	0.0	1.7519124348958335e-05
8236.0	15.0	1.0	0.0	1.467384360730648e-05
8251.0	15.0	1.0	0.0	1.0100075975060464e-05
8266.0	15.0	1.0	0.0	7.609299818674721e-06
8281.0	15.0	1.0	0.0	6.564184029897054e-06
8296.0	15.0	1.0	0.0	8.081181844075521e-06
8311.0	15.0	1.0	0.0	5.262382825215658e-06
8326.0	15.0	1.0	0.0	4.987720648447674e-06
8341.0	15.0	1.0	0.0	0.00036485087871547696
8356.0	15.0	1.0	0.0	0.00048453496297196
8371.0	15.0	1.0	0.0	0.0006252354939778066
8386.0	15.0	1.0	0.0	0.0015224655151366733
8401.0	15.0	1.0	0.0	0.0022051895141601136
8416.0	15.0	1.0	0.0	0.0010612513224283466
8431.0	15.0	1.0	0.0	0.0005363967895507401
8446.0	15.0	1.0	0.0	0.0005888931274413667
8461.0	15.0	1.0	0.0	0.00213006235758458
8476.0	15.0	1.0	0.0	0.00280376586914058
8491.0	15.0	1.0	0.0	0.0013522867838541204
8506.0	15.0	1.0	0.0	0.0004951955159504733
8521.0	15.0	1.0	0.0	0.00021245727539057996
8536.0	15.0	1.0	0.0	0.00010419006347655248
8551.0	15.0	1.0	0.0	6.288757324218749e-05
8566.0	15.0	1.0	0.0	3.6981201171875e-05
8581.0	15.0	1.0	0.0	2.2588094075520833e-05
8596.0	15.0	1.0	0.0	3.584696451822582e-05
8611.0	15.0	1.0	0.0	1.637404163678487e-05
8626.0	15.0	1.0	0.0	1.3082800308863323e-05
8641.0	15.0	1.0	0.0	1.0787137349446614e-05
8656.0	15.0	1.0	0.0	8.330722649892173e-06
8671.0	15.0	1.0	0.0	7.093381881713867e-06
8686.0	15.0	1.0	0.0	6.541677316029867e-06
8701.0	15.0	1.0	0.0	9.708933035532632e-06
8716.0	15.0	1.0	0.0	0.0001544667085011519
8731.0	15.0	1.0	0.0	0.0003927390098571267
8746.0	15.0	1.0	0.0	0.00047340513865150004
8761.0	15.0	1.0	0.0	0.002052782440185507
8776.0	15.0	1.0	0.0	0.0038393625895181737
8791.0	15.0	1.0	0.0	0.00265382334391272
8806.0	15.0	1.0	0.0	0.0023030334472655734
8821.0	15.0	1.0	0.0	0.0025191396077473604
8836.0	15.0	1.0	0.0	0.0024528584798176535
8851.0	15.0	1.0	0.0	0.0013218302408853865
8866.0	15.0	1.0	0.0	0.0010570170084634933
8881.0	15.0	1.0	0.0	0.0006401163736978799
8896.0	15.0	1.0	0.0	0.00022024943033851328
8911.0	15.0	1.0	0.0	0.00010369873046873834
8926.0	15.0	1.0	0.0	5.399373372395832e-05
8941.0	15.0	1.0	0.0	2.917073567708333e-05
8956.0	15.0	1.0	0.0	1.7942301432291666e-05
8971.0	15.0	1.0	0.0	1.2768697738647462e-05
8986.0	15.0	1.0	0.0	9.772982199986776e-06
9001.0	15.0	1.0	0.0	9.527536233266192e-06
9016.0	15.0	1.0	0.0	6.51733676592509e-06
9031.0	15.0	1.0	0.0	6.915625731148557e-05
9046.0	15.0	1.0	0.0	0.00013165040810900118
9061.0	15.0	1.0	0.0	0.00017824311256403337
9076.0	15.0	1.0	0.0	0.0001970768292744467
9091.0	15.0	1.0	0.0	0.0005341999053954533
9106.0	15.0	1.0	0.0	0.0008950117746988533
9121.0	15.0	1.0	0.0	0.0030879039764403803
9136.0	15.0	1.0	0.0	0.0035626820882160935
9151.0	15.0	1.0	0.0	0.002774269612630153
9166.0	15.0	1.0	0.0	0.0019193400065103735
9181.0	15.0	1.0	0.0	0.00146762390136714
9196.0	15.0	1.0	0.0	0.0007381947835285935
9211.0	15.0	1.0	0.0	0.0012603525797525467
9226.0	15.0	1.0	0.0	0.0010246103922525668
9241.0	15.0	1.0	0.0	0.0005374287923176801
9256.0	15.0	1.0	0.0	0.00035422159830726
9271.0	15.0	1.0	0.0	0.00014039916992185332
9286.0	15.0	1.0	0.0	7.862752278645833e-05
9301.0	15.0	1.0	0.0	4.6579996744791666e-05
9316.0	15.0	1.0	0.0	2.79541015625e-05
9331.0	15.0	1.0	0.0	1.8622477042178314e-05
9346.0	15.0	1.0	0.0	1.4781304945548376e-05
9361.0	15.0	1.0	0.0	1.1733943223953249e-05
9376.0	15.0	1.0	0.0	9.364157915115355e-06
9391.0	15.0	1.0	0.0	1.2151892979939779e-05
9406.0	15.0	1.0	0.0	2.5471973419189452e-05
9421.0	15.0	1.0	0.0	8.11940828959147e-06
9436.0	15.0	1.0	0.0	1.2984712918599448e-05
9451.0	15.0	1.0	0.0	3.9634346961975095e-05
9466.0	15.0	1.0	0.0	0.00016014342308040672
9481.0	15.0	1.0	0.0	0.0004142806053161067
9496.0	15.0	1.0	0.0	0.0002518329620360934
9511.0	15.0	1.0	0.0	0.00033500118255612
9526.0	15.0	1.0	0.0	0.00025277328491206
9541.0	15.0	1.0	0.0	0.00020555102030431332
9556.0	15.0	1.0	0.0	0.0003347232818603
9571.0	15.0	1.0	0.0	0.00022019538879388672
9586.0	15.0	1.0	0.0	0.00012819569905593873
9601.0	15.0	1.0	0.0	7.296702067057291e-05
9616.0	15.0	1.0	0.0	4.295654296875e-05
9631.0	15.0	1.0	0.0	2.8783416748046875e-05
9646.0	15.0	1.0	0.0	2.1593729654947914e-05
9661.0	15.0	1.0	0.0	1.4612833658854167e-05
9676.0	15.0	1.0	0.0	1.0019938151041668e-05
9691.0	15.0	1.0	0.0	7.2430928548177085e-06
9706.0	15.0	1.0	0.0	7.1722979346911105e-06
9721.0	15.0	1.0	0.0	5.038343369960786e-06
9736.0	15.0	1.0	0.0	4.054653644561767e-06
9751.0	15.0	1.0	0.0	6.457910935084025e-06
9766.0	15.0	1.0	0.0	3.7900459766382273e-05
9781.0	15.0	1.0	0.0	1.1038132508595784e-05
9796.0	15.0	1.0	0.0	8.650938669840495e-06
9811.0	15.0	1.0	0.0	0.00020875065326687395
9826.0	15.0	1.0	0.0	0.0001921412467956214
9841.0	15.0	1.0	0.0	0.00032137479782098666
9856.0	15.0	1.0	0.0	0.0007179433822631333
9871.0	15.0	1.0	0.0	0.0022712234497069867
9886.0	15.0	1.0	0.0	0.0022048807779947396
9901.0	15.0	1.0	0.0	0.0007531468709309332
9916.0	15.0	1.0	0.0	0.0003557749430338
9931.0	15.0	1.0	0.0	0.00019167480468745338
9946.0	15.0	1.0	0.0	0.00016009826660150664
9961.0	15.0	1.0	0.0	0.0004557327270507334
9976.0	15.0	1.0	0.0	0.00057839253743486
9991.0	15.0	1.0	0.0	0.0003063293457030867
10006.0	15.0	1.0	0.0	0.0001116343180338275
10021.0	15.0	1.0	0.0	5.1812744140625e-05
10036.0	15.0	1.0	0.0	2.7717081705729163e-05
10051.0	15.0	1.0	0.0	1.7884318033854165e-05
10066.0	15.0	1.0	0.0	1.2090791761875151e-05
10081.0	15.0	1.0	0.0	1.058515657981237e-05
10096.0	15.0	1.0	0.0	7.508431871732076e-06
10111.0	15.0	1.0	0.0	6.08233412106832e-06
10126.0	15.0	1.0	0.0	4.900437593460083e-06
10141.0	15.0	1.0	0.0	5.472095807393392e-06
10156.0	15.0	1.0	0.0	0.00012017477750775336
10171.0	15.0	1.0	0.0	7.662609418232506e-05
10186.0	15.0	1.0	0.0	0.00021594794591265213
10201.0	15.0	1.0	0.0	0.0006300270398457334
10216.0	15.0	1.0	0.0	0.0024482959747314
10231.0	15.0	1.0	0.0	0.0023865046183267733
10246.0	15.0	1.0	0.0	0.0012737920125325134
10261.0	15.0	1.0	0.0	0.0010964380900064664
10276.0	15.0	1.0	0.0	0.00231875406901038
10291.0	15.0	1.0	0.0	0.0014484781901041134
10306.0	15.0	1.0	0.0	0.00042784118652339323
10321.0	15.0	1.0	0.0	0.0005971374511718333
10336.0	15.0	1.0	0.0	0.00038952331542964667
10351.0	15.0	1.0	0.0	0.00016650390624995334
10366.0	15.0	1.0	0.0	7.468973795572499e-05
10381.0	15.0	1.0	0.0	3.641153971354167e-05
10396.0	15.0	1.0	0.0	2.2496541341145832e-05
10411.0	15.0	1.0	0.0	1.5092976888020833e-05
10426.0	15.0	1.0	0.0	1.0326156206429004e-05
10441.0	15.0	1.0	0.0	7.543502065042654e-06
10456.0	15.0	1.0	0.0	6.803983449935914e-06
10471.0	15.0	1.0	0.0	7.140647371610004e-06
10486.0	15.0	1.0	0.0	4.4991195201873784e-06
10501.0	15.0	1.0	0.0	3.724811474482218e-06
10516.0	15.0	1.0	0.0	5.477404594421388e-06
10531.0	15.0	1.0	0.0	3.753267923990265e-05
10546.0	15.0	1.0	0.0	4.422013759612729e-05
10561.0	15.0	1.0	0.0	0.00020463441212968005
10576.0	15.0	1.0	0.0	0.00020460370381666666
10591.0	15.0	1.0	0.0	0.0010484279314676467
10606.0	15.0	1.0	0.0	0.0018205029805500733
10621.0	15.0	1.0	0.0	0.0020432212829589198
10636.0	15.0	1.0	0.0	0.0009583704630533467
10651.0	15.0	1.0	0.0	0.0008439371744791266
10666.0	15.0	1.0	0.0	0.0006922826131184532
10681.0	15.0	1.0	0.0	0.00027473704020176666
10696.0	15.0	1.0	0.0	0.00019365997314447998
10711.0	15.0	1.0	0.0	0.00019528147379552669
10726.0	15.0	1.0	0.0	0.00019003194173173996
10741.0	15.0	1.0	0.0	0.00015922342936193327
10756.0	15.0	1.0	0.0	9.565327962236667e-05
10771.0	15.0	1.0	0.0	4.784138997395833e-05
10786.0	15.0	1.0	0.0	2.604166666666667e-05
10801.0	15.0	1.0	0.0	1.6534001628557838e-05
10816.0	15.0	1.0	0.0	1.1186602711677551e-05
10831.0	15.0	1.0	0.0	8.856024344762168e-06
10846.0	15.0	1.0	0.0	6.622382005055745e-06
10861.0	15.0	1.0	0.0	5.536667505900065e-06
10876.0	15.0	1.0	0.0	4.573210080464681e-06
10891.0	15.0	1.0	0.0	2.40012923876406e-05
10906.0	15.0	1.0	0.0	0.00010580682754514884
10921.0	15.0	1.0	0.0	0.00043187665939325336
10936.0	15.0	1.0	0.0	0.0009856221516926532
10951.0	15.0	1.0	0.0	0.0011838133494058733
10966.0	15.0	1.0	0.0	0.0011054779052733867
10981.0	15.0	1.0	0.0	0.0012513145446776867
10996.0	15.0	1.0	0.0	0.0016758300781249467
11011.0	15.0	1.0	0.0	0.0006598648071288599
11026.0	15.0	1.0	0.0	0.0004484909057616667
11041.0	15.0	1.0	0.0	0.0005969670613606466
11056.0	15.0	1.0	0.0	0.0008054341634114067
11071.0	15.0	1.0	0.0	0.00042077941894527336
11086.0	15.0	1.0	0.0	0.0004724721272786067
11101.0	15.0	1.0	0.0	0.00021776529947911997
11116.0	15.0	1.0	0.0	9.560852050779252e-05
11131.0	15.0	1.0	0.0	4.733479817708334e-05
11146.0	15.0	1.0	0.0	2.937520345052084e-05
11161.0	15.0	1.0	0.0	1.928804963827133e-05
11176.0	15.0	1.0	0.0	1.2547552088896433e-05
11191.0	15.0	1.0	0.0	1.0212494929631551e-05
11206.0	15.0	1.0	0.0	8.768677711486817e-06
11221.0	15.0	1.0	0.0	6.1890800793965664e-06
11236.0	15.0	1.0	0.0	1.1273014545440677e-05
11251.0	15.0	1.0	0.0	0.00019013827641801975
11266.0	15.0	1.0	0.0	0.00028860405286148004
11281.0	15.0	1.0	0.0	0.00027395728429152665
11296.0	15.0	1.0	0.0	0.0009267042160033667
11311.0	15.0	1.0	0.0	0.0016638648986815733
11326.0	15.0	1.0	0.0	0.0016433794657388734
11341.0	15.0	1.0	0.0	0.003948348490397087
11356.0	15.0	1.0	0.0	0.003233699544270781
11371.0	15.0	1.0	0.0	0.002856648763020793
11386.0	15.0	1.0	0.0	0.0023062103271484
11401.0	15.0	1.0	0.0	0.0025117960611978863
11416.0	15.0	1.0	0.0	0.0013788614908853798
11431.0	15.0	1.0	0.0	0.0005067565917968466
11446.0	15.0	1.0	0.0	0.0003459818522134933
11461.0	15.0	1.0	0.0	0.00023948364257808663
11476.0	15.0	1.0	0.0	0.00011003824869789499
11491.0	15.0	1.0	0.0	5.759684244791667e-05
11506.0	15.0	1.0	0.0	3.2818603515625e-05
11521.0	15.0	1.0	0.0	2.0723470052083335e-05
11536.0	15.0	1.0	0.0	1.355087161064148e-05
11551.0	15.0	1.0	0.0	9.559681018193564e-06
11566.0	15.0	1.0	0.0	7.20965067545573e-06
11581.0	15.0	1.0	0.0	8.75798463821411e-06
11596.0	15.0	1.0	0.0	8.304087320963542e-06
11611.0	15.0	1.0	0.0	1.2337915102640786e-05
11626.0	15.0	1.0	0.0	4.9856630961087446e-05
11641.0	15.0	1.0	0.0	0.00016150399049118556
11656.0	15.0	1.0	0.0	0.0008690295855203865
11671.0	15.0	1.0	0.0	0.0026515377044677327
11686.0	15.0	1.0	0.0	0.00155242589314774
11701.0	15.0	1.0	0.0	0.0009526494344074867
11716.0	15.0	1.0	0.0	0.0007797465006509932
11731.0	15.0	1.0	0.0	0.00042581939697260667
11746.0	15.0	1.0	0.0	0.0003083480834960466
11761.0	15.0	1.0	0.0	0.00021982116699214001
11776.0	15.0	1.0	0.0	0.00018619435628249996
11791.0	15.0	1.0	0.0	0.00015052032470698002
11806.0	15.0	1.0	0.0	9.512227376299749e-05
11821.0	15.0	1.0	0.0	5.196024576822917e-05
11836.0	15.0	1.0	0.0	3.121541341145834e-05
11851.0	15.0	1.0	0.0	1.9040934244791663e-05
11866.0	15.0	1.0	0.0	3.394266764322666e-05
11881.0	15.0	1.0	0.0	1.09527587890625e-05
11896.0	15.0	1.0	0.0	7.950377960999807e-06
11911.0	15.0	1.0	0.0	6.286900738875071e-06
11926.0	15.0	1.0	0.0	5.256220698356628e-06
11941.0	15.0	1.0	0.0	4.6602338552474975e-06
11956.0	15.0	1.0	0.0	4.001136620839437e-06
11971.0	15.0	1.0	0.0	3.4089863300323487e-06
11986.0	15.0	1.0	0.0	4.7117692232118276e-05
12001.0	15.0	1.0	0.0	0.00012441237767532958
12016.0	15.0	1.0	0.0	0.000209385855992613
12031.0	15.0	1.0	0.0	0.0003391709645588734
12046.0	15.0	1.0	0.0	0.00054264628092442
12061.0	15.0	1.0	0.0	0.0010739341735839466
12076.0	15.0	1.0	0.0	0.0010899088541666266
12091.0	15.0	1.0	0.0	0.0025736419677733933
12106.0	15.0	1.0	0.0	0.0032397267659504663
12121.0	15.0	1.0	0.0	0.0016460957845051533
12136.0	15.0	1.0	0.0	0.0009998575846353666
12151.0	15.0	1.0	0.0	0.00112631734212234
12166.0	15.0	1.0	0.0	0.00044296162923171997
12181.0	15.0	1.0	0.0	0.00019228312174474665
12196.0	15.0	1.0	0.0	0.00012496643066402415
12211.0	15.0	1.0	0.0	6.518249511718751e-05
12226.0	15.0	1.0	0.0	3.525187174479166e-05
12241.0	15.0	1.0	0.0	2.0787556966145828e-05
12256.0	15.0	1.0	0.0	1.3591521481672922e-05
12271.0	15.0	1.0	0.0	9.876893460750581e-06
12286.0	15.0	1.0	0.0	7.5011412302653e-06
12301.0	15.0	1.0	0.0	5.716919898986818e-06
12316.0	15.0	1.0	0.0	4.652615388234456e-06
12331.0	15.0	1.0	0.0	3.901926676432291e-06
12346.0	15.0	1.0	0.0	2.8736639022824196e-05
12361.0	15.0	1.0	0.0	0.00020031958023702977
12376.0	15.0	1.0	0.0	9.402214686074545e-05
12391.0	15.0	1.0	0.0	0.00020045820871984003
12406.0	15.0	1.0	0.0	0.00017927379608148668
12421.0	15.0	1.0	0.0	0.0016061976750691134
12436.0	15.0	1.0	0.0	0.0029971374511718204
12451.0	15.0	1.0	0.0	0.0025736226399739265
12466.0	15.0	1.0	0.0	0.0017601470947265067
12481.0	15.0	1.0	0.0	0.0015862172444660934
12496.0	15.0	1.0	0.0	0.0020947570800780736
12511.0	15.0	1.0	0.0	0.0010672505696614066
12526.0	15.0	1.0	0.0	0.00048707784016922
12541.0	15.0	1.0	0.0	0.00023877156575515335
12556.0	15.0	1.0	0.0	0.00012658386230465
12571.0	15.0	1.0	0.0	6.19873046875e-05
12586.0	15.0	1.0	0.0	3.4503173828125e-05
12601.0	15.0	1.0	0.0	2.140401204427083e-05
12616.0	15.0	1.0	0.0	1.43402099609375e-05
12631.0	15.0	1.0	0.0	9.803674618403118e-06
12646.0	15.0	1.0	0.0	7.535932461420696e-06
12661.0	15.0	1.0	0.0	6.425656874974568e-06
12676.0	15.0	1.0	0.0	4.900662104288737e-06
12691.0	15.0	1.0	0.0	7.1312844753265375e-06
12706.0	15.0	1.0	0.0	2.6359124978379574e-05
12721.0	15.0	1.0	0.0	0.0001805009285608615
12736.0	15.0	1.0	0.0	0.000143585379918396
12751.0	15.0	1.0	0.0	0.0018697019259134402
12766.0	15.0	1.0	0.0	0.003907781219482386
12781.0	15.0	1.0	0.0	0.004496814982096299
12796.0	15.0	1.0	0.0	0.0029048980712890198
12811.0	15.0	1.0	0.0	0.0025061757405598667
12826.0	15.0	1.0	0.0	0.0024684010823567337
12841.0	15.0	1.0	0.0	0.0031903808593749597
12856.0	15.0	1.0	0.0	0.001686501057942667
12871.0	15.0	1.0	0.0	0.0006860493977864266
12886.0	15.0	1.0	0.0	0.0003256530761718467
12901.0	15.0	1.0	0.0	0.00016577351888017334
12916.0	15.0	1.0	0.0	7.452392578124834e-05
12931.0	15.0	1.0	0.0	3.7078857421875e-05
12946.0	15.0	1.0	0.0	2.1541341145833336e-05
12961.0	15.0	1.0	0.0	1.3863118489583335e-05
12976.0	15.0	1.0	0.0	9.704589843749998e-06
12991.0	15.0	1.0	0.0	7.102289547522863e-06
13006.0	15.0	1.0	0.0	5.514436215162278e-06
13021.0	15.0	1.0	0.0	4.3653855721155805e-06
13036.0	15.0	1.0	0.0	3.7669112284978224e-06
13051.0	15.0	1.0	0.0	4.91095781326294e-06
13066.0	15.0	1.0	0.0	3.0842602252960205e-06
13081.0	15.0	1.0	0.0	3.6532978216807043e-06
13096.0	15.0	1.0	0.0	4.766339063644408e-06
13111.0	15.0	1.0	0.0	3.876169522603354e-06
13126.0	15.0	1.0	0.0	0.0003115984837213833
13141.0	15.0	1.0	0.0	0.0007333938280741
13156.0	15.0	1.0	0.0	0.0009848700205484532
13171.0	15.0	1.0	0.0	0.0010220076243082198
13186.0	15.0	1.0	0.0	0.0020497901916503337
13201.0	15.0	1.0	0.0	0.0013820597330728736
13216.0	15.0	1.0	0.0	0.0010026738484700066
13231.0	15.0	1.0	0.0	0.00101376190185542
13246.0	15.0	1.0	0.0	0.0014930613199869132
13261.0	15.0	1.0	0.0	0.0006201741536457934
13276.0	15.0	1.0	0.0	0.00028506266276037993
13291.0	15.0	1.0	0.0	0.00011019795735674164
13306.0	15.0	1.0	0.0	4.9929809570312497e-05
13321.0	15.0	1.0	0.0	2.683308919270833e-05
13336.0	15.0	1.0	0.0	1.620992024739583e-05
13351.0	15.0	1.0	0.0	1.0882880290349322e-05
13366.0	15.0	1.0	0.0	1.1716623107592265e-05
13381.0	15.0	1.0	0.0	8.427640795707702e-06
13396.0	15.0	1.0	0.0	6.188438336054485e-06
13411.0	15.0	1.0	0.0	7.840176423390705e-06
13426.0	15.0	1.0	0.0	3.0897986888883134e-05
13441.0	15.0	1.0	0.0	0.00012695470650986751
13456.0	15.0	1.0	0.0	4.148839314778646e-05
13471.0	15.0	1.0	0.0	5.386454264322918e-05
13486.0	15.0	1.0	0.0	9.567553202309612e-05
13501.0	15.0	1.0	0.0	0.0006620529174804199
13516.0	15.0	1.0	0.0	0.0005942068735757934
13531.0	15.0	1.0	0.0	0.00035596834818516664
13546.0	15.0	1.0	0.0	0.00023301137288407335
13561.0	15.0	1.0	0.0	0.0001530199686685667
13576.0	15.0	1.0	0.0	0.00017533645629878668
13591.0	15.0	1.0	0.0	0.00021126429239904003
13606.0	15.0	1.0	0.0	0.00026474355061844
13621.0	15.0	1.0	0.0	0.00017380015055332666
13636.0	15.0	1.0	0.0	0.00010594355265296876
13651.0	15.0	1.0	0.0	6.409759521484377e-05
13666.0	15.0	1.0	0.0	3.9631652832031246e-05
13681.0	15.0	1.0	0.0	2.4597167968749998e-05
13696.0	15.0	1.0	0.0	1.619084676106771e-05
13711.0	15.0	1.0	0.0	1.1706542968749997e-05
13726.0	15.0	1.0	0.0	1.397397021452586e-05
13741.0	15.0	1.0	0.0	8.009732762972513e-06
13756.0	15.0	1.0	0.0	5.973704655965169e-06
13771.0	15.0	1.0	0.0	4.8160493373870854e-06
13786.0	15.0	1.0	0.0	2.009088794389984e-05
13801.0	15.0	1.0	0.0	7.834478219350179e-06
13816.0	15.0	1.0	0.0	8.116164604821851e-05
13831.0	15.0	1.0	0.0	0.0001175555706023879
13846.0	15.0	1.0	0.0	4.7610123952229814e-05
13861.0	15.0	1.0	0.0	9.145250320432755e-05
13876.0	15.0	1.0	0.0	0.00046963713963819995
13891.0	15.0	1.0	0.0	0.0007833696365356
13906.0	15.0	1.0	0.0	0.0005169436136881134
13921.0	15.0	1.0	0.0	0.0007283683776855066
13936.0	15.0	1.0	0.0	0.0004407030741373266
13951.0	15.0	1.0	0.0	0.00037613423665359334
13966.0	15.0	1.0	0.0	0.00024421920776362667
13981.0	15.0	1.0	0.0	0.00030530598958329337
13996.0	15.0	1.0	0.0	0.0003950236002603867
14011.0	15.0	1.0	0.0	0.00019243265787755335
14026.0	15.0	1.0	0.0	9.933624267576163e-05
14041.0	15.0	1.0	0.0	4.9025980631510415e-05
14056.0	15.0	1.0	0.0	2.6150004069010417e-05
14071.0	15.0	1.0	0.0	1.7612711588541668e-05
14086.0	15.0	1.0	0.0	1.2142299115657807e-05
14101.0	15.0	1.0	0.0	8.626637359460196e-06
14116.0	15.0	1.0	0.0	6.711093584696451e-06
14131.0	15.0	1.0	0.0	6.208401918411253e-06
14146.0	15.0	1.0	0.0	5.7848519086827984e-05
14161.0	15.0	1.0	0.0	8.054264386494954e-06
14176.0	15.0	1.0	0.0	4.820401668547427e-05
14191.0	15.0	1.0	0.0	0.0003184114456176265
14206.0	15.0	1.0	0.0	0.0006818779627481668
14221.0	15.0	1.0	0.0	0.0015005830128987203
14236.0	15.0	1.0	0.0	0.00271085230509436
14251.0	15.0	1.0	0.0	0.0018264155069986467
14266.0	15.0	1.0	0.0	0.002162751770019487
14281.0	15.0	1.0	0.0	0.0024325052897135003
14296.0	15.0	1.0	0.0	0.0025518442789713067
14311.0	15.0	1.0	0.0	0.0019230957031249733
14326.0	15.0	1.0	0.0	0.0012203592936197466
14341.0	15.0	1.0	0.0	0.00046335042317704675
14356.0	15.0	1.0	0.0	0.00023029378255204003
14371.0	15.0	1.0	0.0	0.00012014973958329834
14386.0	15.0	1.0	0.0	6.899210611979167e-05
14401.0	15.0	1.0	0.0	3.819986979166667e-05
14416.0	15.0	1.0	0.0	2.4294026692708334e-05
14431.0	15.0	1.0	0.0	2.1874999999999996e-05
14446.0	15.0	1.0	0.0	1.644114827116331e-05
14461.0	15.0	1.0	0.0	1.260057712594668e-05
14476.0	15.0	1.0	0.0	9.716463088989259e-06
14491.0	15.0	1.0	0.0	7.452819744745891e-06
14506.0	15.0	1.0	0.0	5.861349900563559e-06
14521.0	15.0	1.0	0.0	6.72059456507365e-06
14536.0	15.0	1.0	0.0	6.0963471730550126e-06
14551.0	15.0	1.0	0.0	5.571043093999082e-05
14566.0	15.0	1.0	0.0	6.735547383624843e-05
14581.0	15.0	1.0	0.0	0.00018630859057104003
14596.0	15.0	1.0	0.0	0.00029623562494908
14611.0	15.0	1.0	0.0	0.0006904867808023602
14626.0	15.0	1.0	0.0	0.0011801474253336068
14641.0	15.0	1.0	0.0	0.002301063537597607
14656.0	15.0	1.0	0.0	0.0021157068888345795
14671.0	15.0	1.0	0.0	0.0008870366414387467
14686.0	15.0	1.0	0.0	0.0005231287638345867
14701.0	15.0	1.0	0.0	0.0004063669840494333
14716.0	15.0	1.0	0.0	0.00064215698242184
14731.0	15.0	1.0	0.0	0.0008206349690754733
14746.0	15.0	1.0	0.0	0.00137222086588538
14761.0	15.0	1.0	0.0	0.0006095581054687267
14776.0	15.0	1.0	0.0	0.00015404968261714666
14791.0	15.0	1.0	0.0	7.683105468749415e-05
14806.0	15.0	1.0	0.0	3.8404337565104165e-05
14821.0	15.0	1.0	0.0	2.1668622891108193e-05
14836.0	15.0	1.0	0.0	1.4258676767349243e-05
14851.0	15.0	1.0	0.0	1.030266284942627e-05
14866.0	15.0	1.0	0.0	7.741228739420572e-06
14881.0	15.0	1.0	0.0	6.361937522888184e-06
14896.0	15.0	1.0	0.0	5.6435386339823415e-06
14911.0	15.0	1.0	0.0	6.288091341654459e-06
14926.0	15.0	1.0	0.0	9.206354618069929e-05
14941.0	15.0	1.0	0.0	0.00021514468193050567
14956.0	15.0	1.0	0.0	0.0008199933369953933
14971.0	15.0	1.0	0.0	0.0031462022145588597
14986.0	15.0	1.0	0.0	0.0018172734578450066
15001.0	15.0	1.0	0.0	0.0018115610758463135
15016.0	15.0	1.0	0.0	0.0017925765991210465
15031.0	15.0	1.0	0.0	0.0016427276611327734
15046.0	15.0	1.0	0.0	0.0004990407307942267
15061.0	15.0	1.0	0.0	0.0002782206217447467
15076.0	15.0	1.0	0.0	0.00016518249511715335
15091.0	15.0	1.0	0.0	0.00012364705403641334
15106.0	15.0	1.0	0.0	8.61846923828125e-05
15121.0	15.0	1.0	0.0	5.553487141927082e-05
15136.0	15.0	1.0	0.0	3.191324869791667e-05
15151.0	15.0	1.0	0.0	2.9348754882812503e-05
15166.0	15.0	1.0	0.0	2.6825968424479173e-05
15181.0	15.0	1.0	0.0	1.253806153933207e-05
15196.0	15.0	1.0	0.0	9.305317203203838e-06
15211.0	15.0	1.0	0.0	7.054206728935242e-06
15226.0	15.0	1.0	0.0	5.541205406188964e-06
15241.0	15.0	1.0	0.0	1.945611039797465e-05
15256.0	15.0	1.0	0.0	0.00013549038569131465
15271.0	15.0	1.0	0.0	0.00016787439982093394
15286.0	15.0	1.0	0.0	0.00016407683690384666
15301.0	15.0	1.0	0.0	0.00028540360132848667
15316.0	15.0	1.0	0.0	0.0016972915013630664
15331.0	15.0	1.0	0.0	0.0034206845601399403
15346.0	15.0	1.0	0.0	0.0029245524088541267
15361.0	15.0	1.0	0.0	0.00265103047688798
15376.0	15.0	1.0	0.0	0.002196864827473914
15391.0	15.0	1.0	0.0	0.0010887420654296402
15406.0	15.0	1.0	0.0	0.0010080444335936931
15421.0	15.0	1.0	0.0	0.0013607452392577803
15436.0	15.0	1.0	0.0	0.0015887939453124666
15451.0	15.0	1.0	0.0	0.0008674825032551799
15466.0	15.0	1.0	0.0	0.0009210001627603799
15481.0	15.0	1.0	0.0	0.00074494628906246
15496.0	15.0	1.0	0.0	0.00027371826171870665
15511.0	15.0	1.0	0.0	0.00010879516601561497
15526.0	15.0	1.0	0.0	5.226440429687501e-05
15541.0	15.0	1.0	0.0	3.0307629952828088e-05
15556.0	15.0	1.0	0.0	1.949794963002205e-05
15571.0	15.0	1.0	0.0	1.331546902656555e-05
15586.0	15.0	1.0	0.0	1.6523079077402755e-05
15601.0	15.0	1.0	0.0	1.6062446435292562e-05
15616.0	15.0	1.0	0.0	5.167388121286114e-05
15631.0	15.0	1.0	0.0	7.857828934986086e-05
15646.0	15.0	1.0	0.0	0.00018361773490901967
15661.0	15.0	1.0	0.0	0.0007157505671182801
15676.0	15.0	1.0	0.0	0.0017964116414387532
15691.0	15.0	1.0	0.0	0.0021048273722330197
15706.0	15.0	1.0	0.0	0.0020799235026041332
15721.0	15.0	1.0	0.0	0.002905206807454374
15736.0	15.0	1.0	0.0	0.0027557932535806928
15751.0	15.0	1.0	0.0	0.001905636596679633
15766.0	15.0	1.0	0.0	0.0012882843017577867
15781.0	15.0	1.0	0.0	0.0009118937174478667
15796.0	15.0	1.0	0.0	0.0008518951416015265
15811.0	15.0	1.0	0.0	0.00074086507161454
15826.0	15.0	1.0	0.0	0.0003123270670572533
15841.0	15.0	1.0	0.0	0.00018435872395828666
15856.0	15.0	1.0	0.0	8.418375651040334e-05
15871.0	15.0	1.0	0.0	4.343668619791666e-05
15886.0	15.0	1.0	0.0	2.5449625651041662e-05
15901.0	15.0	1.0	0.0	1.6453043619791667e-05
15916.0	15.0	1.0	0.0	1.881714661916097e-05
15931.0	15.0	1.0	0.0	1.2339917818705243e-05
15946.0	15.0	1.0	0.0	8.870546023050945e-06
15961.0	15.0	1.0	0.0	6.970071792602538e-06
15976.0	15.0	1.0	0.0	5.697091420491537e-06
15991.0	15.0	1.0	0.0	5.131200949350358e-05
16006.0	15.0	1.0	0.0	5.127518971761068e-05
16021.0	15.0	1.0	0.0	2.544700304667155e-05
16036.0	15.0	1.0	0.0	1.55095100402832e-05
16051.0	15.0	1.0	0.0	1.5815528233846028e-05
16066.0	15.0	1.0	0.0	0.0003562454064686708
16081.0	15.0	1.0	0.0	0.0009147779464721267
16096.0	15.0	1.0	0.0	0.0017586462656656334
16111.0	15.0	1.0	0.0	0.0035649256388345803
16126.0	15.0	1.0	0.0	0.004262656148274693
16141.0	15.0	1.0	0.0	0.0018574320475260003
16156.0	15.0	1.0	0.0	0.0009301808675129801
16171.0	15.0	1.0	0.0	0.00029934794108069996
16186.0	15.0	1.0	0.0	0.00014480285644527334
16201.0	15.0	1.0	0.0	7.091064453125001e-05
16216.0	15.0	1.0	0.0	3.648681640624999e-05
16231.0	15.0	1.0	0.0	2.1410115559895837e-05
16246.0	15.0	1.0	0.0	1.4025878906250002e-05
16261.0	15.0	1.0	0.0	9.586588541666668e-06
16276.0	15.0	1.0	0.0	6.861358880996704e-06
16291.0	15.0	1.0	0.0	5.204886198043822e-06
16306.0	15.0	1.0	0.0	4.175955057144166e-06
16321.0	15.0	1.0	0.0	3.41096818447113e-06
16336.0	15.0	1.0	0.0	1.633159816265106e-05
16351.0	15.0	1.0	0.0	1.2761100133260089e-05
16366.0	15.0	1.0	0.0	2.7152240276335392e-05
16381.0	15.0	1.0	0.0	6.40939712524301e-05
16396.0	15.0	1.0	0.0	2.1738036473592116e-05
16411.0	15.0	1.0	0.0	3.1213506062825516e-05
16426.0	15.0	1.0	0.0	0.00034742019971206007
16441.0	15.0	1.0	0.0	0.00065781262715652
16456.0	15.0	1.0	0.0	0.0015895315806070465
16471.0	15.0	1.0	0.0	0.0010865832010904534
16486.0	15.0	1.0	0.0	0.0021452593485513935
16501.0	15.0	1.0	0.0	0.003014118448893174
16516.0	15.0	1.0	0.0	0.0012870900472004732
16531.0	15.0	1.0	0.0	0.0005949300130207866
16546.0	15.0	1.0	0.0	0.00028359680175775995
16561.0	15.0	1.0	0.0	0.00012817891438798748
16576.0	15.0	1.0	0.0	8.063456217447916e-05
16591.0	15.0	1.0	0.0	5.027974446614583e-05
16606.0	15.0	1.0	0.0	2.7784220377604163e-05
16621.0	15.0	1.0	0.0	1.6595458984375e-05
16636.0	15.0	1.0	0.0	1.0977727423111594e-05
16651.0	15.0	1.0	0.0	7.930365949869156e-06
16666.0	15.0	1.0	0.0	6.033198038736979e-06
16681.0	15.0	1.0	0.0	5.6415379047393805e-06
16696.0	15.0	1.0	0.0	4.09581462542216e-06
16711.0	15.0	1.0	0.0	9.189638098080027e-05
16726.0	15.0	1.0	0.0	0.00044871654510495097
16741.0	15.0	1.0	0.0	0.00037256418863927334
16756.0	15.0	1.0	0.0	0.0002795506795246933
16771.0	15.0	1.0	0.0	0.0006640364329019734
16786.0	15.0	1.0	0.0	0.0011146769205728666
16801.0	15.0	1.0	0.0	0.002033791097005153
16816.0	15.0	1.0	0.0	0.002531304423014273
16831.0	15.0	1.0	0.0	0.0019968114217121936
16846.0	15.0	1.0	0.0	0.0009271097819010065
16861.0	15.0	1.0	0.0	0.0009745279947916266
16876.0	15.0	1.0	0.0	0.0006755411783853599
16891.0	15.0	1.0	0.0	0.0002500590006509933
16906.0	15.0	1.0	0.0	0.0001121826171874625
16921.0	15.0	1.0	0.0	6.284891764322918e-05
16936.0	15.0	1.0	0.0	3.71246337890625e-05
16951.0	15.0	1.0	0.0	2.2257486979166665e-05
16966.0	15.0	1.0	0.0	1.3817342122395833e-05
16981.0	15.0	1.0	0.0	9.370930989583333e-06
16996.0	15.0	1.0	0.0	7.542928059895834e-06
17011.0	15.0	1.0	0.0	5.416939904292424e-06
17026.0	15.0	1.0	0.0	4.3175083895524345e-06
17041.0	15.0	1.0	0.0	3.659814099470774e-06
17056.0	15.0	1.0	0.0	5.3892870744069414e-06
17071.0	15.0	1.0	0.0	2.9862999916076654e-06
17086.0	15.0	1.0	0.0	1.0152540604273478e-05
17101.0	15.0	1.0	0.0	3.5312036673227937e-06
17116.0	15.0	1.0	0.0	0.00011969112952547727
17131.0	15.0	1.0	0.0	0.00026440410614007995
17146.0	15.0	1.0	0.0	0.0005069294929503933
17161.0	15.0	1.0	0.0	0.0019744356791177933
17176.0	15.0	1.0	0.0	0.0031215464274088
17191.0	15.0	1.0	0.0	0.003346409606933547
17206.0	15.0	1.0	0.0	0.0034925476074218267
17221.0	15.0	1.0	0.0	0.003429779052734347
17236.0	15.0	1.0	0.0	0.0017690236409504732
17251.0	15.0	1.0	0.0	0.0005710571289062067
17266.0	15.0	1.0	0.0	0.00022661539713538667
17281.0	15.0	1.0	0.0	0.00010053507486977998
17296.0	15.0	1.0	0.0	5.584309895833334e-05
17311.0	15.0	1.0	0.0	3.1266276041666666e-05
17326.0	15.0	1.0	0.0	1.8194580078125002e-05
17341.0	15.0	1.0	0.0	1.2233479817708334e-05
17356.0	15.0	1.0	0.0	9.102376302083334e-06
17371.0	15.0	1.0	0.0	6.720638026793798e-06
17386.0	15.0	1.0	0.0	5.123520145813624e-06
17401.0	15.0	1.0	0.0	6.9655428330103545e-06
17416.0	15.0	1.0	0.0	4.312718907992045e-06
17431.0	15.0	1.0	0.0	3.923608859380087e-06
17446.0	15.0	1.0	0.0	8.680660724638846e-05
17461.0	15.0	1.0	0.0	3.737103939056397e-05
17476.0	15.0	1.0	0.0	9.285432497658201e-05
17491.0	15.0	1.0	0.0	0.0001737047195434281
17506.0	15.0	1.0	0.0	0.0008791941324869268
17521.0	15.0	1.0	0.0	0.002136395390828413
17536.0	15.0	1.0	0.0	0.0015946220397948863
17551.0	15.0	1.0	0.0	0.0011613652547200065
17566.0	15.0	1.0	0.0	0.0016425888061523065
17581.0	15.0	1.0	0.0	0.0029465225219726062
17596.0	15.0	1.0	0.0	0.003481622314453079
17611.0	15.0	1.0	0.0	0.0024549387613932005
17626.0	15.0	1.0	0.0	0.0021298614501952732
17641.0	15.0	1.0	0.0	0.0011256693522135066
17656.0	15.0	1.0	0.0	0.00047455444335934
17671.0	15.0	1.0	0.0	0.00015400187174475997
17686.0	15.0	1.0	0.0	8.192138671874332e-05
17701.0	15.0	1.0	0.0	4.580078124999999e-05
17716.0	15.0	1.0	0.0	2.9160563151041667e-05
17731.0	15.0	1.0	0.0	1.8518797121942043e-05
17746.0	15.0	1.0	0.0	1.3615533150732519e-05
17761.0	15.0	1.0	0.0	1.0244739055633546e-05
17776.0	15.0	1.0	0.0	7.387071847915649e-06
17791.0	15.0	1.0	0.0	8.175251881281534e-06
17806.0	15.0	1.0	0.0	4.856567780176318e-05
17821.0	15.0	1.0	0.0	9.642211596171059e-06
17836.0	15.0	1.0	0.0	0.0002813363552093235
17851.0	15.0	1.0	0.0	0.0003898154894510333
17866.0	15.0	1.0	0.0	0.0008990095774332201
17881.0	15.0	1.0	0.0	0.001613278325398713
17896.0	15.0	1.0	0.0	0.0031408162434895335
17911.0	15.0	1.0	0.0	0.00229498494466142
17926.0	15.0	1.0	0.0	0.0016130910237629735
17941.0	15.0	1.0	0.0	0.0014853983561197465
17956.0	15.0	1.0	0.0	0.0009746439615885001
17971.0	15.0	1.0	0.0	0.0007026275634765198
17986.0	15.0	1.0	0.0	0.0005595113118489134
18001.0	15.0	1.0	0.0	0.0005156524658202667
18016.0	15.0	1.0	0.0	0.0003392049153645266
18031.0	15.0	1.0	0.0	0.00017677001953120668
18046.0	15.0	1.0	0.0	9.871622721351667e-05
18061.0	15.0	1.0	0.0	4.9664306640625e-05
18076.0	15.0	1.0	0.0	2.8962198893229165e-05
18091.0	15.0	1.0	0.0	1.747843424479167e-05
18106.0	15.0	1.0	0.0	1.156580944856008e-05
18121.0	15.0	1.0	0.0	8.402138948440553e-06
18136.0	15.0	1.0	0.0	6.690016388893128e-06
18151.0	15.0	1.0	0.0	5.044174194335936e-06
18166.0	15.0	1.0	0.0	2.05126941204071e-05
18181.0	15.0	1.0	0.0	8.724602063496908e-06
18196.0	15.0	1.0	0.0	7.000290155408327e-05
18211.0	15.0	1.0	0.0	9.762240250902965e-05
18226.0	15.0	1.0	0.0	0.0004727380434671533
18241.0	15.0	1.0	0.0	0.0010409168879190467
18256.0	7.0	1.0	0.0	0.0008968170710971857
