stress_period	sp_length	time_step	study (0 : TS or 1 : SS)	rech
0.0	1.0	1.0	1.0	0.0006124050902983803
1.0	15.0	1.0	0.0	0.0025079386393228598
16.0	15.0	1.0	0.0	0.0010092061360676666
31.0	15.0	1.0	0.0	0.0014045461018879666
46.0	15.0	1.0	0.0	0.0008252482096353734
61.0	15.0	1.0	0.0	0.0005146209716796467
76.0	15.0	1.0	0.0	0.00039586283365881334
91.0	15.0	1.0	0.0	0.0004149363199869267
106.0	15.0	1.0	0.0	0.0003752614339192133
121.0	15.0	1.0	0.0	0.0003440734863280867
136.0	15.0	1.0	0.0	0.00018643595377599998
151.0	15.0	1.0	0.0	0.00012739054361974583
166.0	15.0	1.0	0.0	6.759541829427085e-05
181.0	15.0	1.0	0.0	5.167338053385416e-05
196.0	15.0	1.0	0.0	3.012186686197917e-05
211.0	15.0	1.0	0.0	2.1897602081298823e-05
226.0	15.0	1.0	0.0	1.53925617535909e-05
241.0	15.0	1.0	0.0	6.464972098666955e-05
256.0	15.0	1.0	0.0	2.9417030016581224e-05
271.0	15.0	1.0	0.0	4.050846894581585e-05
286.0	15.0	1.0	0.0	0.00020154185295101043
301.0	15.0	1.0	0.0	0.00011964953740433335
316.0	15.0	1.0	0.0	0.00035799398422238
331.0	15.0	1.0	0.0	0.0016342875798542732
346.0	15.0	1.0	0.0	0.003121277872721313
361.0	15.0	1.0	0.0	0.00223114573160802
376.0	15.0	1.0	0.0	0.00251599273681636
391.0	15.0	1.0	0.0	0.00189966125488278
406.0	15.0	1.0	0.0	0.00142537231445308
421.0	15.0	1.0	0.0	0.0008565846761067267
436.0	15.0	1.0	0.0	0.0004115061442056867
451.0	15.0	1.0	0.0	0.0005743428548176599
466.0	15.0	1.0	0.0	0.0005382751464843334
481.0	15.0	1.0	0.0	0.00027998453776037334
496.0	15.0	1.0	0.0	0.00020111490885412668
511.0	15.0	1.0	0.0	0.00018014729817702666
526.0	15.0	1.0	0.0	0.00012715962727862166
541.0	15.0	1.0	0.0	7.276407877604166e-05
556.0	15.0	1.0	0.0	4.50653076171875e-05
571.0	15.0	1.0	0.0	3.219192127386729e-05
586.0	15.0	1.0	0.0	2.1629280845324202e-05
601.0	15.0	1.0	0.0	1.5437344710032143e-05
616.0	15.0	1.0	0.0	3.8276139895117664e-05
631.0	15.0	1.0	0.0	0.00018189154465990065
646.0	15.0	1.0	0.0	0.00020049161911005997
661.0	15.0	1.0	0.0	0.0003165944099425734
676.0	15.0	1.0	0.0	0.00026931463877355336
691.0	15.0	1.0	0.0	0.0004881563822427867
706.0	15.0	1.0	0.0	0.0005794759114582733
721.0	15.0	1.0	0.0	0.0010603323618570601
736.0	15.0	1.0	0.0	0.0014962089538573802
751.0	15.0	1.0	0.0	0.0010245915730793798
766.0	15.0	1.0	0.0	0.0006014470418293867
781.0	15.0	1.0	0.0	0.0005287521362304199
796.0	15.0	1.0	0.0	0.0009178604125976135
811.0	15.0	1.0	0.0	0.00095605723063146
826.0	15.0	1.0	0.0	0.0011455627441405933
841.0	15.0	1.0	0.0	0.0006558003743489199
856.0	15.0	1.0	0.0	0.00038937276204421996
871.0	15.0	1.0	0.0	0.0002190144856770333
886.0	15.0	1.0	0.0	0.00010623270670570915
901.0	15.0	1.0	0.0	5.0243123372395836e-05
916.0	15.0	1.0	0.0	3.077189127604167e-05
931.0	15.0	1.0	0.0	0.00018216962218283833
946.0	15.0	1.0	0.0	4.528874357541402e-05
961.0	15.0	1.0	0.0	2.4769838651021326e-05
976.0	15.0	1.0	0.0	6.0449147224420484e-05
991.0	15.0	1.0	0.0	3.521930376688639e-05
1006.0	15.0	1.0	0.0	5.870052973428951e-05
1021.0	15.0	1.0	0.0	0.0002653455575306905
1036.0	15.0	1.0	0.0	0.00023623406092320668
1051.0	15.0	1.0	0.0	0.0004955893198648532
1066.0	15.0	1.0	0.0	0.0011360755920409664
1081.0	15.0	1.0	0.0	0.0028986765543619264
1096.0	15.0	1.0	0.0	0.0038162913004556797
1111.0	15.0	1.0	0.0	0.0020630727132161064
1126.0	15.0	1.0	0.0	0.0009543843587239265
1141.0	15.0	1.0	0.0	0.00155752563476558
1156.0	15.0	1.0	0.0	0.0014405202229817134
1171.0	15.0	1.0	0.0	0.0006822926839192266
1186.0	15.0	1.0	0.0	0.00023405049641924666
1201.0	15.0	1.0	0.0	0.00010666097005206501
1216.0	15.0	1.0	0.0	6.328226725260418e-05
1231.0	15.0	1.0	0.0	4.4123331705729166e-05
1246.0	15.0	1.0	0.0	3.164876302083334e-05
1261.0	15.0	1.0	0.0	2.2247314453124996e-05
1276.0	15.0	1.0	0.0	1.56829833984375e-05
1291.0	15.0	1.0	0.0	1.1176554361979166e-05
1306.0	15.0	1.0	0.0	8.775151769320168e-06
1321.0	15.0	1.0	0.0	2.766117950279749e-05
1336.0	15.0	1.0	0.0	6.946126619974773e-06
1351.0	15.0	1.0	0.0	1.4533527692154143e-05
1366.0	15.0	1.0	0.0	0.00016070687373476335
1381.0	15.0	1.0	0.0	5.566169420878093e-05
1396.0	15.0	1.0	0.0	5.249945322672003e-05
1411.0	15.0	1.0	0.0	0.0010721154530842667
1426.0	15.0	1.0	0.0	0.0011223481496174732
1441.0	15.0	1.0	0.0	0.00166093953450516
1456.0	15.0	1.0	0.0	0.0030498949686685733
1471.0	15.0	1.0	0.0	0.001995088704427046
1486.0	15.0	1.0	0.0	0.0013953104654947468
1501.0	15.0	1.0	0.0	0.002123777262369733
1516.0	15.0	1.0	0.0	0.0019059132893879732
1531.0	15.0	1.0	0.0	0.0016240356445312
1546.0	15.0	1.0	0.0	0.0007901590983072533
1561.0	15.0	1.0	0.0	0.0007462849934895399
1576.0	15.0	1.0	0.0	0.0004117167154947599
1591.0	15.0	1.0	0.0	0.0002825032552083
1606.0	15.0	1.0	0.0	0.00021923828124995336
1621.0	15.0	1.0	0.0	9.830932617185497e-05
1636.0	15.0	1.0	0.0	5.1200358072916666e-05
1651.0	15.0	1.0	0.0	3.4283447265625e-05
1666.0	15.0	1.0	0.0	2.3226819435755417e-05
1681.0	15.0	1.0	0.0	1.6289035479227703e-05
1696.0	15.0	1.0	0.0	1.3008934259414675e-05
1711.0	15.0	1.0	0.0	9.760848681132e-06
1726.0	15.0	1.0	0.0	0.00020266160170234938
1741.0	15.0	1.0	0.0	0.0002617683251698496
1756.0	15.0	1.0	0.0	0.00017836980819698004
1771.0	15.0	1.0	0.0	0.0003242425282795734
1786.0	15.0	1.0	0.0	0.0006818408966063864
1801.0	15.0	1.0	0.0	0.0004216512044270399
1816.0	15.0	1.0	0.0	0.00233699048360182
1831.0	15.0	1.0	0.0	0.0021786168416340736
1846.0	15.0	1.0	0.0	0.0013058619181314601
1861.0	15.0	1.0	0.0	0.0008576461791991735
1876.0	15.0	1.0	0.0	0.0008375315348307067
1891.0	15.0	1.0	0.0	0.0012412343343098597
1906.0	15.0	1.0	0.0	0.0016601908365885
1921.0	15.0	1.0	0.0	0.0011193735758463135
1936.0	15.0	1.0	0.0	0.0006392598470051599
1951.0	15.0	1.0	0.0	0.00023845113118484002
1966.0	15.0	1.0	0.0	0.00013168131510412669
1981.0	15.0	1.0	0.0	7.51251220703125e-05
1996.0	15.0	1.0	0.0	4.171447753906249e-05
2011.0	15.0	1.0	0.0	2.5797526041666665e-05
2026.0	15.0	1.0	0.0	1.7639384791255e-05
2041.0	15.0	1.0	0.0	1.2629805877804756e-05
2056.0	15.0	1.0	0.0	9.583122531572978e-06
2071.0	15.0	1.0	0.0	5.168343782424002e-05
2086.0	15.0	1.0	0.0	0.00013008301258085668
2101.0	15.0	1.0	0.0	2.0110130310058594e-05
2116.0	15.0	1.0	0.0	4.253938992817075e-05
2131.0	15.0	1.0	0.0	0.00045501152674352663
2146.0	15.0	1.0	0.0	0.0026475447336832196
2161.0	15.0	1.0	0.0	0.00202327423095698
2176.0	15.0	1.0	0.0	0.0023623453776041204
2191.0	15.0	1.0	0.0	0.0033750137329101124
2206.0	15.0	1.0	0.0	0.0015900390624999535
2221.0	15.0	1.0	0.0	0.0007804372151692267
2236.0	15.0	1.0	0.0	0.00044023742675776666
2251.0	15.0	1.0	0.0	0.0003077362060546467
2266.0	15.0	1.0	0.0	0.0008022878011067333
2281.0	15.0	1.0	0.0	0.0005328725179036067
2296.0	15.0	1.0	0.0	0.0006211415608723534
2311.0	15.0	1.0	0.0	0.00030802205403641334
2326.0	15.0	1.0	0.0	0.00013250834147132
2341.0	15.0	1.0	0.0	6.383056640625e-05
2356.0	15.0	1.0	0.0	3.625895182291667e-05
2371.0	15.0	1.0	0.0	2.2002156575520836e-05
2386.0	15.0	1.0	0.0	3.452351888020833e-05
2401.0	15.0	1.0	0.0	3.7278711795803564e-05
2416.0	15.0	1.0	0.0	2.914792696634928e-05
2431.0	15.0	1.0	0.0	6.124710639317485e-05
2446.0	15.0	1.0	0.0	1.7710089683532717e-05
2461.0	15.0	1.0	0.0	1.6666905085245767e-05
2476.0	15.0	1.0	0.0	1.8786001205444337e-05
2491.0	15.0	1.0	0.0	0.00012460606892900932
2506.0	15.0	1.0	0.0	0.00039949207305904
2521.0	15.0	1.0	0.0	0.0003878552118936867
2536.0	15.0	1.0	0.0	0.0004987180074055534
2551.0	15.0	1.0	0.0	0.00047907562255854
2566.0	15.0	1.0	0.0	0.0012480108896890801
2581.0	15.0	1.0	0.0	0.0020593940734862735
2596.0	15.0	1.0	0.0	0.0011902430216470734
2611.0	15.0	1.0	0.0	0.0010475636800129737
2626.0	15.0	1.0	0.0	0.0004746459960937066
2641.0	15.0	1.0	0.0	0.0001919240315754733
2656.0	15.0	1.0	0.0	9.496917724607209e-05
2671.0	15.0	1.0	0.0	6.972249348958334e-05
2686.0	15.0	1.0	0.0	9.199066162108374e-05
2701.0	15.0	1.0	0.0	7.822723388671377e-05
2716.0	15.0	1.0	0.0	6.965840657552084e-05
2731.0	15.0	1.0	0.0	7.036132812498833e-05
2746.0	15.0	1.0	0.0	0.00031736450195308494
2761.0	15.0	1.0	0.0	0.00010175078709919331
2776.0	15.0	1.0	0.0	7.100017070770263e-05
2791.0	15.0	1.0	0.0	5.022820631663004e-05
2806.0	15.0	1.0	0.0	3.2486454645792646e-05
2821.0	15.0	1.0	0.0	0.00030702904065446976
2836.0	15.0	1.0	0.0	0.0001099868138630751
2851.0	15.0	1.0	0.0	0.00020046742757158002
2866.0	15.0	1.0	0.0	0.00019267368316646
2881.0	15.0	1.0	0.0	0.00203967959086096
2896.0	15.0	1.0	0.0	0.0028825014750162334
2911.0	15.0	1.0	0.0	0.0019566899617512396
2926.0	15.0	1.0	0.0	0.0019479441324869403
2941.0	15.0	1.0	0.0	0.00303380635579422
2956.0	15.0	1.0	0.0	0.0027433532714843264
2971.0	15.0	1.0	0.0	0.0011105214436848466
2986.0	15.0	1.0	0.0	0.0007004374186197534
3001.0	15.0	1.0	0.0	0.0007770955403645467
3016.0	15.0	1.0	0.0	0.0007240091959635134
3031.0	15.0	1.0	0.0	0.0004520690917968467
3046.0	15.0	1.0	0.0	0.00035759277343745997
3061.0	15.0	1.0	0.0	0.0001795104980468267
3076.0	15.0	1.0	0.0	8.929036458332e-05
3091.0	15.0	1.0	0.0	4.6337890625e-05
3106.0	15.0	1.0	0.0	2.820841471354166e-05
3121.0	15.0	1.0	0.0	1.7818866111338137e-05
3136.0	15.0	1.0	0.0	1.2381643118957676e-05
3151.0	15.0	1.0	0.0	9.013551473617553e-06
3166.0	15.0	1.0	0.0	7.066281636555989e-06
3181.0	15.0	1.0	0.0	5.801961819330851e-06
3196.0	15.0	1.0	0.0	1.3113133112589517e-05
3211.0	15.0	1.0	0.0	0.00012177056868870348
3226.0	15.0	1.0	0.0	0.00020936625798539206
3241.0	15.0	1.0	0.0	0.00025688358942663994
3256.0	15.0	1.0	0.0	0.0007840356826781868
3271.0	15.0	1.0	0.0	0.0023794438680012674
3286.0	15.0	1.0	0.0	0.0031363293965657067
3301.0	15.0	1.0	0.0	0.0026694035847981265
3316.0	15.0	1.0	0.0	0.0035031178792317265
3331.0	15.0	1.0	0.0	0.0017149749755859002
3346.0	15.0	1.0	0.0	0.0011425201416015265
3361.0	15.0	1.0	0.0	0.0009497222900390201
3376.0	15.0	1.0	0.0	0.000857773844401
3391.0	15.0	1.0	0.0	0.00029356486002599336
3406.0	15.0	1.0	0.0	0.00013463338216142
3421.0	15.0	1.0	0.0	7.884114583333167e-05
3436.0	15.0	1.0	0.0	4.759724934895833e-05
3451.0	15.0	1.0	0.0	2.849934895833333e-05
3466.0	15.0	1.0	0.0	1.8802897135416666e-05
3481.0	15.0	1.0	0.0	2.032063802083e-05
3496.0	15.0	1.0	0.0	1.4212842782338463e-05
3511.0	15.0	1.0	0.0	1.9651095072428383e-05
3526.0	15.0	1.0	0.0	7.8861804803198e-05
3541.0	15.0	1.0	0.0	2.219162782033285e-05
3556.0	15.0	1.0	0.0	5.736446380614011e-05
3571.0	15.0	1.0	0.0	1.3191032409667968e-05
3586.0	15.0	1.0	0.0	7.660113970437545e-05
3601.0	15.0	1.0	0.0	0.00019432954788205
3616.0	15.0	1.0	0.0	0.0001758320490518914
3631.0	15.0	1.0	0.0	0.0013224699020385265
3646.0	15.0	1.0	0.0	0.0015888303120930466
3661.0	15.0	1.0	0.0	0.0029626431783039866
3676.0	15.0	1.0	0.0	0.00241676839192704
3691.0	15.0	1.0	0.0	0.0008999165852864136
3706.0	15.0	1.0	0.0	0.0005785268147786067
3721.0	15.0	1.0	0.0	0.0004305450439452733
3736.0	15.0	1.0	0.0	0.0009825429280598535
3751.0	15.0	1.0	0.0	0.0007173360188801667
3766.0	15.0	1.0	0.0	0.00024605305989578
3781.0	15.0	1.0	0.0	0.00012181701660153749
3796.0	15.0	1.0	0.0	8.53769938151025e-05
3811.0	15.0	1.0	0.0	4.9971516927083325e-05
3826.0	15.0	1.0	0.0	3.264261881510417e-05
3841.0	15.0	1.0	0.0	4.360961914062083e-05
3856.0	15.0	1.0	0.0	3.629925549030304e-05
3871.0	15.0	1.0	0.0	1.7653082807858784e-05
3886.0	15.0	1.0	0.0	1.2663187583287557e-05
3901.0	15.0	1.0	0.0	1.3304265340169272e-05
3916.0	15.0	1.0	0.0	0.0002322315772374334
3931.0	15.0	1.0	0.0	5.49578666687004e-05
3946.0	15.0	1.0	0.0	0.0009750691095987466
3961.0	15.0	1.0	0.0	0.0008617622375487798
3976.0	15.0	1.0	0.0	0.0011873049418130934
3991.0	15.0	1.0	0.0	0.0014207366943358997
4006.0	15.0	1.0	0.0	0.0025016759236653136
4021.0	15.0	1.0	0.0	0.0013976272583007268
4036.0	15.0	1.0	0.0	0.001269449869791627
4051.0	15.0	1.0	0.0	0.0015193562825520403
4066.0	15.0	1.0	0.0	0.0016741312662759864
4081.0	15.0	1.0	0.0	0.0008679789225260001
4096.0	15.0	1.0	0.0	0.0005502197265624533
4111.0	15.0	1.0	0.0	0.0011175954182942331
4126.0	15.0	1.0	0.0	0.00125714619954422
4141.0	15.0	1.0	0.0	0.00068467203776038
4156.0	15.0	1.0	0.0	0.00025845743815100666
4171.0	15.0	1.0	0.0	0.00011460164388018663
4186.0	15.0	1.0	0.0	6.936035156249999e-05
4201.0	15.0	1.0	0.0	4.277547200520833e-05
4216.0	15.0	1.0	0.0	2.8729248046874997e-05
4231.0	15.0	1.0	0.0	1.9011630614598594e-05
4246.0	15.0	1.0	0.0	1.3305526971817019e-05
4261.0	15.0	1.0	0.0	1.1605636278788248e-05
4276.0	15.0	1.0	0.0	9.21856164932251e-06
4291.0	15.0	1.0	0.0	6.939918994901751e-05
4306.0	15.0	1.0	0.0	2.6977388064066578e-05
4321.0	15.0	1.0	0.0	6.949307123819074e-05
4336.0	15.0	1.0	0.0	0.00010204860369363028
4351.0	15.0	1.0	0.0	0.00036086444854731335
4366.0	15.0	1.0	0.0	0.0005967098236083466
4381.0	15.0	1.0	0.0	0.00141279703776036
4396.0	15.0	1.0	0.0	0.0017073722839354931
4411.0	15.0	1.0	0.0	0.002562744649251254
4426.0	15.0	1.0	0.0	0.0021092417399088065
4441.0	15.0	1.0	0.0	0.0014069173177082867
4456.0	15.0	1.0	0.0	0.0006400716145832933
4471.0	15.0	1.0	0.0	0.00027043762207026
4486.0	15.0	1.0	0.0	0.00015829467773433332
4501.0	15.0	1.0	0.0	0.00017695515950516669
4516.0	15.0	1.0	0.0	0.00014604085286454668
4531.0	15.0	1.0	0.0	0.00019436442057287336
4546.0	15.0	1.0	0.0	0.00012619730631505916
4561.0	15.0	1.0	0.0	0.00024124247233068755
4576.0	15.0	1.0	0.0	9.183451334633915e-05
4591.0	15.0	1.0	0.0	5.438496271769205e-05
4606.0	15.0	1.0	0.0	3.591303825378419e-05
4621.0	15.0	1.0	0.0	2.3890391985575356e-05
4636.0	15.0	1.0	0.0	1.6759483019510904e-05
4651.0	15.0	1.0	0.0	1.4040430386861166e-05
4666.0	15.0	1.0	0.0	0.00025774908860522
4681.0	15.0	1.0	0.0	3.650220235188803e-05
4696.0	15.0	1.0	0.0	0.00011383326848345428
4711.0	15.0	1.0	0.0	0.00010204893747964808
4726.0	15.0	1.0	0.0	0.0006430481592813599
4741.0	15.0	1.0	0.0	0.002369381713867147
4756.0	15.0	1.0	0.0	0.0038801010131835336
4771.0	15.0	1.0	0.0	0.0026789861043293667
4786.0	15.0	1.0	0.0	0.0022993886311848534
4801.0	15.0	1.0	0.0	0.0012388417561848537
4816.0	15.0	1.0	0.0	0.0005136383056640133
4831.0	15.0	1.0	0.0	0.00024943542480464003
4846.0	15.0	1.0	0.0	0.0002654968261718399
4861.0	15.0	1.0	0.0	0.0002720367431640133
4876.0	15.0	1.0	0.0	0.00019058024088536662
4891.0	15.0	1.0	0.0	0.00010688883463539333
4906.0	15.0	1.0	0.0	6.759440104166666e-05
4921.0	15.0	1.0	0.0	4.456278483072918e-05
4936.0	15.0	1.0	0.0	2.7152506510416665e-05
4951.0	15.0	1.0	0.0	1.8152465919653575e-05
4966.0	15.0	1.0	0.0	2.555895199377943e-05
4981.0	15.0	1.0	0.0	3.16288411617244e-05
4996.0	15.0	1.0	0.0	8.83402427037557e-06
5011.0	15.0	1.0	0.0	7.270534833272297e-06
5026.0	15.0	1.0	0.0	6.258312861124675e-06
5041.0	15.0	1.0	0.0	6.51092529296875e-06
5056.0	15.0	1.0	0.0	0.00027757321198777757
5071.0	15.0	1.0	0.0	0.0002252949078877267
5086.0	15.0	1.0	0.0	0.00011281013488765725
5101.0	15.0	1.0	0.0	0.00068738536834712
5116.0	15.0	1.0	0.0	0.0015118573506672664
5131.0	15.0	1.0	0.0	0.0010823809305826266
5146.0	15.0	1.0	0.0	0.0016396771748860201
5161.0	15.0	1.0	0.0	0.002262600708007767
5176.0	15.0	1.0	0.0	0.0013696843465168867
5191.0	15.0	1.0	0.0	0.0007931376139322533
5206.0	15.0	1.0	0.0	0.0003070902506510067
5221.0	15.0	1.0	0.0	0.00028197631835931994
5236.0	15.0	1.0	0.0	0.00018157857259110667
5251.0	15.0	1.0	0.0	8.767089843748583e-05
5266.0	15.0	1.0	0.0	4.808858235677083e-05
5281.0	15.0	1.0	0.0	2.9336547851562508e-05
5296.0	15.0	1.0	0.0	3.39416503906225e-05
5311.0	15.0	1.0	0.0	2.05535888671875e-05
5326.0	15.0	1.0	0.0	1.1690382162729898e-05
5341.0	15.0	1.0	0.0	9.05317266782125e-06
5356.0	15.0	1.0	0.0	7.238060235977173e-06
5371.0	15.0	1.0	0.0	4.849294821421181e-05
5386.0	15.0	1.0	0.0	8.808629512785538e-05
5401.0	15.0	1.0	0.0	8.762683868407205e-05
5416.0	15.0	1.0	0.0	0.00017906274795528165
5431.0	15.0	1.0	0.0	0.0007841112136840331
5446.0	15.0	1.0	0.0	0.0011614983876545666
5461.0	15.0	1.0	0.0	0.0015115842183430533
5476.0	15.0	1.0	0.0	0.003350950368245393
5491.0	15.0	1.0	0.0	0.00296838938395178
5506.0	15.0	1.0	0.0	0.0029588663736978805
5521.0	15.0	1.0	0.0	0.00222526245117182
5536.0	15.0	1.0	0.0	0.0011738749186197466
5551.0	15.0	1.0	0.0	0.0009483622233072401
5566.0	15.0	1.0	0.0	0.0007669392903645535
5581.0	15.0	1.0	0.0	0.0005056945800780932
5596.0	15.0	1.0	0.0	0.00021609293619787338
5611.0	15.0	1.0	0.0	0.00011212972005205333
5626.0	15.0	1.0	0.0	7.214762369791668e-05
5641.0	15.0	1.0	0.0	4.994303385416666e-05
5656.0	15.0	1.0	0.0	9.065144856770334e-05
5671.0	15.0	1.0	0.0	3.654988606770833e-05
5686.0	15.0	1.0	0.0	0.00013691012461979518
5701.0	15.0	1.0	0.0	9.623996019361793e-05
5716.0	15.0	1.0	0.0	4.119869867960612e-05
5731.0	15.0	1.0	0.0	6.0811154047636624e-05
5746.0	15.0	1.0	0.0	0.0003874753952026
5761.0	15.0	1.0	0.0	0.0005760934829711468
5776.0	15.0	1.0	0.0	0.00044049072265619333
5791.0	15.0	1.0	0.0	0.0006892978668212265
5806.0	15.0	1.0	0.0	0.004538152821858666
5821.0	15.0	1.0	0.0	0.0026086400349934467
5836.0	15.0	1.0	0.0	0.0023437337239582876
5851.0	15.0	1.0	0.0	0.0024587219238280797
5866.0	15.0	1.0	0.0	0.003784752400716093
5881.0	15.0	1.0	0.0	0.0038119954427083
5896.0	15.0	1.0	0.0	0.0016690572102864198
5911.0	15.0	1.0	0.0	0.0016486165364583065
5926.0	15.0	1.0	0.0	0.0008900980631510065
5941.0	15.0	1.0	0.0	0.00048570149739579995
5956.0	15.0	1.0	0.0	0.00026433308919266666
5971.0	15.0	1.0	0.0	0.00011139729817704498
5986.0	15.0	1.0	0.0	5.6345621744791655e-05
6001.0	15.0	1.0	0.0	3.3359781901041665e-05
6016.0	15.0	1.0	0.0	2.1348063151041667e-05
6031.0	15.0	1.0	0.0	0.00012377115885416667
6046.0	15.0	1.0	0.0	2.601605256398445e-05
6061.0	15.0	1.0	0.0	1.9867149988810222e-05
6076.0	15.0	1.0	0.0	1.0685169696807862e-05
6091.0	15.0	1.0	0.0	9.568158785502115e-06
6106.0	15.0	1.0	0.0	1.9575226306915283e-05
6121.0	15.0	1.0	0.0	1.2318364779154461e-05
6136.0	15.0	1.0	0.0	0.00017198179562884705
6151.0	15.0	1.0	0.0	0.0004815865039824867
6166.0	15.0	1.0	0.0	0.00113661975860592
6181.0	15.0	1.0	0.0	0.0021006739298502133
6196.0	15.0	1.0	0.0	0.002949409484863234
6211.0	15.0	1.0	0.0	0.0033345601399739004
6226.0	15.0	1.0	0.0	0.003173781331380167
6241.0	15.0	1.0	0.0	0.00236493021647132
6256.0	15.0	1.0	0.0	0.0009632792154947335
6271.0	15.0	1.0	0.0	0.0009556854248046401
6286.0	15.0	1.0	0.0	0.0020420288085937132
6301.0	15.0	1.0	0.0	0.0009625854492187199
6316.0	15.0	1.0	0.0	0.00048074137369788
6331.0	15.0	1.0	0.0	0.00017962036132808666
6346.0	15.0	1.0	0.0	8.587849934895668e-05
6361.0	15.0	1.0	0.0	5.0923665364583315e-05
6376.0	15.0	1.0	0.0	7.0123291015615e-05
6391.0	15.0	1.0	0.0	2.43896484375e-05
6406.0	15.0	1.0	0.0	2.325032552083333e-05
6421.0	15.0	1.0	0.0	1.4478192726771034e-05
6436.0	15.0	1.0	0.0	1.10532542069753e-05
6451.0	15.0	1.0	0.0	8.855382601420085e-06
6466.0	15.0	1.0	0.0	7.409290472666422e-06
6481.0	15.0	1.0	0.0	5.996338526407877e-06
6496.0	15.0	1.0	0.0	5.1940441131591795e-06
6511.0	15.0	1.0	0.0	0.00011067710717518223
6526.0	15.0	1.0	0.0	0.00043656660715732663
6541.0	15.0	1.0	0.0	0.0006954144159952334
6556.0	15.0	1.0	0.0	0.0006793927510578934
6571.0	15.0	1.0	0.0	0.0009229471842447467
6586.0	15.0	1.0	0.0	0.003796154530843067
6601.0	15.0	1.0	0.0	0.0021384546915689732
6616.0	15.0	1.0	0.0	0.0013939829508463066
6631.0	15.0	1.0	0.0	0.0012278167724608933
6646.0	15.0	1.0	0.0	0.0013561513264973533
6661.0	15.0	1.0	0.0	0.00073997192382808
6676.0	15.0	1.0	0.0	0.0005705413818359002
6691.0	15.0	1.0	0.0	0.0005591979980468265
6706.0	15.0	1.0	0.0	0.00027993367513016
6721.0	15.0	1.0	0.0	0.00010727132161455501
6736.0	15.0	1.0	0.0	6.463928222656e-05
6751.0	15.0	1.0	0.0	5.550537109374584e-05
6766.0	15.0	1.0	0.0	2.5725301106770836e-05
6781.0	15.0	1.0	0.0	2.325602372487386e-05
6796.0	15.0	1.0	0.0	3.2168090343472227e-05
6811.0	15.0	1.0	0.0	2.8623139858245848e-05
6826.0	15.0	1.0	0.0	1.4562050501505534e-05
6841.0	15.0	1.0	0.0	0.00011993409792580919
6856.0	15.0	1.0	0.0	0.0003646964708963585
6871.0	15.0	1.0	0.0	0.00010872020721432764
6886.0	15.0	1.0	0.0	0.00021441027323400002
6901.0	15.0	1.0	0.0	0.00082040551503496
6916.0	15.0	1.0	0.0	0.0019276982625325136
6931.0	15.0	1.0	0.0	0.0020554695129394
6946.0	15.0	1.0	0.0	0.0012387568155923935
6961.0	15.0	1.0	0.0	0.00098807678222652
6976.0	15.0	1.0	0.0	0.001651268005371047
6991.0	15.0	1.0	0.0	0.0012602996826171532
7006.0	15.0	1.0	0.0	0.0016551869710286068
7021.0	15.0	1.0	0.0	0.0011587371826171464
7036.0	15.0	1.0	0.0	0.0007679158528645467
7051.0	15.0	1.0	0.0	0.00030557963053381325
7066.0	15.0	1.0	0.0	0.00015673014322913333
7081.0	15.0	1.0	0.0	0.00011094665527341167
7096.0	15.0	1.0	0.0	7.325846354166668e-05
7111.0	15.0	1.0	0.0	4.691263834635417e-05
7126.0	15.0	1.0	0.0	2.8019205729166667e-05
7141.0	15.0	1.0	0.0	2.0900612572828925e-05
7156.0	15.0	1.0	0.0	8.515869230029507e-05
7171.0	15.0	1.0	0.0	5.3339060147603104e-05
7186.0	15.0	1.0	0.0	0.00014006191889443038
7201.0	15.0	1.0	0.0	3.331238428751628e-05
7216.0	15.0	1.0	0.0	2.5105826059977218e-05
7231.0	15.0	1.0	0.0	0.00016008507410683248
7246.0	15.0	1.0	0.0	0.00023113565444941335
7261.0	15.0	1.0	0.0	0.0006795541127522334
7276.0	15.0	1.0	0.0	0.0016485370635985802
7291.0	15.0	1.0	0.0	0.002400110626220647
7306.0	15.0	1.0	0.0	0.002875282287597613
7321.0	15.0	1.0	0.0	0.00338787282307938
7336.0	15.0	1.0	0.0	0.0016707956949869331
7351.0	15.0	1.0	0.0	0.0013023640950520334
7366.0	15.0	1.0	0.0	0.0007657073974608867
7381.0	15.0	1.0	0.0	0.00038283894856766667
7396.0	15.0	1.0	0.0	0.00023325093587235336
7411.0	15.0	1.0	0.0	0.0001606160481770333
7426.0	15.0	1.0	0.0	0.00011045532226559751
7441.0	15.0	1.0	0.0	8.525695800781251e-05
7456.0	15.0	1.0	0.0	5.3558349609375004e-05
7471.0	15.0	1.0	0.0	3.455912272135417e-05
7486.0	15.0	1.0	0.0	2.450358072916667e-05
7501.0	15.0	1.0	0.0	0.0002658925374348583
7516.0	15.0	1.0	0.0	5.578734079996745e-05
7531.0	15.0	1.0	0.0	3.802866141001384e-05
7546.0	15.0	1.0	0.0	2.451396783192953e-05
7561.0	15.0	1.0	0.0	0.00010089445114134465
7576.0	15.0	1.0	0.0	0.0002232220013936213
7591.0	15.0	1.0	0.0	0.00027528963088984
7606.0	15.0	1.0	0.0	0.0001484211603800067
7621.0	15.0	1.0	0.0	0.0003108503341674267
7636.0	15.0	1.0	0.0	0.0007281027475992334
7651.0	15.0	1.0	0.0	0.0017630957285562734
7666.0	15.0	1.0	0.0	0.002067675018310487
7681.0	15.0	1.0	0.0	0.0012349726359049001
7696.0	15.0	1.0	0.0	0.0013114608764647803
7711.0	15.0	1.0	0.0	0.0007488774617512602
7726.0	15.0	1.0	0.0	0.0004045979817707933
7741.0	15.0	1.0	0.0	0.0003322113037108933
7756.0	15.0	1.0	0.0	0.00030469563802078
7771.0	15.0	1.0	0.0	0.00017534484863277334
7786.0	15.0	1.0	0.0	0.00015282999674474666
7801.0	15.0	1.0	0.0	9.490152994790668e-05
7816.0	15.0	1.0	0.0	5.400390625000001e-05
7831.0	15.0	1.0	0.0	3.184102376302084e-05
7846.0	15.0	1.0	0.0	2.1923828125e-05
7861.0	15.0	1.0	0.0	1.5245564778645833e-05
7876.0	15.0	1.0	0.0	1.0637502868970235e-05
7891.0	15.0	1.0	0.0	7.983743151028951e-06
7906.0	15.0	1.0	0.0	7.539580265680949e-06
7921.0	15.0	1.0	0.0	6.6993296146392825e-06
7936.0	15.0	1.0	0.0	9.472934405008951e-06
7951.0	15.0	1.0	0.0	8.663888772328696e-06
7966.0	15.0	1.0	0.0	1.754242181777954e-05
7981.0	15.0	1.0	0.0	3.010025421778361e-05
7996.0	15.0	1.0	0.0	0.00020143826007839306
8011.0	15.0	1.0	0.0	0.0003547942797342467
8026.0	15.0	1.0	0.0	0.00022088247934972665
8041.0	15.0	1.0	0.0	0.0011014638264973467
8056.0	15.0	1.0	0.0	0.0014344455718993735
8071.0	15.0	1.0	0.0	0.00161186650594072
8086.0	15.0	1.0	0.0	0.0011330240885416135
8101.0	15.0	1.0	0.0	0.00074595031738276
8116.0	15.0	1.0	0.0	0.00135651448567704
8131.0	15.0	1.0	0.0	0.0006091395060221067
8146.0	15.0	1.0	0.0	0.0003984008789062
8161.0	15.0	1.0	0.0	0.00031764628092443333
8176.0	15.0	1.0	0.0	0.00017857869466142
8191.0	15.0	1.0	0.0	0.00010594685872392667
8206.0	15.0	1.0	0.0	6.5704345703125e-05
8221.0	15.0	1.0	0.0	3.860677083333332e-05
8236.0	15.0	1.0	0.0	2.46164212624232e-05
8251.0	15.0	1.0	0.0	1.735217273235321e-05
8266.0	15.0	1.0	0.0	1.3036680221557617e-05
8281.0	15.0	1.0	0.0	1.6463524103164674e-05
8296.0	15.0	1.0	0.0	2.4881974856058763e-05
8311.0	15.0	1.0	0.0	8.548410733540853e-06
8326.0	15.0	1.0	0.0	6.963305473326449e-05
8341.0	15.0	1.0	0.0	0.0004085280259449908
8356.0	15.0	1.0	0.0	0.0003529628753661734
8371.0	15.0	1.0	0.0	0.00024789384206132004
8386.0	15.0	1.0	0.0	0.0009198042551675866
8401.0	15.0	1.0	0.0	0.0014921604156493534
8416.0	15.0	1.0	0.0	0.0015701161702473467
8431.0	15.0	1.0	0.0	0.0015912221272785998
8446.0	15.0	1.0	0.0	0.0012010721842447534
8461.0	15.0	1.0	0.0	0.0013492680867512668
8476.0	15.0	1.0	0.0	0.0005938354492187067
8491.0	15.0	1.0	0.0	0.0003378255208332933
8506.0	15.0	1.0	0.0	0.0003493194580077733
8521.0	15.0	1.0	0.0	0.0002828135172525534
8536.0	15.0	1.0	0.0	0.00016183980305986
8551.0	15.0	1.0	0.0	7.587076822916247e-05
8566.0	15.0	1.0	0.0	0.0001304250081380133
8581.0	15.0	1.0	0.0	7.696126302082085e-05
8596.0	15.0	1.0	0.0	3.6124674479166666e-05
8611.0	15.0	1.0	0.0	2.5820555289586384e-05
8626.0	15.0	1.0	0.0	1.8811132510503136e-05
8641.0	15.0	1.0	0.0	1.4343941211700441e-05
8656.0	15.0	1.0	0.0	1.808193922042847e-05
8671.0	15.0	1.0	0.0	7.639767328897596e-05
8686.0	15.0	1.0	0.0	2.131945292154948e-05
8701.0	15.0	1.0	0.0	1.7111905415852863e-05
8716.0	15.0	1.0	0.0	9.918128649392408e-05
8731.0	15.0	1.0	0.0	0.00038395627339677995
8746.0	15.0	1.0	0.0	0.00035667317708327985
8761.0	15.0	1.0	0.0	0.0006483601888020267
8776.0	15.0	1.0	0.0	0.0007063489278157
8791.0	15.0	1.0	0.0	0.0006229047139485268
8806.0	15.0	1.0	0.0	0.0009296872456867934
8821.0	15.0	1.0	0.0	0.00213026987711584
8836.0	15.0	1.0	0.0	0.0009683013916015334
8851.0	15.0	1.0	0.0	0.0006123921712239065
8866.0	15.0	1.0	0.0	0.0007174753824869267
8881.0	15.0	1.0	0.0	0.0003178237915038734
8896.0	15.0	1.0	0.0	0.00023222554524734664
8911.0	15.0	1.0	0.0	0.00014338887532548664
8926.0	15.0	1.0	0.0	7.877909342447584e-05
8941.0	15.0	1.0	0.0	4.375203450520833e-05
8956.0	15.0	1.0	0.0	2.9115804036458332e-05
8971.0	15.0	1.0	0.0	1.9485793014367424e-05
8986.0	15.0	1.0	0.0	1.3609980046749114e-05
9001.0	15.0	1.0	0.0	2.1845451990763344e-05
9016.0	15.0	1.0	0.0	9.342324733734133e-06
9031.0	15.0	1.0	0.0	7.221885522206624e-06
9046.0	15.0	1.0	0.0	6.954018274943033e-06
9061.0	15.0	1.0	0.0	1.65863037109375e-05
9076.0	15.0	1.0	0.0	7.848399480182216e-05
9091.0	15.0	1.0	0.0	7.556185722350243e-05
9106.0	15.0	1.0	0.0	0.00029045348167415334
9121.0	15.0	1.0	0.0	0.00087578096389766
9136.0	15.0	1.0	0.0	0.0011924475351968934
9151.0	15.0	1.0	0.0	0.0010657580057779332
9166.0	15.0	1.0	0.0	0.0011205037434895465
9181.0	15.0	1.0	0.0	0.0008960912068684401
9196.0	15.0	1.0	0.0	0.0005672480265299133
9211.0	15.0	1.0	0.0	0.00035222625732415994
9226.0	15.0	1.0	0.0	0.00020182800292964
9241.0	15.0	1.0	0.0	0.0002347117106119267
9256.0	15.0	1.0	0.0	0.00020485992431636664
9271.0	15.0	1.0	0.0	0.00012864583333329333
9286.0	15.0	1.0	0.0	9.096628824868834e-05
9301.0	15.0	1.0	0.0	6.783192952473833e-05
9316.0	15.0	1.0	0.0	0.00018470408121743032
9331.0	15.0	1.0	0.0	4.031059443950653e-05
9346.0	15.0	1.0	0.0	4.3925614158308035e-05
9361.0	15.0	1.0	0.0	2.1807058652242022e-05
9376.0	15.0	1.0	0.0	1.5837597846984864e-05
9391.0	15.0	1.0	0.0	1.2748201688130697e-05
9406.0	15.0	1.0	0.0	6.61455233891736e-05
9421.0	15.0	1.0	0.0	2.5849533081054687e-05
9436.0	15.0	1.0	0.0	0.00019711248079932127
9451.0	15.0	1.0	0.0	0.00012735923131302268
9466.0	15.0	1.0	0.0	0.0005698752085367268
9481.0	15.0	1.0	0.0	0.0005015936533609534
9496.0	15.0	1.0	0.0	0.0024865923563638734
9511.0	15.0	1.0	0.0	0.00158658167521154
9526.0	15.0	1.0	0.0	0.00084726867675776
9541.0	15.0	1.0	0.0	0.0004874313354491734
9556.0	15.0	1.0	0.0	0.0009275822957356132
9571.0	15.0	1.0	0.0	0.0012819722493489134
9586.0	15.0	1.0	0.0	0.0019005554199218201
9601.0	15.0	1.0	0.0	0.0010070231119791134
9616.0	15.0	1.0	0.0	0.0003131113688150534
9631.0	15.0	1.0	0.0	0.0001415639241536075
9646.0	15.0	1.0	0.0	7.021077473958334e-05
9661.0	15.0	1.0	0.0	4.607238769531251e-05
9676.0	15.0	1.0	0.0	0.00011060689290363416
9691.0	15.0	1.0	0.0	3.143107096354167e-05
9706.0	15.0	1.0	0.0	2.0923066139221188e-05
9721.0	15.0	1.0	0.0	1.555027763048808e-05
9736.0	15.0	1.0	0.0	1.276620825131734e-05
9751.0	15.0	1.0	0.0	9.75778102874756e-06
9766.0	15.0	1.0	0.0	1.1742639541625975e-05
9781.0	15.0	1.0	0.0	3.621359268824259e-05
9796.0	15.0	1.0	0.0	0.00030843069553372556
9811.0	15.0	1.0	0.0	0.0006577559471129799
9826.0	15.0	1.0	0.0	0.0004915779113769133
9841.0	15.0	1.0	0.0	0.0011508242289224734
9856.0	15.0	1.0	0.0	0.0020458605448404467
9871.0	15.0	1.0	0.0	0.002490968831380167
9886.0	15.0	1.0	0.0	0.0016429234822590666
9901.0	15.0	1.0	0.0	0.0007243001302082865
9916.0	15.0	1.0	0.0	0.00044369405110673333
9931.0	15.0	1.0	0.0	0.00092808125813798
9946.0	15.0	1.0	0.0	0.0017895029703775729
9961.0	15.0	1.0	0.0	0.0011108479817707934
9976.0	15.0	1.0	0.0	0.0004685048421223534
9991.0	15.0	1.0	0.0	0.00023008829752598666
10006.0	15.0	1.0	0.0	0.00013891499837233998
10021.0	15.0	1.0	0.0	7.612202962239499e-05
10036.0	15.0	1.0	0.0	0.00012041117350260083
10051.0	15.0	1.0	0.0	3.323059082031249e-05
10066.0	15.0	1.0	0.0	2.2164243956406908e-05
10081.0	15.0	1.0	0.0	1.529914488395055e-05
10096.0	15.0	1.0	0.0	1.5342996517817178e-05
10111.0	15.0	1.0	0.0	1.084248622258504e-05
10126.0	15.0	1.0	0.0	1.6841379801432295e-05
10141.0	15.0	1.0	0.0	2.819354136783829e-05
10156.0	15.0	1.0	0.0	5.9431950251253e-05
10171.0	15.0	1.0	0.0	0.00039796409606927997
10186.0	15.0	1.0	0.0	0.0006886305491129067
10201.0	15.0	1.0	0.0	0.0006807275136311333
10216.0	15.0	1.0	0.0	0.0020442170461018533
10231.0	15.0	1.0	0.0	0.00109427134195958
10246.0	15.0	1.0	0.0	0.00055222625732418
10261.0	15.0	1.0	0.0	0.0008071543375650534
10276.0	15.0	1.0	0.0	0.0026999460856119333
10291.0	15.0	1.0	0.0	0.002352259318033807
10306.0	15.0	1.0	0.0	0.0011673563639322533
10321.0	15.0	1.0	0.0	0.0006717081705728867
10336.0	15.0	1.0	0.0	0.00046713968912755996
10351.0	15.0	1.0	0.0	0.0003186574300129734
10366.0	15.0	1.0	0.0	0.00021705423990882
10381.0	15.0	1.0	0.0	0.0001630096435546467
10396.0	15.0	1.0	0.0	7.732849121093167e-05
10411.0	15.0	1.0	0.0	4.751180013020833e-05
10426.0	15.0	1.0	0.0	3.408920330305894e-05
10441.0	15.0	1.0	0.0	1.856576638917128e-05
10456.0	15.0	1.0	0.0	1.2897501389185587e-05
10471.0	15.0	1.0	0.0	9.799124797185263e-06
10486.0	15.0	1.0	0.0	3.746822675068387e-05
10501.0	15.0	1.0	0.0	7.535870869954427e-06
10516.0	15.0	1.0	0.0	5.080594221750395e-05
10531.0	15.0	1.0	0.0	9.069568316140541e-05
10546.0	15.0	1.0	0.0	5.5259291330962834e-05
10561.0	15.0	1.0	0.0	0.0005133216222127079
10576.0	15.0	1.0	0.0	0.0013370157877603734
10591.0	15.0	1.0	0.0	0.0024344940185546398
10606.0	15.0	1.0	0.0	0.00188056131998694
10621.0	15.0	1.0	0.0	0.0020948008219400533
10636.0	15.0	1.0	0.0	0.0021353932698567266
10651.0	15.0	1.0	0.0	0.0012445251464843266
10666.0	15.0	1.0	0.0	0.00041569112141922
10681.0	15.0	1.0	0.0	0.00016644490559891337
10696.0	15.0	1.0	0.0	8.16324869791575e-05
10711.0	15.0	1.0	0.0	7.393086751301586e-05
10726.0	15.0	1.0	0.0	5.250651041666666e-05
10741.0	15.0	1.0	0.0	4.52545166015625e-05
10756.0	15.0	1.0	0.0	3.085428873697917e-05
10771.0	15.0	1.0	0.0	2.00439453125e-05
10786.0	15.0	1.0	0.0	1.3980102539062499e-05
10801.0	15.0	1.0	0.0	1.1997521420319875e-05
10816.0	15.0	1.0	0.0	8.934830129146575e-06
10831.0	15.0	1.0	0.0	6.9668183724085495e-06
10846.0	15.0	1.0	0.0	9.851861000061035e-06
10861.0	15.0	1.0	0.0	1.8886955579121912e-05
10876.0	15.0	1.0	0.0	7.262976964314779e-06
10891.0	15.0	1.0	0.0	8.786122004191082e-06
10906.0	15.0	1.0	0.0	5.6565062204985295e-05
10921.0	15.0	1.0	0.0	0.0002153308232625168
10936.0	15.0	1.0	0.0	0.0002221399625142
10951.0	15.0	1.0	0.0	0.00034624646504716666
10966.0	15.0	1.0	0.0	0.0018353526433308462
10981.0	15.0	1.0	0.0	0.0020118301391601067
10996.0	15.0	1.0	0.0	0.003003217061360626
11011.0	15.0	1.0	0.0	0.003521109517415326
11026.0	15.0	1.0	0.0	0.0014558237711588132
11041.0	15.0	1.0	0.0	0.0006241556803385001
11056.0	15.0	1.0	0.0	0.00023895568847650663
11071.0	15.0	1.0	0.0	0.00015393371582026665
11086.0	15.0	1.0	0.0	0.00015770263671869333
11101.0	15.0	1.0	0.0	0.00017191467285151334
11116.0	15.0	1.0	0.0	0.00015410359700516666
11131.0	15.0	1.0	0.0	9.96236165364375e-05
11146.0	15.0	1.0	0.0	5.417887369791667e-05
11161.0	15.0	1.0	0.0	3.037716348965963e-05
11176.0	15.0	1.0	0.0	2.1303687493006388e-05
11191.0	15.0	1.0	0.0	1.522758404413859e-05
11206.0	15.0	1.0	0.0	1.1046270529429118e-05
11221.0	15.0	1.0	0.0	8.493991692860922e-06
11236.0	15.0	1.0	0.0	6.916320323944091e-06
11251.0	15.0	1.0	0.0	6.249276796976726e-06
11266.0	15.0	1.0	0.0	4.0122254689534504e-05
11281.0	15.0	1.0	0.0	3.562886714934649e-05
11296.0	15.0	1.0	0.0	0.00021875457763668378
11311.0	15.0	1.0	0.0	0.0004233026186624733
11326.0	15.0	1.0	0.0	0.0007948759714761866
11341.0	15.0	1.0	0.0	0.0010685307820637467
11356.0	15.0	1.0	0.0	0.0007300679524739066
11371.0	15.0	1.0	0.0	0.0003908996582030734
11386.0	15.0	1.0	0.0	0.00033210932413731993
11401.0	15.0	1.0	0.0	0.0006166791280110133
11416.0	15.0	1.0	0.0	0.0003002578735351133
11431.0	15.0	1.0	0.0	0.00036240844726558665
11446.0	15.0	1.0	0.0	0.00025246582031245994
11461.0	15.0	1.0	0.0	0.00013057657877599458
11476.0	15.0	1.0	0.0	6.011301676432292e-05
11491.0	15.0	1.0	0.0	3.736114501953126e-05
11506.0	15.0	1.0	0.0	2.1920776367187498e-05
11521.0	15.0	1.0	0.0	1.4395141601562502e-05
11536.0	15.0	1.0	0.0	1.053482194741567e-05
11551.0	15.0	1.0	0.0	8.732542395591737e-06
11566.0	15.0	1.0	0.0	4.060133298237116e-05
11581.0	15.0	1.0	0.0	7.83762534459432e-06
11596.0	15.0	1.0	0.0	5.826218922932943e-06
11611.0	15.0	1.0	0.0	8.4716502825406e-05
11626.0	15.0	1.0	0.0	0.0001018416245778258
11641.0	15.0	1.0	0.0	0.00035592699050899807
11656.0	15.0	1.0	0.0	0.0005419448852538666
11671.0	15.0	1.0	0.0	0.0018815600077310669
11686.0	15.0	1.0	0.0	0.0028879554748534667
11701.0	15.0	1.0	0.0	0.004709279378255154
11716.0	15.0	1.0	0.0	0.002924961344401006
11731.0	15.0	1.0	0.0	0.0028860565185546343
11746.0	15.0	1.0	0.0	0.001257087198893187
11761.0	15.0	1.0	0.0	0.0018348999023437068
11776.0	15.0	1.0	0.0	0.0011705586751301733
11791.0	15.0	1.0	0.0	0.0003933776855468267
11806.0	15.0	1.0	0.0	0.00017990926106766669
11821.0	15.0	1.0	0.0	0.00013398030598955334
11836.0	15.0	1.0	0.0	8.635050455728835e-05
11851.0	15.0	1.0	0.0	4.586995442708332e-05
11866.0	15.0	1.0	0.0	2.6586914062500003e-05
11881.0	15.0	1.0	0.0	1.7618815104166668e-05
11896.0	15.0	1.0	0.0	1.2267648180325826e-05
11911.0	15.0	1.0	0.0	8.942512671152748e-06
11926.0	15.0	1.0	0.0	6.95074498653412e-06
11941.0	15.0	1.0	0.0	0.00027382028897599323
11956.0	15.0	1.0	0.0	8.624331156411669e-05
11971.0	15.0	1.0	0.0	5.847431818643586e-05
11986.0	15.0	1.0	0.0	0.00036640688578285646
12001.0	15.0	1.0	0.0	0.00031968530019119335
12016.0	15.0	1.0	0.0	0.00046133054097489333
12031.0	15.0	1.0	0.0	0.0010274536132812
12046.0	15.0	1.0	0.0	0.0025201510111490335
12061.0	15.0	1.0	0.0	0.0024851094563801664
12076.0	15.0	1.0	0.0	0.0013779617309569933
12091.0	15.0	1.0	0.0	0.0016090779622395335
12106.0	15.0	1.0	0.0	0.00158984171549474
12121.0	15.0	1.0	0.0	0.0015856140136718331
12136.0	15.0	1.0	0.0	0.0004926625569661067
12151.0	15.0	1.0	0.0	0.00020946146647130666
12166.0	15.0	1.0	0.0	0.00015876668294267332
12181.0	15.0	1.0	0.0	0.00012070210774735916
12196.0	15.0	1.0	0.0	7.441202799479167e-05
12211.0	15.0	1.0	0.0	3.8784790039062504e-05
12226.0	15.0	1.0	0.0	2.2735595703124996e-05
12241.0	15.0	1.0	0.0	1.4893595377604163e-05
12256.0	15.0	1.0	0.0	1.0513110707203546e-05
12271.0	15.0	1.0	0.0	8.072157949209213e-06
12286.0	15.0	1.0	0.0	3.249784310658413e-05
12301.0	15.0	1.0	0.0	6.3571174939473465e-06
12316.0	15.0	1.0	0.0	1.918065945306874e-05
12331.0	15.0	1.0	0.0	0.0001939516305923226
12346.0	15.0	1.0	0.0	0.0005928320725758334
12361.0	15.0	1.0	0.0	0.0002586130777994267
12376.0	15.0	1.0	0.0	0.0001821325937906267
12391.0	15.0	1.0	0.0	0.00032126464843746
12406.0	15.0	1.0	0.0	0.0015798692067463599
12421.0	15.0	1.0	0.0	0.0012937510172525534
12436.0	15.0	1.0	0.0	0.0023684661865233866
12451.0	15.0	1.0	0.0	0.0020874140421549064
12466.0	15.0	1.0	0.0	0.0014367553710937068
12481.0	15.0	1.0	0.0	0.0018794545491535998
12496.0	15.0	1.0	0.0	0.0007584798177082866
12511.0	15.0	1.0	0.0	0.0004367055257161
12526.0	15.0	1.0	0.0	0.0003274729410806867
12541.0	15.0	1.0	0.0	0.00016987711588537335
12556.0	15.0	1.0	0.0	8.275553385415917e-05
12571.0	15.0	1.0	0.0	4.2215983072916666e-05
12586.0	15.0	1.0	0.0	2.5555419921875e-05
12601.0	15.0	1.0	0.0	1.6842651367187502e-05
12616.0	15.0	1.0	0.0	1.1778767903645834e-05
12631.0	15.0	1.0	0.0	9.428710738817852e-06
12646.0	15.0	1.0	0.0	3.245997130870439e-05
12661.0	15.0	1.0	0.0	6.835325558980306e-06
12676.0	15.0	1.0	0.0	1.4968593915303545e-05
12691.0	15.0	1.0	0.0	6.8326179186493e-05
12706.0	15.0	1.0	0.0	0.00015753629207607153
12721.0	15.0	1.0	0.0	0.00093277425765986
12736.0	15.0	1.0	0.0	0.0018869775136311395
12751.0	15.0	1.0	0.0	0.0034041702270507395
12766.0	15.0	1.0	0.0	0.0020172220865884733
12781.0	15.0	1.0	0.0	0.0008488062540689665
12796.0	15.0	1.0	0.0	0.0006540852864582933
12811.0	15.0	1.0	0.0	0.0019153422037760004
12826.0	15.0	1.0	0.0	0.002365853881835887
12841.0	15.0	1.0	0.0	0.00140661722819006
12856.0	15.0	1.0	0.0	0.0006394938151041134
12871.0	15.0	1.0	0.0	0.00034439392089838665
12886.0	15.0	1.0	0.0	0.00023155008951820664
12901.0	15.0	1.0	0.0	0.00010236918131508584
12916.0	15.0	1.0	0.0	5.909729003906248e-05
12931.0	15.0	1.0	0.0	4.7115071614578334e-05
12946.0	15.0	1.0	0.0	7.126871744790333e-05
12961.0	15.0	1.0	0.0	5.4278564453125006e-05
12976.0	15.0	1.0	0.0	3.074544270833333e-05
12991.0	15.0	1.0	0.0	8.262965778509187e-05
13006.0	15.0	1.0	0.0	2.6127568880716964e-05
13021.0	15.0	1.0	0.0	1.676179567972819e-05
13036.0	15.0	1.0	0.0	1.6072448094685873e-05
13051.0	15.0	1.0	0.0	2.8589407602945964e-05
13066.0	15.0	1.0	0.0	1.6712808609008787e-05
13081.0	15.0	1.0	0.0	2.4528153737386065e-05
13096.0	15.0	1.0	0.0	2.343875567118327e-05
13111.0	15.0	1.0	0.0	0.00032134445508316103
13126.0	15.0	1.0	0.0	0.00070202986399328
13141.0	15.0	1.0	0.0	0.0012559605916340735
13156.0	15.0	1.0	0.0	0.0009299331665038734
13171.0	15.0	1.0	0.0	0.0012289594014485265
13186.0	15.0	1.0	0.0	0.0011781809488931665
13201.0	15.0	1.0	0.0	0.0007347112019856334
13216.0	15.0	1.0	0.0	0.0005701828002929267
13231.0	15.0	1.0	0.0	0.0005945953369140201
13246.0	15.0	1.0	0.0	0.00058626098632808
13261.0	15.0	1.0	0.0	0.0003085057576496867
13276.0	15.0	1.0	0.0	0.0002416920979817266
13291.0	15.0	1.0	0.0	0.0002143575032551533
13306.0	15.0	1.0	0.0	0.00011616210937496418
13321.0	15.0	1.0	0.0	5.997924804687499e-05
13336.0	15.0	1.0	0.0	4.321695963541667e-05
13351.0	15.0	1.0	0.0	2.880221058924993e-05
13366.0	15.0	1.0	0.0	2.1026843289534253e-05
13381.0	15.0	1.0	0.0	1.619835694630941e-05
13396.0	15.0	1.0	0.0	1.2522220611572265e-05
13411.0	15.0	1.0	0.0	9.798073768615723e-06
13426.0	15.0	1.0	0.0	7.859174410502117e-06
13441.0	15.0	1.0	0.0	0.00017287579377489237
13456.0	15.0	1.0	0.0	0.00011084101994830935
13471.0	15.0	1.0	0.0	0.00018612429300939333
13486.0	15.0	1.0	0.0	0.0004460440317789266
13501.0	15.0	1.0	0.0	0.0012624929428100068
13516.0	15.0	1.0	0.0	0.0024934102376301466
13531.0	15.0	1.0	0.0	0.0022403396606444797
13546.0	15.0	1.0	0.0	0.0023811426798502
13561.0	15.0	1.0	0.0	0.0017391906738280802
13576.0	15.0	1.0	0.0	0.00176769002278642
13591.0	15.0	1.0	0.0	0.0015903340657551599
13606.0	15.0	1.0	0.0	0.0005366058349608801
13621.0	15.0	1.0	0.0	0.0002013783772786
13636.0	15.0	1.0	0.0	0.00012142028808590503
13651.0	15.0	1.0	0.0	7.335917154947917e-05
13666.0	15.0	1.0	0.0	4.424947102864584e-05
13681.0	15.0	1.0	0.0	2.689921061197917e-05
13696.0	15.0	1.0	0.0	1.9213867187500005e-05
13711.0	15.0	1.0	0.0	1.2941487630208333e-05
13726.0	15.0	1.0	0.0	9.545888503392538e-06
13741.0	15.0	1.0	0.0	7.306414842605591e-06
13756.0	15.0	1.0	0.0	5.769972006479898e-06
13771.0	15.0	1.0	0.0	0.0001771539608637187
13786.0	15.0	1.0	0.0	2.3884137471516928e-05
13801.0	15.0	1.0	0.0	0.00011061557133989573
13816.0	15.0	1.0	0.0	0.00038585332234694007
13831.0	15.0	1.0	0.0	0.0007685966491698799
13846.0	15.0	1.0	0.0	0.0013728738149006603
13861.0	15.0	1.0	0.0	0.003799081929524707
13876.0	15.0	1.0	0.0	0.0036513198852538673
13891.0	15.0	1.0	0.0	0.002351950073242153
13906.0	15.0	1.0	0.0	0.0013482788085937198
13921.0	15.0	1.0	0.0	0.0014260599772135001
13936.0	15.0	1.0	0.0	0.0024462432861327727
13951.0	15.0	1.0	0.0	0.002439093017578073
13966.0	15.0	1.0	0.0	0.0019168701171874733
13981.0	15.0	1.0	0.0	0.0014988810221353936
13996.0	15.0	1.0	0.0	0.0004974060058593467
14011.0	15.0	1.0	0.0	0.00020659993489579334
14026.0	15.0	1.0	0.0	8.683675130207834e-05
14041.0	15.0	1.0	0.0	4.4541422526041654e-05
14056.0	15.0	1.0	0.0	0.00011476440429686499
14071.0	15.0	1.0	0.0	2.847493489583333e-05
14086.0	15.0	1.0	0.0	4.242721696694192e-05
14101.0	15.0	1.0	0.0	2.052964468797048e-05
14116.0	15.0	1.0	0.0	1.52671217918396e-05
14131.0	15.0	1.0	0.0	1.3238187630971272e-05
14146.0	15.0	1.0	0.0	3.578738768894785e-05
14161.0	15.0	1.0	0.0	0.00010691542625424482
14176.0	15.0	1.0	0.0	0.00037533914248145305
14191.0	15.0	1.0	0.0	0.0011788231531778535
14206.0	15.0	1.0	0.0	0.002336753590901653
14221.0	15.0	1.0	0.0	0.0018553370157877067
14236.0	15.0	1.0	0.0	0.0033410746256510005
14251.0	15.0	1.0	0.0	0.0036456349690754735
14266.0	15.0	1.0	0.0	0.0023276021321614005
14281.0	15.0	1.0	0.0	0.0014126230875650468
14296.0	15.0	1.0	0.0	0.00175213012695308
14311.0	15.0	1.0	0.0	0.0017674092610676666
14326.0	15.0	1.0	0.0	0.0008451131184895398
14341.0	15.0	1.0	0.0	0.0008204203287760065
14356.0	15.0	1.0	0.0	0.00045195312499996
14371.0	15.0	1.0	0.0	0.00025290934244788006
14386.0	15.0	1.0	0.0	0.00011478678385415
14401.0	15.0	1.0	0.0	6.656087239583333e-05
14416.0	15.0	1.0	0.0	4.2889404296875006e-05
14431.0	15.0	1.0	0.0	3.1144205729166665e-05
14446.0	15.0	1.0	0.0	1.9686685999234517e-05
14461.0	15.0	1.0	0.0	1.4115489522616068e-05
14476.0	15.0	1.0	0.0	1.0352150599161785e-05
14491.0	15.0	1.0	0.0	8.536950747172038e-06
14506.0	15.0	1.0	0.0	8.009664217631022e-06
14521.0	15.0	1.0	0.0	1.2207229932149252e-05
14536.0	15.0	1.0	0.0	0.00034109259446456664
14551.0	15.0	1.0	0.0	0.0005623754501342334
14566.0	15.0	1.0	0.0	0.0004837875366210467
14581.0	15.0	1.0	0.0	0.00201692644755042
14596.0	15.0	1.0	0.0	0.0013285413106282134
14611.0	15.0	1.0	0.0	0.00070155893961584
14626.0	15.0	1.0	0.0	0.002146613057454373
14641.0	15.0	1.0	0.0	0.0017477905273437064
14656.0	15.0	1.0	0.0	0.001342663574218713
14671.0	15.0	1.0	0.0	0.0014561716715494402
14686.0	15.0	1.0	0.0	0.0010354777018228667
14701.0	15.0	1.0	0.0	0.00031612854003902006
14716.0	15.0	1.0	0.0	0.00021971537272130664
14731.0	15.0	1.0	0.0	0.0002176930745442333
14746.0	15.0	1.0	0.0	0.0001555094401041333
14761.0	15.0	1.0	0.0	8.803812662759749e-05
14776.0	15.0	1.0	0.0	5.5056762695312494e-05
14791.0	15.0	1.0	0.0	4.9097696940101666e-05
14806.0	15.0	1.0	0.0	3.0133056640624998e-05
14821.0	15.0	1.0	0.0	1.9682008028030398e-05
14836.0	15.0	1.0	0.0	1.3852320114771527e-05
14851.0	15.0	1.0	0.0	1.0679614543914794e-05
14866.0	15.0	1.0	0.0	8.160734176635744e-06
14881.0	15.0	1.0	0.0	6.6483855247497565e-06
14896.0	15.0	1.0	0.0	5.0169706344604314e-05
14911.0	15.0	1.0	0.0	8.120888074238287e-05
14926.0	15.0	1.0	0.0	0.0004305709838866807
14941.0	15.0	1.0	0.0	0.0006635291417439267
14956.0	15.0	1.0	0.0	0.0012190598805745002
14971.0	15.0	1.0	0.0	0.0011599075317382265
14986.0	15.0	1.0	0.0	0.0006609830220539933
15001.0	15.0	1.0	0.0	0.001241530863443973
15016.0	15.0	1.0	0.0	0.0009863169352213065
15031.0	15.0	1.0	0.0	0.00102814432779944
15046.0	15.0	1.0	0.0	0.0006713251749674066
15061.0	15.0	1.0	0.0	0.00025627695719398
15076.0	15.0	1.0	0.0	0.00013607788085934002
15091.0	15.0	1.0	0.0	8.667805989582583e-05
15106.0	15.0	1.0	0.0	5.167338053385417e-05
15121.0	15.0	1.0	0.0	3.448282877604167e-05
15136.0	15.0	1.0	0.0	2.191162109375e-05
15151.0	15.0	1.0	0.0	1.7633056640625003e-05
15166.0	15.0	1.0	0.0	1.1683146158854166e-05
15181.0	15.0	1.0	0.0	5.516326427458845e-05
15196.0	15.0	1.0	0.0	1.0222367445627849e-05
15211.0	15.0	1.0	0.0	7.483820120493572e-06
15226.0	15.0	1.0	0.0	6.010611852010091e-06
15241.0	15.0	1.0	0.0	5.090761184692384e-06
15256.0	15.0	1.0	0.0	0.00042283751964565335
15271.0	15.0	1.0	0.0	0.0004216733296711867
15286.0	15.0	1.0	0.0	0.00029996325174962667
15301.0	15.0	1.0	0.0	0.0009008853912352934
15316.0	15.0	1.0	0.0	0.0011505275726317933
15331.0	15.0	1.0	0.0	0.0008393201192219598
15346.0	15.0	1.0	0.0	0.0005394681294758734
15361.0	15.0	1.0	0.0	0.00067291768391922
15376.0	15.0	1.0	0.0	0.00234659881591792
15391.0	15.0	1.0	0.0	0.0017558553059895266
15406.0	15.0	1.0	0.0	0.0013869059244791399
15421.0	15.0	1.0	0.0	0.0011526194254556866
15436.0	15.0	1.0	0.0	0.0004664550781249599
15451.0	15.0	1.0	0.0	0.0003161712646483934
15466.0	15.0	1.0	0.0	0.0003280019124348533
15481.0	15.0	1.0	0.0	0.00031292215983068
15496.0	15.0	1.0	0.0	0.00016758321126297333
15511.0	15.0	1.0	0.0	7.467549641926668e-05
15526.0	15.0	1.0	0.0	0.00013424072265624584
15541.0	15.0	1.0	0.0	7.314065694808042e-05
15556.0	15.0	1.0	0.0	7.043301661808735e-05
15571.0	15.0	1.0	0.0	3.5930188496907546e-05
15586.0	15.0	1.0	0.0	2.180257638295491e-05
15601.0	15.0	1.0	0.0	1.6272974014282226e-05
15616.0	15.0	1.0	0.0	4.831865628559993e-05
15631.0	15.0	1.0	0.0	8.043279647825285e-05
15646.0	15.0	1.0	0.0	4.804534912109375e-05
15661.0	15.0	1.0	0.0	0.00028205970128374774
15676.0	15.0	1.0	0.0	0.0012915994644164465
15691.0	15.0	1.0	0.0	0.0007253428141275601
15706.0	15.0	1.0	0.0	0.0012960108439127134
15721.0	15.0	1.0	0.0	0.0007859410603840735
15736.0	15.0	1.0	0.0	0.00048766428629552663
15751.0	15.0	1.0	0.0	0.0011425252278645201
15766.0	15.0	1.0	0.0	0.0012514205932616666
15781.0	15.0	1.0	0.0	0.001702684020996053
15796.0	15.0	1.0	0.0	0.0010369364420572602
15811.0	15.0	1.0	0.0	0.0011178883870442335
15826.0	15.0	1.0	0.0	0.0006378845214843268
15841.0	15.0	1.0	0.0	0.00031886901855464
15856.0	15.0	1.0	0.0	0.0001236419677733992
15871.0	15.0	1.0	0.0	6.157938639322917e-05
15886.0	15.0	1.0	0.0	3.619588216145833e-05
15901.0	15.0	1.0	0.0	2.2823079427083334e-05
15916.0	15.0	1.0	0.0	1.93437139193217e-05
15931.0	15.0	1.0	0.0	1.1964350938796999e-05
15946.0	15.0	1.0	0.0	9.069238106409707e-06
15961.0	15.0	1.0	0.0	4.975653886794403e-05
15976.0	15.0	1.0	0.0	3.3606775601698565e-05
15991.0	15.0	1.0	0.0	0.0001720838149388223
16006.0	15.0	1.0	0.0	0.0003250757217406666
16021.0	15.0	1.0	0.0	0.00014000339508051998
16036.0	15.0	1.0	0.0	0.00020534667968744667
16051.0	15.0	1.0	0.0	0.0003172378540038601
16066.0	15.0	1.0	0.0	0.0005442705790201268
16081.0	15.0	1.0	0.0	0.0024769735972086137
16096.0	15.0	1.0	0.0	0.0010885442097981334
16111.0	15.0	1.0	0.0	0.0006333852132161
16126.0	15.0	1.0	0.0	0.0004429779052733867
16141.0	15.0	1.0	0.0	0.0005633743286132399
16156.0	15.0	1.0	0.0	0.0004957911173502133
16171.0	15.0	1.0	0.0	0.0002589279174804133
16186.0	15.0	1.0	0.0	0.00014949900309240002
16201.0	15.0	1.0	0.0	0.00010284729003903252
16216.0	15.0	1.0	0.0	6.0145060221354156e-05
16231.0	15.0	1.0	0.0	6.000620524087872e-05
16246.0	15.0	1.0	0.0	2.9633076985677082e-05
16261.0	15.0	1.0	0.0	1.9737752278645835e-05
16276.0	15.0	1.0	0.0	1.3566657900810243e-05
16291.0	15.0	1.0	0.0	9.750831127166748e-06
16306.0	15.0	1.0	0.0	1.751688818136851e-05
16321.0	15.0	1.0	0.0	6.076312263806079e-05
16336.0	15.0	1.0	0.0	0.00029763139088945164
16351.0	15.0	1.0	0.0	9.339650472002762e-05
16366.0	15.0	1.0	0.0	0.00013815062840777373
16381.0	15.0	1.0	0.0	0.00064539394378658
16396.0	15.0	1.0	0.0	0.0012439790089924531
16411.0	15.0	1.0	0.0	0.00250318323771154
16426.0	15.0	1.0	0.0	0.0025516123453775534
16441.0	15.0	1.0	0.0	0.0035124099731444806
16456.0	15.0	1.0	0.0	0.002631825764973907
16471.0	15.0	1.0	0.0	0.0022878631591796528
16486.0	15.0	1.0	0.0	0.00286602071126298
16501.0	15.0	1.0	0.0	0.002118680826822873
16516.0	15.0	1.0	0.0	0.0010225138346353733
16531.0	15.0	1.0	0.0	0.0005452270507812133
16546.0	15.0	1.0	0.0	0.0003669576009114067
16561.0	15.0	1.0	0.0	0.00015111490885412663
16576.0	15.0	1.0	0.0	7.182617187499999e-05
16591.0	15.0	1.0	0.0	3.9587402343750004e-05
16606.0	15.0	1.0	0.0	2.6196289062499998e-05
16621.0	15.0	1.0	0.0	1.7041015625000004e-05
16636.0	15.0	1.0	0.0	1.2033256888389585e-05
16651.0	15.0	1.0	0.0	8.970575531323753e-06
16666.0	15.0	1.0	0.0	6.8018058935801175e-06
16681.0	15.0	1.0	0.0	5.443330605824788e-06
16696.0	15.0	1.0	0.0	1.005000074704488e-05
16711.0	15.0	1.0	0.0	3.726910551388966e-05
16726.0	15.0	1.0	0.0	0.00012204497655230363
16741.0	15.0	1.0	0.0	0.00017325015068049636
16756.0	15.0	1.0	0.0	0.00025781141916906
16771.0	15.0	1.0	0.0	0.0004895523071288534
16786.0	15.0	1.0	0.0	0.0003991549173990333
16801.0	15.0	1.0	0.0	0.0006836430867512466
16816.0	15.0	1.0	0.0	0.0020534894307453933
16831.0	15.0	1.0	0.0	0.0021464869181314667
16846.0	15.0	1.0	0.0	0.0013792312622069865
16861.0	15.0	1.0	0.0	0.0008149770100910931
16876.0	15.0	1.0	0.0	0.0005759033203124599
16891.0	15.0	1.0	0.0	0.0007166920979817333
16906.0	15.0	1.0	0.0	0.0014374593098957866
16921.0	15.0	1.0	0.0	0.0007461476643879733
16936.0	15.0	1.0	0.0	0.00035371805826818015
16951.0	15.0	1.0	0.0	0.00013373819986976416
16966.0	15.0	1.0	0.0	6.748250325520833e-05
16981.0	15.0	1.0	0.0	4.294738769531249e-05
16996.0	15.0	1.0	0.0	2.591349283854166e-05
17011.0	15.0	1.0	0.0	2.1217054128646854e-05
17026.0	15.0	1.0	0.0	8.137166301408555e-05
17041.0	15.0	1.0	0.0	2.3055648803710933e-05
17056.0	15.0	1.0	0.0	1.2886675198872888e-05
17071.0	15.0	1.0	0.0	9.731523195902508e-06
17086.0	15.0	1.0	0.0	9.449243545532227e-06
17101.0	15.0	1.0	0.0	9.609254201253255e-06
17116.0	15.0	1.0	0.0	3.2376766204833985e-05
17131.0	15.0	1.0	0.0	0.0002931055227914994
17146.0	15.0	1.0	0.0	0.0007830545743306002
17161.0	15.0	1.0	0.0	0.0005395272572834867
17176.0	15.0	1.0	0.0	0.001025160217285113
17191.0	15.0	1.0	0.0	0.0021142957051594664
17206.0	15.0	1.0	0.0	0.0014138905843098667
17221.0	15.0	1.0	0.0	0.0012224833170572532
17236.0	15.0	1.0	0.0	0.0018228576660155732
17251.0	15.0	1.0	0.0	0.0020878122965494266
17266.0	15.0	1.0	0.0	0.00066364949544266
17281.0	15.0	1.0	0.0	0.0001990305582681867
17296.0	15.0	1.0	0.0	8.349914550780669e-05
17311.0	15.0	1.0	0.0	4.546305338541666e-05
17326.0	15.0	1.0	0.0	4.099527994791499e-05
17341.0	15.0	1.0	0.0	2.19024658203125e-05
17356.0	15.0	1.0	0.0	0.00016612141927082585
17371.0	15.0	1.0	0.0	2.370656927426656e-05
17386.0	15.0	1.0	0.0	1.5130205949147543e-05
17401.0	15.0	1.0	0.0	1.0309839248657226e-05
17416.0	15.0	1.0	0.0	7.550953030585534e-05
17431.0	15.0	1.0	0.0	5.13455629348705e-05
17446.0	15.0	1.0	0.0	0.0005736828804015667
17461.0	15.0	1.0	0.0	0.00038976650238032
17476.0	15.0	1.0	0.0	0.0002799750010172066
17491.0	15.0	1.0	0.0	0.0005810798645019068
17506.0	15.0	1.0	0.0	0.0010647429148355665
17521.0	15.0	1.0	0.0	0.0014620343526204
17536.0	15.0	1.0	0.0	0.0023887166341145264
17551.0	15.0	1.0	0.0	0.0031064336140950066
17566.0	15.0	1.0	0.0	0.0014206471761067268
17581.0	15.0	1.0	0.0	0.0016168243408202735
17596.0	15.0	1.0	0.0	0.0012130544026692398
17611.0	15.0	1.0	0.0	0.00042778116861974665
17626.0	15.0	1.0	0.0	0.00025680847167964665
17641.0	15.0	1.0	0.0	0.00026201680501297333
17656.0	15.0	1.0	0.0	0.0001463083902994333
17671.0	15.0	1.0	0.0	8.29905192057275e-05
17686.0	15.0	1.0	0.0	5.1425170898437515e-05
17701.0	15.0	1.0	0.0	3.236185709635417e-05
17716.0	15.0	1.0	0.0	2.111612955729167e-05
17731.0	15.0	1.0	0.0	1.4057147627075513e-05
17746.0	15.0	1.0	0.0	1.0480605438351632e-05
17761.0	15.0	1.0	0.0	8.924842874209088e-06
17776.0	15.0	1.0	0.0	3.3825361728668214e-05
17791.0	15.0	1.0	0.0	1.1814415454864505e-05
17806.0	15.0	1.0	0.0	4.217202663420848e-05
17821.0	15.0	1.0	0.0	0.00017206517060594888
17836.0	15.0	1.0	0.0	3.8001060485839845e-05
17851.0	15.0	1.0	0.0	0.0004320333798725894
17866.0	15.0	1.0	0.0	0.00026451880137121336
17881.0	15.0	1.0	0.0	0.00110867678324376
17896.0	15.0	1.0	0.0	0.002102432632446227
17911.0	15.0	1.0	0.0	0.0019423016866047733
17926.0	15.0	1.0	0.0	0.0034394531249999473
17941.0	15.0	1.0	0.0	0.0028240997314452738
17956.0	15.0	1.0	0.0	0.0016219258626301665
17971.0	15.0	1.0	0.0	0.00060823160807286
17986.0	15.0	1.0	0.0	0.0004775421142577801
18001.0	15.0	1.0	0.0	0.0003419891357421467
18016.0	15.0	1.0	0.0	0.00026391194661454
18031.0	15.0	1.0	0.0	0.00012294921874997415
18046.0	15.0	1.0	0.0	5.425008138020833e-05
18061.0	15.0	1.0	0.0	3.5325113932291666e-05
18076.0	15.0	1.0	0.0	0.00014284667968748665
18091.0	15.0	1.0	0.0	2.289937337239583e-05
18106.0	15.0	1.0	0.0	0.00018943314428128633
18121.0	15.0	1.0	0.0	0.0002306530475616254
18136.0	15.0	1.0	0.0	7.21899350484129e-05
18151.0	15.0	1.0	0.0	3.3569844563802076e-05
18166.0	15.0	1.0	0.0	4.0087509155273435e-05
18181.0	15.0	1.0	0.0	0.00014644571940101596
18196.0	15.0	1.0	0.0	0.00019896125793454202
18211.0	15.0	1.0	0.0	0.00021129976908360664
18226.0	15.0	1.0	0.0	0.0007706998189289933
18241.0	15.0	1.0	0.0	0.0019422467549641334
18256.0	7.0	1.0	0.0	0.0033587597438267
