stress_period	sp_length	time_step	study (0 : TS or 1 : SS)	rech
0.0	1.0	1.0	1.0	0.0005824304435624557
1.0	125.0	1.0	0.0	0.0014001884002685107
126.0	125.0	1.0	0.0	3.066834688186576e-05
251.0	125.0	1.0	0.0	0.00039647819852826823
376.0	125.0	1.0	0.0	0.0014284252319335478
501.0	125.0	1.0	0.0	4.973312497138208e-05
626.0	125.0	1.0	0.0	0.0008639119555949828
751.0	125.0	1.0	0.0	0.0010847901000976235
876.0	125.0	1.0	0.0	1.6159009933471677e-05
1001.0	125.0	1.0	0.0	0.0011197430896758684
1126.0	125.0	1.0	0.0	0.0007927917480468386
1251.0	125.0	1.0	0.0	1.8075943470001223e-05
1376.0	125.0	1.0	0.0	0.0009994698939322976
1501.0	125.0	1.0	0.0	0.0008886040649413731
1626.0	125.0	1.0	0.0	1.9042778015136716e-05
1751.0	125.0	1.0	0.0	0.0010576105422973184
1876.0	125.0	1.0	0.0	0.0005981463623046573
2001.0	125.0	1.0	0.0	2.4375499725338397e-05
2126.0	125.0	1.0	0.0	0.0006662202644347671
2251.0	125.0	1.0	0.0	0.0002797171630859172
2376.0	125.0	1.0	0.0	1.3622524261474012e-05
2501.0	125.0	1.0	0.0	0.0003606968727111619
2626.0	125.0	1.0	0.0	0.00016253338623044647
2751.0	125.0	1.0	0.0	2.3844917297359535e-05
2876.0	125.0	1.0	0.0	0.0011446618576049373
3001.0	125.0	1.0	0.0	0.00040904187011715987
3126.0	125.0	1.0	0.0	6.179405975340884e-05
3251.0	125.0	1.0	0.0	0.0012288299636840341
3376.0	125.0	1.0	0.0	0.0003282946606576209
3501.0	125.0	1.0	0.0	0.00011207015410064245
3626.0	125.0	1.0	0.0	0.0011335297164916517
3751.0	125.0	1.0	0.0	0.00010274393540619356
3876.0	125.0	1.0	0.0	7.649825972317374e-05
4001.0	125.0	1.0	0.0	0.001824851066589315
4126.0	125.0	1.0	0.0	0.00011150920581816348
4251.0	125.0	1.0	0.0	0.0003456831464767275
4376.0	125.0	1.0	0.0	0.0014146588439940975
4501.0	125.0	1.0	0.0	0.0004322181553840474
4626.0	125.0	1.0	0.0	0.00018949514722822516
4751.0	125.0	1.0	0.0	0.001277445999145463
4876.0	125.0	1.0	0.0	4.8334367752068586e-05
5001.0	125.0	1.0	0.0	0.0002750460338592286
5126.0	125.0	1.0	0.0	0.0015963936462401848
5251.0	125.0	1.0	0.0	2.2296087741851797e-05
5376.0	125.0	1.0	0.0	0.0002509948821067663
5501.0	125.0	1.0	0.0	0.0015141873016357064
5626.0	125.0	1.0	0.0	1.9669707775115972e-05
5751.0	125.0	1.0	0.0	0.00048276318407055897
5876.0	125.0	1.0	0.0	0.0015389206237792577
6001.0	125.0	1.0	0.0	2.4357483863830565e-05
6126.0	125.0	1.0	0.0	0.0008950556631087843
6251.0	125.0	1.0	0.0	0.0010863618774413662
6376.0	125.0	1.0	0.0	1.7388432025909425e-05
6501.0	125.0	1.0	0.0	0.000985521907329513
6626.0	125.0	1.0	0.0	0.0005494614868163677
6751.0	125.0	1.0	0.0	1.4373207092285152e-05
6876.0	125.0	1.0	0.0	0.0013979665145873671
7001.0	125.0	1.0	0.0	0.0011781605224609045
7126.0	125.0	1.0	0.0	5.33586692810029e-05
7251.0	125.0	1.0	0.0	0.0016673824195861367
7376.0	125.0	1.0	0.0	0.0008644522705077872
7501.0	125.0	1.0	0.0	1.0063068866729734e-05
7626.0	125.0	1.0	0.0	0.0014501162524222972
7751.0	125.0	1.0	0.0	0.0005001214599609124
7876.0	125.0	1.0	0.0	2.1411558151244497e-05
8001.0	125.0	1.0	0.0	0.001019853578567463
8126.0	125.0	1.0	0.0	0.0002453004985153426
8251.0	125.0	1.0	0.0	0.0001519404987990737
8376.0	125.0	1.0	0.0	0.0011058724060058125
8501.0	125.0	1.0	0.0	0.0001319146375655936
8626.0	125.0	1.0	0.0	0.00018655423450467847
8751.0	125.0	1.0	0.0	0.0013224042968749562
8876.0	125.0	1.0	0.0	5.4405004620543834e-05
9001.0	125.0	1.0	0.0	0.0003645618532895861
9126.0	125.0	1.0	0.0	0.0025015896606444847
9251.0	125.0	1.0	0.0	0.00012345236515997438
9376.0	125.0	1.0	0.0	0.0008742773101329483
9501.0	125.0	1.0	0.0	0.0017346221313476145
9626.0	125.0	1.0	0.0	0.0001655376811027393
9751.0	125.0	1.0	0.0	0.0002667817158698789
9876.0	125.0	1.0	0.0	0.0003066489257812214
10001.0	125.0	1.0	0.0	1.8991988897323524e-05
10126.0	125.0	1.0	0.0	0.0002450601656436732
10251.0	125.0	1.0	0.0	0.0010738252868651872
10376.0	125.0	1.0	0.0	2.359275055676699e-05
10501.0	125.0	1.0	0.0	0.00043370604705808254
10626.0	125.0	1.0	0.0	0.0003409212341308184
10751.0	125.0	1.0	0.0	1.3552702903747556e-05
10876.0	125.0	1.0	0.0	0.0005435279855727868
11001.0	125.0	1.0	0.0	0.0012628453369140256
11126.0	125.0	1.0	0.0	1.8379455566406252e-05
11251.0	125.0	1.0	0.0	0.000896945312499963
11376.0	125.0	1.0	0.0	0.0004076123657226261
11501.0	125.0	1.0	0.0	1.5624597549437416e-05
11626.0	125.0	1.0	0.0	0.001158802770614587
11751.0	125.0	1.0	0.0	0.00041685803222653756
11876.0	125.0	1.0	0.0	2.638722801208103e-05
12001.0	125.0	1.0	0.0	0.000834355508804274
12126.0	125.0	1.0	0.0	0.0004519430541991943
12251.0	125.0	1.0	0.0	8.430264949798584e-06
12376.0	125.0	1.0	0.0	0.000713257418155633
12501.0	125.0	1.0	0.0	0.0005143661499023189
12626.0	125.0	1.0	0.0	8.746836090086576e-05
12751.0	125.0	1.0	0.0	0.002320599143981887
12876.0	125.0	1.0	0.0	0.0001714017258882321
13001.0	125.0	1.0	0.0	0.00027824796283243495
13126.0	125.0	1.0	0.0	0.0023943266296386286
13251.0	125.0	1.0	0.0	0.0002166958482265305
13376.0	125.0	1.0	0.0	0.00015571333146093826
13501.0	125.0	1.0	0.0	0.001661088012695265
13626.0	125.0	1.0	0.0	0.00012701174688337392
13751.0	125.0	1.0	0.0	8.511738061904025e-05
13876.0	125.0	1.0	0.0	0.0007797983016967297
14001.0	125.0	1.0	0.0	4.107602691649955e-05
14126.0	125.0	1.0	0.0	5.0372554779047075e-05
14251.0	125.0	1.0	0.0	0.0008069543724059569
14376.0	125.0	1.0	0.0	4.0164924621576966e-05
14501.0	125.0	1.0	0.0	0.0004969731674194067
14626.0	125.0	1.0	0.0	0.001864354095458941
14751.0	125.0	1.0	0.0	9.359574747084649e-05
14876.0	125.0	1.0	0.0	0.0005268291792869319
15001.0	125.0	1.0	0.0	0.0011604554443358994
15126.0	125.0	1.0	0.0	2.872737741470036e-05
15251.0	125.0	1.0	0.0	0.0009368044829368234
15376.0	125.0	1.0	0.0	0.0011311145019530862
15501.0	125.0	1.0	0.0	3.364478015899406e-05
15626.0	125.0	1.0	0.0	0.001185094599723767
15751.0	125.0	1.0	0.0	0.0007379180908202823
15876.0	125.0	1.0	0.0	1.9268644332884695e-05
16001.0	125.0	1.0	0.0	0.000827372652053799
16126.0	125.0	1.0	0.0	0.00036555548095700176
16251.0	125.0	1.0	0.0	1.806541633605801e-05
16376.0	125.0	1.0	0.0	0.0011001483287810872
16501.0	125.0	1.0	0.0	0.000617782104492162
16626.0	125.0	1.0	0.0	3.902394485473254e-05
16751.0	125.0	1.0	0.0	0.0014104784965514685
16876.0	125.0	1.0	0.0	0.00010925024414061257
17001.0	125.0	1.0	0.0	1.3191790580748923e-05
17126.0	125.0	1.0	0.0	0.00104760154438014
17251.0	125.0	1.0	0.0	0.0003569206542968496
17376.0	125.0	1.0	0.0	3.606289672851142e-05
17501.0	125.0	1.0	0.0	0.0011985818786620624
17626.0	125.0	1.0	0.0	0.00042341981726882235
17751.0	125.0	1.0	0.0	6.12821709513575e-05
17876.0	125.0	1.0	0.0	0.000675468360900832
18001.0	125.0	1.0	0.0	4.911345791816053e-05
18126.0	125.0	1.0	0.0	0.00025066953158376867
18251.0	12.0	1.0	0.0	0.0014330809911091496
