stress_period	sp_length	time_step	study (0 : TS or 1 : SS)	rech
0.0	1.0	1.0	1.0	0.00034846473757450667
1.0	15.0	1.0	0.0	0.0015646804809569667
16.0	15.0	1.0	0.0	0.0009336471557616732
31.0	15.0	1.0	0.0	0.0010821935017903265
46.0	15.0	1.0	0.0	0.0007123657226562068
61.0	15.0	1.0	0.0	0.00039446258544916673
76.0	15.0	1.0	0.0	0.0002634765624999533
91.0	15.0	1.0	0.0	0.0002277547200520333
106.0	15.0	1.0	0.0	0.0001679626464843333
121.0	15.0	1.0	0.0	0.00013327636718746
136.0	15.0	1.0	0.0	0.00012172851562494665
151.0	15.0	1.0	0.0	7.93609619140625e-05
166.0	15.0	1.0	0.0	4.534403483072917e-05
181.0	15.0	1.0	0.0	7.298990885415084e-05
196.0	15.0	1.0	0.0	2.588297526041667e-05
211.0	15.0	1.0	0.0	2.0677316188812256e-05
226.0	15.0	1.0	0.0	1.4688376585642496e-05
241.0	15.0	1.0	0.0	1.9629752635955805e-05
256.0	15.0	1.0	0.0	1.1255423227945967e-05
271.0	15.0	1.0	0.0	0.00027820059061047945
286.0	15.0	1.0	0.0	0.0003373984654744245
301.0	15.0	1.0	0.0	9.176432291665198e-05
316.0	15.0	1.0	0.0	0.0011430618286132428
331.0	15.0	1.0	0.0	0.0019374364217122002
346.0	15.0	1.0	0.0	0.0014025011698404466
361.0	15.0	1.0	0.0	0.0010200566609700134
376.0	15.0	1.0	0.0	0.0016453089396158333
391.0	15.0	1.0	0.0	0.0012119166056314733
406.0	15.0	1.0	0.0	0.0012495819091796333
421.0	15.0	1.0	0.0	0.0005713043212890198
436.0	15.0	1.0	0.0	0.00037057189941403325
451.0	15.0	1.0	0.0	0.0003890096028645267
466.0	15.0	1.0	0.0	0.00030326944986976
481.0	15.0	1.0	0.0	0.00017252400716140666
496.0	15.0	1.0	0.0	0.00018650716145828002
511.0	15.0	1.0	0.0	0.00014238891601557336
526.0	15.0	1.0	0.0	9.804789225258167e-05
541.0	15.0	1.0	0.0	5.695902506510416e-05
556.0	15.0	1.0	0.0	3.450419108072917e-05
571.0	15.0	1.0	0.0	0.00023616229295728765
586.0	15.0	1.0	0.0	2.83420205116272e-05
601.0	15.0	1.0	0.0	2.040414015452067e-05
616.0	15.0	1.0	0.0	2.2814663251241047e-05
631.0	15.0	1.0	0.0	9.214198589324387e-05
646.0	15.0	1.0	0.0	0.0005258375008900334
661.0	15.0	1.0	0.0	0.0002509107589721067
676.0	15.0	1.0	0.0	0.00016582883199052002
691.0	15.0	1.0	0.0	0.0007554225921630468
706.0	15.0	1.0	0.0	0.0008551211039224867
721.0	15.0	1.0	0.0	0.0008548423767089333
736.0	15.0	1.0	0.0	0.00125697530110672
751.0	15.0	1.0	0.0	0.0008130366007486466
766.0	15.0	1.0	0.0	0.0006756937662760001
781.0	15.0	1.0	0.0	0.0006340270996093268
796.0	15.0	1.0	0.0	0.0006004155476887534
811.0	15.0	1.0	0.0	0.0005133875528970865
826.0	15.0	1.0	0.0	0.0004056996663410934
841.0	15.0	1.0	0.0	0.0003017405192056866
856.0	15.0	1.0	0.0	0.00021696065266924006
871.0	15.0	1.0	0.0	0.00012328084309891417
886.0	15.0	1.0	0.0	6.127522786458333e-05
901.0	15.0	1.0	0.0	3.8850911458333344e-05
916.0	15.0	1.0	0.0	2.3257446289062503e-05
931.0	15.0	1.0	0.0	0.0004016137381394517
946.0	15.0	1.0	0.0	6.28762384255691e-05
961.0	15.0	1.0	0.0	3.3805092175801604e-05
976.0	15.0	1.0	0.0	4.4381872812897946e-05
991.0	15.0	1.0	0.0	8.080439567564765e-05
1006.0	15.0	1.0	0.0	4.051631291707356e-05
1021.0	15.0	1.0	0.0	0.0003285938898721917
1036.0	15.0	1.0	0.0	0.00017224585215245655
1051.0	15.0	1.0	0.0	0.0005974979400634333
1066.0	15.0	1.0	0.0	0.0007357515970865466
1081.0	15.0	1.0	0.0	0.0017824838002522337
1096.0	15.0	1.0	0.0	0.002797519683837833
1111.0	15.0	1.0	0.0	0.0020413991292317266
1126.0	15.0	1.0	0.0	0.0008582183837890134
1141.0	15.0	1.0	0.0	0.0013518920898437199
1156.0	15.0	1.0	0.0	0.0016865885416666197
1171.0	15.0	1.0	0.0	0.0006757944742838199
1186.0	15.0	1.0	0.0	0.0002354166666666
1201.0	15.0	1.0	0.0	0.00010852457682288752
1216.0	15.0	1.0	0.0	6.764729817708334e-05
1231.0	15.0	1.0	0.0	4.630025227864585e-05
1246.0	15.0	1.0	0.0	3.198343912760416e-05
1261.0	15.0	1.0	0.0	3.159077962239584e-05
1276.0	15.0	1.0	0.0	1.6907755533854165e-05
1291.0	15.0	1.0	0.0	1.2281290690104166e-05
1306.0	15.0	1.0	0.0	1.081509292125702e-05
1321.0	15.0	1.0	0.0	1.204372743765513e-05
1336.0	15.0	1.0	0.0	9.93295907974243e-06
1351.0	15.0	1.0	0.0	5.243805448213483e-05
1366.0	15.0	1.0	0.0	0.00028725287914270665
1381.0	15.0	1.0	0.0	7.594610850015115e-05
1396.0	15.0	1.0	0.0	4.635464350382486e-05
1411.0	15.0	1.0	0.0	0.000289040247599251
1426.0	15.0	1.0	0.0	0.0003330785751342267
1441.0	15.0	1.0	0.0	0.0009772926330566067
1456.0	15.0	1.0	0.0	0.0009090691884358265
1471.0	15.0	1.0	0.0	0.0015484738667805602
1486.0	15.0	1.0	0.0	0.0010780349731444867
1501.0	15.0	1.0	0.0	0.0013212397257486399
1516.0	15.0	1.0	0.0	0.0011520736694335333
1531.0	15.0	1.0	0.0	0.0009185618082681868
1546.0	15.0	1.0	0.0	0.00061507161458328
1561.0	15.0	1.0	0.0	0.00040231526692704664
1576.0	15.0	1.0	0.0	0.00021302083333329995
1591.0	15.0	1.0	0.0	0.00010391031901039832
1606.0	15.0	1.0	0.0	6.369323730468751e-05
1621.0	15.0	1.0	0.0	3.874715169270834e-05
1636.0	15.0	1.0	0.0	2.9745483398437494e-05
1651.0	15.0	1.0	0.0	2.9058837890624998e-05
1666.0	15.0	1.0	0.0	1.677666654189428e-05
1681.0	15.0	1.0	0.0	1.3371247549851736e-05
1696.0	15.0	1.0	0.0	1.2465763092041016e-05
1711.0	15.0	1.0	0.0	1.8018515904744468e-05
1726.0	15.0	1.0	0.0	0.00028721263011292924
1741.0	15.0	1.0	0.0	0.00036884396870925327
1756.0	15.0	1.0	0.0	0.00019110183715815332
1771.0	15.0	1.0	0.0	0.00024221903483068
1786.0	15.0	1.0	0.0	0.0006372444152831534
1801.0	15.0	1.0	0.0	0.0003409300486246333
1816.0	15.0	1.0	0.0	0.0008350973765054868
1831.0	15.0	1.0	0.0	0.0008347518920897933
1846.0	15.0	1.0	0.0	0.0006251925150552933
1861.0	15.0	1.0	0.0	0.0005132212320963134
1876.0	15.0	1.0	0.0	0.00042192637125645997
1891.0	15.0	1.0	0.0	0.00032189992268876
1906.0	15.0	1.0	0.0	0.00043462778727208
1921.0	15.0	1.0	0.0	0.0005434560139973533
1936.0	15.0	1.0	0.0	0.00042141876220698016
1951.0	15.0	1.0	0.0	0.0001835205078124533
1966.0	15.0	1.0	0.0	9.929453531899625e-05
1981.0	15.0	1.0	0.0	5.752105712890624e-05
1996.0	15.0	1.0	0.0	3.602142333984375e-05
2011.0	15.0	1.0	0.0	3.296915690104166e-05
2026.0	15.0	1.0	0.0	1.723378164072832e-05
2041.0	15.0	1.0	0.0	1.2683466449379923e-05
2056.0	15.0	1.0	0.0	1.0291345914204915e-05
2071.0	15.0	1.0	0.0	9.53827937443963e-05
2086.0	15.0	1.0	0.0	7.290922005970382e-05
2101.0	15.0	1.0	0.0	1.9179328282674147e-05
2116.0	15.0	1.0	0.0	1.2749449412027994e-05
2131.0	15.0	1.0	0.0	0.00011860407193500085
2146.0	15.0	1.0	0.0	0.0006366711934407066
2161.0	15.0	1.0	0.0	0.0004653161366780066
2176.0	15.0	1.0	0.0	0.0007912489573160333
2191.0	15.0	1.0	0.0	0.001610577392578073
2206.0	15.0	1.0	0.0	0.0011036089579263937
2221.0	15.0	1.0	0.0	0.00062167714436842
2236.0	15.0	1.0	0.0	0.0003530329386392733
2251.0	15.0	1.0	0.0	0.0002999338785806733
2266.0	15.0	1.0	0.0	0.0004472757975259933
2281.0	15.0	1.0	0.0	0.0002676203409830333
2296.0	15.0	1.0	0.0	0.00020684356689448
2311.0	15.0	1.0	0.0	0.00014047851562496
2326.0	15.0	1.0	0.0	7.254282633463541e-05
2341.0	15.0	1.0	0.0	4.036966959635416e-05
2356.0	15.0	1.0	0.0	2.844340006510416e-05
2371.0	15.0	1.0	0.0	1.6765848795572913e-05
2386.0	15.0	1.0	0.0	1.2578837076822915e-05
2401.0	15.0	1.0	0.0	4.872178534665268e-05
2416.0	15.0	1.0	0.0	3.5295458634693584e-05
2431.0	15.0	1.0	0.0	5.8599837621042e-05
2446.0	15.0	1.0	0.0	1.1896228790283203e-05
2461.0	15.0	1.0	0.0	1.884886423746745e-05
2476.0	15.0	1.0	0.0	2.7997716267903648e-05
2491.0	15.0	1.0	0.0	0.0003587023258208949
2506.0	15.0	1.0	0.0	0.0002968924204507985
2521.0	15.0	1.0	0.0	0.00019186579386390668
2536.0	15.0	1.0	0.0	0.00021338812510167336
2551.0	15.0	1.0	0.0	0.00018727340698236665
2566.0	15.0	1.0	0.0	0.00019113349914546003
2581.0	15.0	1.0	0.0	0.00023180389404291998
2596.0	15.0	1.0	0.0	0.0002639689127603666
2611.0	15.0	1.0	0.0	0.0003817839304605533
2626.0	15.0	1.0	0.0	0.00023182652791335997
2641.0	15.0	1.0	0.0	0.00011802012125647066
2656.0	15.0	1.0	0.0	6.709035237630208e-05
2671.0	15.0	1.0	0.0	0.00015005696614582646
2686.0	15.0	1.0	0.0	0.00025976104736324
2701.0	15.0	1.0	0.0	9.638646443682729e-05
2716.0	15.0	1.0	0.0	8.53314717610625e-05
2731.0	15.0	1.0	0.0	0.00013859990437825189
2746.0	15.0	1.0	0.0	6.429646809895251e-05
2761.0	15.0	1.0	0.0	4.124888181686401e-05
2776.0	15.0	1.0	0.0	4.6253768603007e-05
2791.0	15.0	1.0	0.0	2.8198619683583585e-05
2806.0	15.0	1.0	0.0	2.068920135498047e-05
2821.0	15.0	1.0	0.0	0.0001391903797785049
2836.0	15.0	1.0	0.0	0.00039034112294511464
2851.0	15.0	1.0	0.0	0.0006408988316853373
2866.0	15.0	1.0	0.0	0.00044466527303055337
2881.0	15.0	1.0	0.0	0.0011521968841552265
2896.0	15.0	1.0	0.0	0.0016111546834309402
2911.0	15.0	1.0	0.0	0.0008734029134114131
2926.0	15.0	1.0	0.0	0.0007048736572265134
2941.0	15.0	1.0	0.0	0.0016993794759114199
2956.0	15.0	1.0	0.0	0.002046273803710893
2971.0	15.0	1.0	0.0	0.0008928955078124531
2986.0	15.0	1.0	0.0	0.00052745768229162
3001.0	15.0	1.0	0.0	0.00043143717447912007
3016.0	15.0	1.0	0.0	0.0003038218180338066
3031.0	15.0	1.0	0.0	0.00018654886881505335
3046.0	15.0	1.0	0.0	0.0001434193929036
3061.0	15.0	1.0	0.0	8.931274414061584e-05
3076.0	15.0	1.0	0.0	5.023803710937499e-05
3091.0	15.0	1.0	0.0	2.913818359375e-05
3106.0	15.0	1.0	0.0	1.9089762369791665e-05
3121.0	15.0	1.0	0.0	1.254492768396934e-05
3136.0	15.0	1.0	0.0	8.961659980316957e-06
3151.0	15.0	1.0	0.0	7.390177249908446e-06
3166.0	15.0	1.0	0.0	6.5058211485544835e-06
3181.0	15.0	1.0	0.0	6.076502799987793e-06
3196.0	15.0	1.0	0.0	7.953423261642455e-06
3211.0	15.0	1.0	0.0	5.782281955081977e-05
3226.0	15.0	1.0	0.0	0.00015794963836668295
3241.0	15.0	1.0	0.0	0.00045762147903436
3256.0	15.0	1.0	0.0	0.0005959199905394999
3271.0	15.0	1.0	0.0	0.00052633552551264
3286.0	15.0	1.0	0.0	0.00097829958597814
3301.0	15.0	1.0	0.0	0.0008551333109537199
3316.0	15.0	1.0	0.0	0.0011236096700031936
3331.0	15.0	1.0	0.0	0.0010725265502929066
3346.0	15.0	1.0	0.0	0.0007382308959960534
3361.0	15.0	1.0	0.0	0.0006774007161458001
3376.0	15.0	1.0	0.0	0.0004737909952799066
3391.0	15.0	1.0	0.0	0.00020649719238277327
3406.0	15.0	1.0	0.0	0.00010502675374346042
3421.0	15.0	1.0	0.0	6.496785481770833e-05
3436.0	15.0	1.0	0.0	4.1931660970052076e-05
3451.0	15.0	1.0	0.0	2.609914143880209e-05
3466.0	15.0	1.0	0.0	1.7523193359374998e-05
3481.0	15.0	1.0	0.0	7.28576660156225e-05
3496.0	15.0	1.0	0.0	2.906972368558164e-05
3511.0	15.0	1.0	0.0	1.0057570536931356e-05
3526.0	15.0	1.0	0.0	9.154697259267169e-06
3541.0	15.0	1.0	0.0	9.264588356018068e-06
3556.0	15.0	1.0	0.0	8.880625963210125e-05
3571.0	15.0	1.0	0.0	9.922273953755696e-06
3586.0	15.0	1.0	0.0	1.7913166681925457e-05
3601.0	15.0	1.0	0.0	5.517387390136062e-05
3616.0	15.0	1.0	0.0	4.5094728469845595e-05
3631.0	15.0	1.0	0.0	0.00022574631373085358
3646.0	15.0	1.0	0.0	0.00022473951975500003
3661.0	15.0	1.0	0.0	0.0003726283391316334
3676.0	15.0	1.0	0.0	0.0003399734497069734
3691.0	15.0	1.0	0.0	0.00027052548726396
3706.0	15.0	1.0	0.0	0.00024570795694983335
3721.0	15.0	1.0	0.0	0.00017291285196935333
3736.0	15.0	1.0	0.0	0.00023071250915523335
3751.0	15.0	1.0	0.0	0.00019115753173823332
3766.0	15.0	1.0	0.0	0.00010308354695635708
3781.0	15.0	1.0	0.0	6.170908610026043e-05
3796.0	15.0	1.0	0.0	6.659698486327523e-05
3811.0	15.0	1.0	0.0	2.9866790771484377e-05
3826.0	15.0	1.0	0.0	2.0616658528645833e-05
3841.0	15.0	1.0	0.0	4.860941569009354e-05
3856.0	15.0	1.0	0.0	1.3951361179351805e-05
3871.0	15.0	1.0	0.0	1.1477320392926533e-05
3886.0	15.0	1.0	0.0	8.225829402605693e-06
3901.0	15.0	1.0	0.0	7.345318794250488e-06
3916.0	15.0	1.0	0.0	0.0001398777564366522
3931.0	15.0	1.0	0.0	6.723200480142656e-05
3946.0	15.0	1.0	0.0	0.00043191054662063995
3961.0	15.0	1.0	0.0	0.00021487687428788002
3976.0	15.0	1.0	0.0	0.00024617582956944667
3991.0	15.0	1.0	0.0	0.0003246688842772933
4006.0	15.0	1.0	0.0	0.0010683853149413532
4021.0	15.0	1.0	0.0	0.0009138147989908467
4036.0	15.0	1.0	0.0	0.0007736315409341865
4051.0	15.0	1.0	0.0	0.0010620783487955332
4066.0	15.0	1.0	0.0	0.00115104980468744
4081.0	15.0	1.0	0.0	0.0006364278157551599
4096.0	15.0	1.0	0.0	0.00038883565266921335
4111.0	15.0	1.0	0.0	0.00046654205322260673
4126.0	15.0	1.0	0.0	0.0005494618733723534
4141.0	15.0	1.0	0.0	0.00029883982340491333
4156.0	15.0	1.0	0.0	0.00013475240071611
4171.0	15.0	1.0	0.0	7.062581380208333e-05
4186.0	15.0	1.0	0.0	4.467569986979166e-05
4201.0	15.0	1.0	0.0	2.9853312174479165e-05
4216.0	15.0	1.0	0.0	1.9679768880208334e-05
4231.0	15.0	1.0	0.0	1.3578009605407715e-05
4246.0	15.0	1.0	0.0	1.0022685925165811e-05
4261.0	15.0	1.0	0.0	1.6078358888626094e-05
4276.0	15.0	1.0	0.0	1.1737279097239179e-05
4291.0	15.0	1.0	0.0	0.00021089498202004746
4306.0	15.0	1.0	0.0	8.872367540994318e-05
4321.0	15.0	1.0	0.0	0.00015775044759111615
4336.0	15.0	1.0	0.0	0.00023205610911050683
4351.0	15.0	1.0	0.0	0.0008392588297525532
4366.0	15.0	1.0	0.0	0.0009609996795653801
4381.0	15.0	1.0	0.0	0.0015888796488443399
4396.0	15.0	1.0	0.0	0.0010733757019042603
4411.0	15.0	1.0	0.0	0.0015597747802733933
4426.0	15.0	1.0	0.0	0.0010022028605142668
4441.0	15.0	1.0	0.0	0.0009299092610676532
4456.0	15.0	1.0	0.0	0.0004911712646484
4471.0	15.0	1.0	0.0	0.00026584574381505335
4486.0	15.0	1.0	0.0	0.00016729736328120667
4501.0	15.0	1.0	0.0	0.00014308064778642665
4516.0	15.0	1.0	0.0	0.0004188039143879867
4531.0	15.0	1.0	0.0	0.00018168741861973996
4546.0	15.0	1.0	0.0	9.535929361977666e-05
4561.0	15.0	1.0	0.0	5.2974446614583333e-05
4576.0	15.0	1.0	0.0	3.4270222981770833e-05
4591.0	15.0	1.0	0.0	2.227531671524048e-05
4606.0	15.0	1.0	0.0	6.673637529213239e-05
4621.0	15.0	1.0	0.0	1.4671850204467774e-05
4636.0	15.0	1.0	0.0	1.1236929893493651e-05
4651.0	15.0	1.0	0.0	1.1944437026977538e-05
4666.0	15.0	1.0	0.0	0.00015918455123898576
4681.0	15.0	1.0	0.0	3.1010214487711584e-05
4696.0	15.0	1.0	0.0	0.00013672539393104352
4711.0	15.0	1.0	0.0	8.41129302978474e-05
4726.0	15.0	1.0	0.0	0.0009134914398192934
4741.0	15.0	1.0	0.0	0.0016701961517333402
4756.0	15.0	1.0	0.0	0.0016987660725910996
4771.0	15.0	1.0	0.0	0.0017429621378580265
4786.0	15.0	1.0	0.0	0.0017575393676757267
4801.0	15.0	1.0	0.0	0.0009988428751627134
4816.0	15.0	1.0	0.0	0.0004766113281249667
4831.0	15.0	1.0	0.0	0.00022524719238275332
4846.0	15.0	1.0	0.0	0.00017870788574212665
4861.0	15.0	1.0	0.0	0.0001406738281249533
4876.0	15.0	1.0	0.0	9.842529296872666e-05
4891.0	15.0	1.0	0.0	5.533243815104167e-05
4906.0	15.0	1.0	0.0	3.5086059570312505e-05
4921.0	15.0	1.0	0.0	2.284037272135417e-05
4936.0	15.0	1.0	0.0	1.5301513671875e-05
4951.0	15.0	1.0	0.0	1.1254797130823134e-05
4966.0	15.0	1.0	0.0	8.4439717233181e-06
4981.0	15.0	1.0	0.0	7.333771387736003e-06
4996.0	15.0	1.0	0.0	5.422910054524741e-06
5011.0	15.0	1.0	0.0	1.0496284564336143e-05
5026.0	15.0	1.0	0.0	6.659062703450521e-06
5041.0	15.0	1.0	0.0	1.1312254269917805e-05
5056.0	15.0	1.0	0.0	0.0001339137713114247
5071.0	15.0	1.0	0.0	0.0002053434213002188
5086.0	15.0	1.0	0.0	6.349182128906251e-05
5101.0	15.0	1.0	0.0	0.0004949643452961985
5116.0	15.0	1.0	0.0	0.0009220032374063733
5131.0	15.0	1.0	0.0	0.0008952649434406998
5146.0	15.0	1.0	0.0	0.0013849807739257332
5161.0	15.0	1.0	0.0	0.0011782295227050201
5176.0	15.0	1.0	0.0	0.0009174535115559468
5191.0	15.0	1.0	0.0	0.0005334925333658534
5206.0	15.0	1.0	0.0	0.00024965159098304
5221.0	15.0	1.0	0.0	0.00017878621419266667
5236.0	15.0	1.0	0.0	0.00011690775553381541
5251.0	15.0	1.0	0.0	6.227671305338542e-05
5266.0	15.0	1.0	0.0	0.00012273356119790998
5281.0	15.0	1.0	0.0	2.7764892578125005e-05
5296.0	15.0	1.0	0.0	1.9281514485677084e-05
5311.0	15.0	1.0	0.0	1.378987630208333e-05
5326.0	15.0	1.0	0.0	9.960374236106874e-06
5341.0	15.0	1.0	0.0	7.774081826210022e-06
5356.0	15.0	1.0	0.0	6.34552240371704e-06
5371.0	15.0	1.0	0.0	7.93653130531311e-06
5386.0	15.0	1.0	0.0	6.111801266669112e-05
5401.0	15.0	1.0	0.0	9.345277150472007e-06
5416.0	15.0	1.0	0.0	4.4000967343648264e-05
5431.0	15.0	1.0	0.0	0.0001164018313089781
5446.0	15.0	1.0	0.0	7.490928967792887e-05
5461.0	15.0	1.0	0.0	0.0005743896484374858
5476.0	15.0	1.0	0.0	0.0013646947860717269
5491.0	15.0	1.0	0.0	0.0010156939188638867
5506.0	15.0	1.0	0.0	0.0033238914489745605
5521.0	15.0	1.0	0.0	0.002831437683105427
5536.0	15.0	1.0	0.0	0.0012480397542317266
5551.0	15.0	1.0	0.0	0.0009960591634114132
5566.0	15.0	1.0	0.0	0.0007225921630858866
5581.0	15.0	1.0	0.0	0.00040798746744788005
5596.0	15.0	1.0	0.0	0.00020712483723954003
5611.0	15.0	1.0	0.0	0.00011967061360673667
5626.0	15.0	1.0	0.0	7.69622802734375e-05
5641.0	15.0	1.0	0.0	7.796936035155667e-05
5656.0	15.0	1.0	0.0	0.00016763814290363498
5671.0	15.0	1.0	0.0	4.448343912760417e-05
5686.0	15.0	1.0	0.0	2.9256850481033322e-05
5701.0	15.0	1.0	0.0	2.925555904706319e-05
5716.0	15.0	1.0	0.0	1.738908290863037e-05
5731.0	15.0	1.0	0.0	2.6097178459167482e-05
5746.0	15.0	1.0	0.0	0.0004022058566410992
5761.0	15.0	1.0	0.0	0.0003122656186421201
5776.0	15.0	1.0	0.0	0.00010724016825352001
5791.0	15.0	1.0	0.0	0.00011737442016596668
5806.0	15.0	1.0	0.0	0.00091851253509516
5821.0	15.0	1.0	0.0	0.0009205073038736533
5836.0	15.0	1.0	0.0	0.0015738733927408333
5851.0	15.0	1.0	0.0	0.0009873392740884933
5866.0	15.0	1.0	0.0	0.0007948359171549201
5881.0	15.0	1.0	0.0	0.0009482833862304201
5896.0	15.0	1.0	0.0	0.0007317555745442064
5911.0	15.0	1.0	0.0	0.0011620152791340665
5926.0	15.0	1.0	0.0	0.0007299845377603734
5941.0	15.0	1.0	0.0	0.00042484842936193345
5956.0	15.0	1.0	0.0	0.00023369852701818664
5971.0	15.0	1.0	0.0	0.00010347798665361917
5986.0	15.0	1.0	0.0	5.3816731770833336e-05
6001.0	15.0	1.0	0.0	3.6463419596354156e-05
6016.0	15.0	1.0	0.0	2.520955403645833e-05
6031.0	15.0	1.0	0.0	1.5523274739583335e-05
6046.0	15.0	1.0	0.0	9.077587028344311e-05
6061.0	15.0	1.0	0.0	3.342981338500731e-05
6076.0	15.0	1.0	0.0	8.782005310058594e-06
6091.0	15.0	1.0	0.0	7.074348131815593e-06
6106.0	15.0	1.0	0.0	7.976984977722167e-06
6121.0	15.0	1.0	0.0	1.9866323471069336e-05
6136.0	15.0	1.0	0.0	0.00039196346600846847
6151.0	15.0	1.0	0.0	0.0002421436309814071
6166.0	15.0	1.0	0.0	0.00022176977793374327
6181.0	15.0	1.0	0.0	0.0005102776845295866
6196.0	15.0	1.0	0.0	0.0009068860371907
6211.0	15.0	1.0	0.0	0.0009426564534504734
6226.0	15.0	1.0	0.0	0.0015239664713541203
6241.0	15.0	1.0	0.0	0.00190815734863276
6256.0	15.0	1.0	0.0	0.00101598052978512
6271.0	15.0	1.0	0.0	0.00048747202555334
6286.0	15.0	1.0	0.0	0.0013654841105142734
6301.0	15.0	1.0	0.0	0.0009387837727864198
6316.0	15.0	1.0	0.0	0.00042991027832028005
6331.0	15.0	1.0	0.0	0.0001645182291666133
6346.0	15.0	1.0	0.0	8.1000773111975e-05
6361.0	15.0	1.0	0.0	5.2509562174479164e-05
6376.0	15.0	1.0	0.0	3.4325154622395834e-05
6391.0	15.0	1.0	0.0	2.1856689453125002e-05
6406.0	15.0	1.0	0.0	1.677958170572917e-05
6421.0	15.0	1.0	0.0	1.185206969579061e-05
6436.0	15.0	1.0	0.0	9.679434696833293e-06
6451.0	15.0	1.0	0.0	7.867759466171265e-06
6466.0	15.0	1.0	0.0	7.687970002492269e-06
6481.0	15.0	1.0	0.0	8.667349815368653e-06
6496.0	15.0	1.0	0.0	6.0429851214090976e-06
6511.0	15.0	1.0	0.0	0.00020661917924879675
6526.0	15.0	1.0	0.0	0.00034040946960443337
6541.0	15.0	1.0	0.0	0.0003444758097330266
6556.0	15.0	1.0	0.0	0.0005130441029866
6571.0	15.0	1.0	0.0	0.0006924207051594467
6586.0	15.0	1.0	0.0	0.0021944038391112732
6601.0	15.0	1.0	0.0	0.0016297892252603668
6616.0	15.0	1.0	0.0	0.0009924209594726202
6631.0	15.0	1.0	0.0	0.0006574747721353534
6646.0	15.0	1.0	0.0	0.0006654627482095866
6661.0	15.0	1.0	0.0	0.0004309921264647933
6676.0	15.0	1.0	0.0	0.0003392038981119467
6691.0	15.0	1.0	0.0	0.0002152709960937133
6706.0	15.0	1.0	0.0	0.00012531433105465666
6721.0	15.0	1.0	0.0	7.453206380208168e-05
6736.0	15.0	1.0	0.0	0.00010804138183593751
6751.0	15.0	1.0	0.0	8.931172688801084e-05
6766.0	15.0	1.0	0.0	2.851664225260416e-05
6781.0	15.0	1.0	0.0	2.1959734956423443e-05
6796.0	15.0	1.0	0.0	2.3863469560941065e-05
6811.0	15.0	1.0	0.0	2.8726589679715734e-05
6826.0	15.0	1.0	0.0	1.9112507502237953e-05
6841.0	15.0	1.0	0.0	3.8368050257359766e-05
6856.0	15.0	1.0	0.0	0.0002474093834558945
6871.0	15.0	1.0	0.0	0.00015378837585445444
6886.0	15.0	1.0	0.0	0.00018196080525710665
6901.0	15.0	1.0	0.0	0.0006271711349487013
6916.0	15.0	1.0	0.0	0.0011147014617919333
6931.0	15.0	1.0	0.0	0.00103783416748042
6946.0	15.0	1.0	0.0	0.0006429028828938333
6961.0	15.0	1.0	0.0	0.0007118199666340599
6976.0	15.0	1.0	0.0	0.0009665634155272933
6991.0	15.0	1.0	0.0	0.0006239008585611533
7006.0	15.0	1.0	0.0	0.0004845280965168867
7021.0	15.0	1.0	0.0	0.00041780293782545997
7036.0	15.0	1.0	0.0	0.00028053995768224666
7051.0	15.0	1.0	0.0	0.000144647725423145
7066.0	15.0	1.0	0.0	9.119873046874168e-05
7081.0	15.0	1.0	0.0	6.598866780598958e-05
7096.0	15.0	1.0	0.0	4.3686421712239587e-05
7111.0	15.0	1.0	0.0	6.144358317056124e-05
7126.0	15.0	1.0	0.0	1.97021484375e-05
7141.0	15.0	1.0	0.0	1.3429518043994907e-05
7156.0	15.0	1.0	0.0	1.2628881633281706e-05
7171.0	15.0	1.0	0.0	1.5070275465647378e-05
7186.0	15.0	1.0	0.0	1.5456863244374596e-05
7201.0	15.0	1.0	0.0	8.633259932200113e-06
7216.0	15.0	1.0	0.0	6.754815578460695e-06
7231.0	15.0	1.0	0.0	6.38629317283497e-05
7246.0	15.0	1.0	0.0	0.0005297619422276225
7261.0	15.0	1.0	0.0	0.0003741554260253334
7276.0	15.0	1.0	0.0	0.0009248170852660598
7291.0	15.0	1.0	0.0	0.00145139605204258
7306.0	15.0	1.0	0.0	0.0016525784810383665
7321.0	15.0	1.0	0.0	0.0017188095092772865
7336.0	15.0	1.0	0.0	0.0009342234293619265
7351.0	15.0	1.0	0.0	0.0011343098958332932
7366.0	15.0	1.0	0.0	0.0007527018229166198
7381.0	15.0	1.0	0.0	0.00040026143391921995
7396.0	15.0	1.0	0.0	0.00025537109374995334
7411.0	15.0	1.0	0.0	0.00016629842122391333
7426.0	15.0	1.0	0.0	9.859517415362583e-05
7441.0	15.0	1.0	0.0	6.575113932291668e-05
7456.0	15.0	1.0	0.0	3.873697916666666e-05
7471.0	15.0	1.0	0.0	2.860616048177083e-05
7486.0	15.0	1.0	0.0	1.744181315104167e-05
7501.0	15.0	1.0	0.0	1.2465413411458333e-05
7516.0	15.0	1.0	0.0	1.7768535887201628e-05
7531.0	15.0	1.0	0.0	9.926013151804606e-06
7546.0	15.0	1.0	0.0	6.477667888005574e-06
7561.0	15.0	1.0	0.0	7.556180159250895e-06
7576.0	15.0	1.0	0.0	1.344515879948934e-05
7591.0	15.0	1.0	0.0	0.0003939809481302634
7606.0	15.0	1.0	0.0	4.594386418660483e-05
7621.0	15.0	1.0	0.0	6.309623718261371e-05
7636.0	15.0	1.0	0.0	0.00046736729939774856
7651.0	15.0	1.0	0.0	0.0013307641347249067
7666.0	15.0	1.0	0.0	0.0010889073689778202
7681.0	15.0	1.0	0.0	0.0008671089172362866
7696.0	15.0	1.0	0.0	0.0010274602254231333
7711.0	15.0	1.0	0.0	0.0005246902465819867
7726.0	15.0	1.0	0.0	0.00029322255452469997
7741.0	15.0	1.0	0.0	0.00018167266845697997
7756.0	15.0	1.0	0.0	0.00013033447265619333
7771.0	15.0	1.0	0.0	0.00011151784261066001
7786.0	15.0	1.0	0.0	8.891245524088125e-05
7801.0	15.0	1.0	0.0	5.9193420410156246e-05
7816.0	15.0	1.0	0.0	3.764444986979167e-05
7831.0	15.0	1.0	0.0	7.030893961587541e-05
7846.0	15.0	1.0	0.0	8.74008178710854e-05
7861.0	15.0	1.0	0.0	2.015380859375e-05
7876.0	15.0	1.0	0.0	1.4239341020584105e-05
7891.0	15.0	1.0	0.0	1.0225299994150799e-05
7906.0	15.0	1.0	0.0	8.158745368321738e-06
7921.0	15.0	1.0	0.0	9.37069257100423e-06
7936.0	15.0	1.0	0.0	6.9367249806722015e-06
7951.0	15.0	1.0	0.0	6.150933106740315e-06
7966.0	15.0	1.0	0.0	2.0840028921758757e-05
7981.0	15.0	1.0	0.0	2.165499528249105e-05
7996.0	15.0	1.0	0.0	0.0003105736573536992
8011.0	15.0	1.0	0.0	0.00047609380086257994
8026.0	15.0	1.0	0.0	0.00012067604064937846
8041.0	15.0	1.0	0.0	0.0002536933263142333
8056.0	15.0	1.0	0.0	0.00036953404744460665
8071.0	15.0	1.0	0.0	0.00042502136230464005
8086.0	15.0	1.0	0.0	0.00042567036946608664
8101.0	15.0	1.0	0.0	0.0004046040852864067
8116.0	15.0	1.0	0.0	0.0006850631713866867
8131.0	15.0	1.0	0.0	0.00034637578328446
8146.0	15.0	1.0	0.0	0.00019354604085281335
8161.0	15.0	1.0	0.0	0.00015872929890945335
8176.0	15.0	1.0	0.0	0.00018515650431309916
8191.0	15.0	1.0	0.0	0.0003299936930338133
8206.0	15.0	1.0	0.0	0.0001289901733398021
8221.0	15.0	1.0	0.0	6.459503173828125e-05
8236.0	15.0	1.0	0.0	4.569997290770213e-05
8251.0	15.0	1.0	0.0	2.686205009619395e-05
8266.0	15.0	1.0	0.0	3.0245065689084275e-05
8281.0	15.0	1.0	0.0	3.251293897628585e-05
8296.0	15.0	1.0	0.0	1.604725519816081e-05
8311.0	15.0	1.0	0.0	1.53912623723348e-05
8326.0	15.0	1.0	0.0	2.6554179191589352e-05
8341.0	15.0	1.0	0.0	0.00028258690834043963
8356.0	15.0	1.0	0.0	4.961709976196206e-05
8371.0	15.0	1.0	0.0	5.811440149942742e-05
8386.0	15.0	1.0	0.0	0.00074827893575026
8401.0	15.0	1.0	0.0	0.001203814570108993
8416.0	15.0	1.0	0.0	0.00109367523193354
8431.0	15.0	1.0	0.0	0.0007004096984862733
8446.0	15.0	1.0	0.0	0.0007393615722655867
8461.0	15.0	1.0	0.0	0.0012414677937825
8476.0	15.0	1.0	0.0	0.0005101740519205199
8491.0	15.0	1.0	0.0	0.0003094619750976133
8506.0	15.0	1.0	0.0	0.00025382995605463337
8521.0	15.0	1.0	0.0	0.0002314575195311933
8536.0	15.0	1.0	0.0	0.00013491872151689545
8551.0	15.0	1.0	0.0	6.477508544921875e-05
8566.0	15.0	1.0	0.0	0.00021044260660806546
8581.0	15.0	1.0	0.0	4.861348470052083e-05
8596.0	15.0	1.0	0.0	2.8757222493489584e-05
8611.0	15.0	1.0	0.0	2.257639567057292e-05
8626.0	15.0	1.0	0.0	1.751532554626465e-05
8641.0	15.0	1.0	0.0	1.372237205505371e-05
8656.0	15.0	1.0	0.0	1.0613787174224854e-05
8671.0	15.0	1.0	0.0	1.0845943291982015e-05
8686.0	15.0	1.0	0.0	4.836897850035983e-05
8701.0	15.0	1.0	0.0	1.9943038622538248e-05
8716.0	15.0	1.0	0.0	4.052537282306982e-05
8731.0	15.0	1.0	0.0	3.491644859313964e-05
8746.0	15.0	1.0	0.0	5.101947784423243e-05
8761.0	15.0	1.0	0.0	6.71063264210998e-05
8776.0	15.0	1.0	0.0	6.385656992594401e-05
8791.0	15.0	1.0	0.0	0.00021044708887733588
8806.0	15.0	1.0	0.0	0.00022897383371984004
8821.0	15.0	1.0	0.0	0.00028055114746089997
8836.0	15.0	1.0	0.0	0.00022039693196610003
8851.0	15.0	1.0	0.0	0.0004243361155191466
8866.0	15.0	1.0	0.0	0.00035631268819168665
8881.0	15.0	1.0	0.0	0.00020519307454421333
8896.0	15.0	1.0	0.0	0.00013535283406569998
8911.0	15.0	1.0	0.0	7.982635498046105e-05
8926.0	15.0	1.0	0.0	4.322916666666666e-05
8941.0	15.0	1.0	0.0	2.580006917317708e-05
8956.0	15.0	1.0	0.0	5.4249827067047914e-05
8971.0	15.0	1.0	0.0	2.458794911702474e-05
8986.0	15.0	1.0	0.0	1.2412337462107338e-05
9001.0	15.0	1.0	0.0	1.609822114308675e-05
9016.0	15.0	1.0	0.0	9.034494558970134e-06
9031.0	15.0	1.0	0.0	6.670196851094563e-06
9046.0	15.0	1.0	0.0	2.302435239155528e-05
9061.0	15.0	1.0	0.0	3.6528873443603516e-05
9076.0	15.0	1.0	0.0	7.24391460418601e-05
9091.0	15.0	1.0	0.0	4.2957448959350595e-05
9106.0	15.0	1.0	0.0	0.00013727874755857132
9121.0	15.0	1.0	0.0	9.102433522540761e-05
9136.0	15.0	1.0	0.0	6.92673365275065e-05
9151.0	15.0	1.0	0.0	0.00012752332687374806
9166.0	15.0	1.0	0.0	0.00017720813751216665
9181.0	15.0	1.0	0.0	0.00015395393371576665
9196.0	15.0	1.0	0.0	0.00011426372528071916
9211.0	15.0	1.0	0.0	9.036483764648437e-05
9226.0	15.0	1.0	0.0	7.82385508219401e-05
9241.0	15.0	1.0	0.0	0.00016758333841955097
9256.0	15.0	1.0	0.0	9.445559183754478e-05
9271.0	15.0	1.0	0.0	0.00013944791158037372
9286.0	15.0	1.0	0.0	6.782862345377605e-05
9301.0	15.0	1.0	0.0	4.070625305175781e-05
9316.0	15.0	1.0	0.0	3.5025151570638017e-05
9331.0	15.0	1.0	0.0	1.87014102935791e-05
9346.0	15.0	1.0	0.0	7.761363387106939e-05
9361.0	15.0	1.0	0.0	1.4026880264282224e-05
9376.0	15.0	1.0	0.0	9.964998563130698e-06
9391.0	15.0	1.0	0.0	1.5190807978312178e-05
9406.0	15.0	1.0	0.0	2.788759867350261e-05
9421.0	15.0	1.0	0.0	7.158276240030191e-05
9436.0	15.0	1.0	0.0	0.00019439573287961448
9451.0	15.0	1.0	0.0	5.22457758585612e-05
9466.0	15.0	1.0	0.0	7.05397923787435e-05
9481.0	15.0	1.0	0.0	0.0002921319961547791
9496.0	15.0	1.0	0.0	0.00031983896891271327
9511.0	15.0	1.0	0.0	0.00022993799845372667
9526.0	15.0	1.0	0.0	0.00024940973917637996
9541.0	15.0	1.0	0.0	0.00020271797180170667
9556.0	15.0	1.0	0.0	0.00020928751627598667
9571.0	15.0	1.0	0.0	0.00027544186909988675
9586.0	15.0	1.0	0.0	0.00029021148681636
9601.0	15.0	1.0	0.0	0.00022009099324539328
9616.0	15.0	1.0	0.0	0.0001057629903157252
9631.0	15.0	1.0	0.0	5.784861246744791e-05
9646.0	15.0	1.0	0.0	3.536961873372396e-05
9661.0	15.0	1.0	0.0	0.00011129735310871478
9676.0	15.0	1.0	0.0	2.2179158528645833e-05
9691.0	15.0	1.0	0.0	3.392333984375e-05
9706.0	15.0	1.0	0.0	1.43730233112971e-05
9721.0	15.0	1.0	0.0	1.520540217558543e-05
9736.0	15.0	1.0	0.0	1.187422871589661e-05
9751.0	15.0	1.0	0.0	8.530791600545248e-06
9766.0	15.0	1.0	0.0	1.4343527952829998e-05
9781.0	15.0	1.0	0.0	0.00011203102668123933
9796.0	15.0	1.0	0.0	0.00013298467000322366
9811.0	15.0	1.0	0.0	0.0002097033818562579
9826.0	15.0	1.0	0.0	0.0003339930534362385
9841.0	15.0	1.0	0.0	0.0004930948257446
9856.0	15.0	1.0	0.0	0.0012342501322427932
9871.0	15.0	1.0	0.0	0.0017764910380044998
9886.0	15.0	1.0	0.0	0.0013819615681965535
9901.0	15.0	1.0	0.0	0.0006682327270507402
9916.0	15.0	1.0	0.0	0.0006229487101236535
9931.0	15.0	1.0	0.0	0.0010992889404296334
9946.0	15.0	1.0	0.0	0.0009496831258137601
9961.0	15.0	1.0	0.0	0.0005132934570312133
9976.0	15.0	1.0	0.0	0.0002616017659504733
9991.0	15.0	1.0	0.0	0.00013587748209630666
10006.0	15.0	1.0	0.0	8.745727539062416e-05
10021.0	15.0	1.0	0.0	5.362040201822917e-05
10036.0	15.0	1.0	0.0	3.275655110677083e-05
10051.0	15.0	1.0	0.0	2.3824055989583332e-05
10066.0	15.0	1.0	0.0	1.5352129936218264e-05
10081.0	15.0	1.0	0.0	1.0871513684590657e-05
10096.0	15.0	1.0	0.0	8.816732962926229e-06
10111.0	15.0	1.0	0.0	7.900883754094442e-06
10126.0	15.0	1.0	0.0	7.187120119730632e-06
10141.0	15.0	1.0	0.0	5.501421292622056e-05
10156.0	15.0	1.0	0.0	0.00013261747360228464
10171.0	15.0	1.0	0.0	0.00045009991327919107
10186.0	15.0	1.0	0.0	0.0011765858968098399
10201.0	15.0	1.0	0.0	0.0005630705515543133
10216.0	15.0	1.0	0.0	0.00147643229166662
10231.0	15.0	1.0	0.0	0.0010643206278482668
10246.0	15.0	1.0	0.0	0.00053235727945958
10261.0	15.0	1.0	0.0	0.0007333007812499599
10276.0	15.0	1.0	0.0	0.0012594523111978666
10291.0	15.0	1.0	0.0	0.0013240122477213131
10306.0	15.0	1.0	0.0	0.00091380920410152
10321.0	15.0	1.0	0.0	0.0007215515136718333
10336.0	15.0	1.0	0.0	0.00046121520996089997
10351.0	15.0	1.0	0.0	0.00025220031738276
10366.0	15.0	1.0	0.0	0.00013825378417965997
10381.0	15.0	1.0	0.0	8.086140950519832e-05
10396.0	15.0	1.0	0.0	4.482421875e-05
10411.0	15.0	1.0	0.0	2.646382649739583e-05
10426.0	15.0	1.0	0.0	1.6835201345384122e-05
10441.0	15.0	1.0	0.0	1.1654367484152318e-05
10456.0	15.0	1.0	0.0	8.761995037396748e-06
10471.0	15.0	1.0	0.0	7.164935270945232e-06
10486.0	15.0	1.0	0.0	8.301615715026853e-06
10501.0	15.0	1.0	0.0	5.264015992482503e-06
10516.0	15.0	1.0	0.0	0.00010912634134290958
10531.0	15.0	1.0	0.0	0.00017188886006671238
10546.0	15.0	1.0	0.0	5.613438288370435e-05
10561.0	15.0	1.0	0.0	0.0005849949836730601
10576.0	15.0	1.0	0.0	0.0005630332946776866
10591.0	15.0	1.0	0.0	0.0010564933776854868
10606.0	15.0	1.0	0.0	0.0014388188680012398
10621.0	15.0	1.0	0.0	0.0017821154276529531
10636.0	15.0	1.0	0.0	0.0009659673055012599
10651.0	15.0	1.0	0.0	0.0006216781616210467
10666.0	15.0	1.0	0.0	0.0002982070922851133
10681.0	15.0	1.0	0.0	0.00014098663330074668
10696.0	15.0	1.0	0.0	7.625885009765625e-05
10711.0	15.0	1.0	0.0	6.243286132812167e-05
10726.0	15.0	1.0	0.0	4.432373046874999e-05
10741.0	15.0	1.0	0.0	4.6558634440102915e-05
10756.0	15.0	1.0	0.0	2.710418701171875e-05
10771.0	15.0	1.0	0.0	1.8675740559895833e-05
10786.0	15.0	1.0	0.0	1.4907328287760416e-05
10801.0	15.0	1.0	0.0	1.2051052848498029e-05
10816.0	15.0	1.0	0.0	1.139351427555084e-05
10831.0	15.0	1.0	0.0	4.530981977780377e-05
10846.0	15.0	1.0	0.0	3.9815998077387255e-05
10861.0	15.0	1.0	0.0	8.219537734985042e-05
10876.0	15.0	1.0	0.0	2.5267918904622394e-05
10891.0	15.0	1.0	0.0	0.0001667012850443353
10906.0	15.0	1.0	0.0	8.369433085122144e-05
10921.0	15.0	1.0	0.0	0.00021485401789345728
10936.0	15.0	1.0	0.0	0.00041512667338047343
10951.0	15.0	1.0	0.0	0.0005166819254556733
10966.0	15.0	1.0	0.0	0.0008103547414143267
10981.0	15.0	1.0	0.0	0.0010714225769042534
10996.0	15.0	1.0	0.0	0.001332804107665967
11011.0	15.0	1.0	0.0	0.001286468505859327
11026.0	15.0	1.0	0.0	0.0007491480509439599
11041.0	15.0	1.0	0.0	0.00042179361979163995
11056.0	15.0	1.0	0.0	0.00020851186116531333
11071.0	15.0	1.0	0.0	0.0001398050944010133
11086.0	15.0	1.0	0.0	9.798431396482293e-05
11101.0	15.0	1.0	0.0	7.308553059895833e-05
11116.0	15.0	1.0	0.0	7.309875488281167e-05
11131.0	15.0	1.0	0.0	4.52392578125e-05
11146.0	15.0	1.0	0.0	2.9072062174479163e-05
11161.0	15.0	1.0	0.0	1.8979127208391826e-05
11176.0	15.0	1.0	0.0	1.3387134671211244e-05
11191.0	15.0	1.0	0.0	1.8119452397028605e-05
11206.0	15.0	1.0	0.0	8.423431714375813e-06
11221.0	15.0	1.0	0.0	6.6385229428609205e-06
11236.0	15.0	1.0	0.0	5.619438489278158e-06
11251.0	15.0	1.0	0.0	1.709142128626506e-05
11266.0	15.0	1.0	0.0	3.070198694864909e-05
11281.0	15.0	1.0	0.0	1.4644583066304527e-05
11296.0	15.0	1.0	0.0	0.000114785130818652
11311.0	15.0	1.0	0.0	0.0005293606122334266
11326.0	15.0	1.0	0.0	0.0007866145451862999
11341.0	15.0	1.0	0.0	0.0009095982869465732
11356.0	15.0	1.0	0.0	0.0005022242228189667
11371.0	15.0	1.0	0.0	0.0003292877197265134
11386.0	15.0	1.0	0.0	0.00022708689371738668
11401.0	15.0	1.0	0.0	0.0003661008199055534
11416.0	15.0	1.0	0.0	0.00020753682454422668
11431.0	15.0	1.0	0.0	0.00019364980061846
11446.0	15.0	1.0	0.0	0.00014767405192052664
11461.0	15.0	1.0	0.0	8.449401855467915e-05
11476.0	15.0	1.0	0.0	4.479115804036459e-05
11491.0	15.0	1.0	0.0	4.2517598470046665e-05
11506.0	15.0	1.0	0.0	1.941884358723958e-05
11521.0	15.0	1.0	0.0	1.3547770182291669e-05
11536.0	15.0	1.0	0.0	1.1017518242200216e-05
11551.0	15.0	1.0	0.0	8.054324984550478e-06
11566.0	15.0	1.0	0.0	1.651076277097066e-05
11581.0	15.0	1.0	0.0	7.1961243947347e-06
11596.0	15.0	1.0	0.0	5.262521902720133e-06
11611.0	15.0	1.0	0.0	6.39663497606772e-05
11626.0	15.0	1.0	0.0	6.613993644713221e-05
11641.0	15.0	1.0	0.0	0.00019493932723995704
11656.0	15.0	1.0	0.0	0.00013281803131101423
11671.0	15.0	1.0	0.0	0.00036447168985997356
11686.0	15.0	1.0	0.0	0.0009485496520995601
11701.0	15.0	1.0	0.0	0.0007326222737629733
11716.0	15.0	1.0	0.0	0.0009003061930337934
11731.0	15.0	1.0	0.0	0.0010779426574706466
11746.0	15.0	1.0	0.0	0.0009218994140624533
11761.0	15.0	1.0	0.0	0.0006032557169595932
11776.0	15.0	1.0	0.0	0.00041690724690752665
11791.0	15.0	1.0	0.0	0.0001892186482747
11806.0	15.0	1.0	0.0	0.00012712758382156002
11821.0	15.0	1.0	0.0	9.149169921873294e-05
11836.0	15.0	1.0	0.0	5.60028076171875e-05
11851.0	15.0	1.0	0.0	3.177642822265625e-05
11866.0	15.0	1.0	0.0	2.312418619791667e-05
11881.0	15.0	1.0	0.0	1.685689290364583e-05
11896.0	15.0	1.0	0.0	1.1300723254680635e-05
11911.0	15.0	1.0	0.0	8.33813895781835e-06
11926.0	15.0	1.0	0.0	6.675553321838379e-06
11941.0	15.0	1.0	0.0	0.0004211624483267085
11956.0	15.0	1.0	0.0	0.0002985501925150355
11971.0	15.0	1.0	0.0	0.00022164084116615547
11986.0	15.0	1.0	0.0	0.0004239560445149468
12001.0	15.0	1.0	0.0	0.00031148312886551335
12016.0	15.0	1.0	0.0	0.00027448857625320664
12031.0	15.0	1.0	0.0	0.0003987712860107
12046.0	15.0	1.0	0.0	0.0010871442159016466
12061.0	15.0	1.0	0.0	0.0012269999186197533
12076.0	15.0	1.0	0.0	0.0008017496744791198
12091.0	15.0	1.0	0.0	0.0008544962565103667
12106.0	15.0	1.0	0.0	0.0008073964436848401
12121.0	15.0	1.0	0.0	0.0006918818155924065
12136.0	15.0	1.0	0.0	0.0003390004475911001
12151.0	15.0	1.0	0.0	0.00017108764648433335
12166.0	15.0	1.0	0.0	0.00012854258219396
12181.0	15.0	1.0	0.0	0.00010051625569659081
12196.0	15.0	1.0	0.0	5.948893229166666e-05
12211.0	15.0	1.0	0.0	3.166707356770833e-05
12226.0	15.0	1.0	0.0	1.953125e-05
12241.0	15.0	1.0	0.0	1.3485717773437497e-05
12256.0	15.0	1.0	0.0	1.0121420522530874e-05
12271.0	15.0	1.0	0.0	9.554520746072134e-06
12286.0	15.0	1.0	0.0	0.0001030132065216586
12301.0	15.0	1.0	0.0	9.05129909515381e-06
12316.0	15.0	1.0	0.0	5.438526471455892e-06
12331.0	15.0	1.0	0.0	0.00029479270776110145
12346.0	15.0	1.0	0.0	0.0004326847712198404
12361.0	15.0	1.0	0.0	7.607326507568078e-05
12376.0	15.0	1.0	0.0	6.035105387369793e-05
12391.0	15.0	1.0	0.0	0.0002244237899780062
12406.0	15.0	1.0	0.0	0.0008436175028482533
12421.0	15.0	1.0	0.0	0.0008585299173990268
12436.0	15.0	1.0	0.0	0.00109968516031896
12451.0	15.0	1.0	0.0	0.0014584813435872003
12466.0	15.0	1.0	0.0	0.0011623184204101133
12481.0	15.0	1.0	0.0	0.0007530131022135067
12496.0	15.0	1.0	0.0	0.00037888895670568665
12511.0	15.0	1.0	0.0	0.0002892471313476067
12526.0	15.0	1.0	0.0	0.00022008158365879998
12541.0	15.0	1.0	0.0	0.00011861979166663375
12556.0	15.0	1.0	0.0	5.9949239095052064e-05
12571.0	15.0	1.0	0.0	3.2202148437500004e-05
12586.0	15.0	1.0	0.0	2.5784301757812503e-05
12601.0	15.0	1.0	0.0	1.5652974446614584e-05
12616.0	15.0	1.0	0.0	1.3455200195312497e-05
12631.0	15.0	1.0	0.0	1.6680206855138144e-05
12646.0	15.0	1.0	0.0	4.904024402299721e-05
12661.0	15.0	1.0	0.0	9.642597039540611e-06
12676.0	15.0	1.0	0.0	7.214999198913574e-06
12691.0	15.0	1.0	0.0	0.00011169013182320166
12706.0	15.0	1.0	0.0	0.00017572716077165538
12721.0	15.0	1.0	0.0	0.0002937453905741084
12736.0	15.0	1.0	0.0	0.0004264126459757
12751.0	15.0	1.0	0.0	0.00076290740966792
12766.0	15.0	1.0	0.0	0.0007228494008381666
12781.0	15.0	1.0	0.0	0.0005507049560546334
12796.0	15.0	1.0	0.0	0.0005337099711099799
12811.0	15.0	1.0	0.0	0.0007941136678059534
12826.0	15.0	1.0	0.0	0.00160301106770828
12841.0	15.0	1.0	0.0	0.0009191238403319868
12856.0	15.0	1.0	0.0	0.0005076263427733868
12871.0	15.0	1.0	0.0	0.00033399963378902004
12886.0	15.0	1.0	0.0	0.00019079386393225332
12901.0	15.0	1.0	0.0	8.341013590493249e-05
12916.0	15.0	1.0	0.0	5.051422119140625e-05
12931.0	15.0	1.0	0.0	3.291117350260417e-05
12946.0	15.0	1.0	0.0	2.4247233072916666e-05
12961.0	15.0	1.0	0.0	1.8777465820312495e-05
12976.0	15.0	1.0	0.0	1.585845947265625e-05
12991.0	15.0	1.0	0.0	0.000247719196478509
13006.0	15.0	1.0	0.0	1.9546508789062502e-05
13021.0	15.0	1.0	0.0	1.1434268951416015e-05
13036.0	15.0	1.0	0.0	9.67725118001302e-06
13051.0	15.0	1.0	0.0	1.5920225779215494e-05
13066.0	15.0	1.0	0.0	9.831301371256509e-06
13081.0	15.0	1.0	0.0	4.917291005451284e-05
13096.0	15.0	1.0	0.0	0.0002687026341756034
13111.0	15.0	1.0	0.0	0.0002101398468017132
13126.0	15.0	1.0	0.0	0.00013370844523107433
13141.0	15.0	1.0	0.0	0.00026513799031570664
13156.0	15.0	1.0	0.0	0.0005383875528970934
13171.0	15.0	1.0	0.0	0.0007972977956135533
13186.0	15.0	1.0	0.0	0.0005987833658853668
13201.0	15.0	1.0	0.0	0.0003987630208332733
13216.0	15.0	1.0	0.0	0.0003133270263671334
13231.0	15.0	1.0	0.0	0.00021223475138343337
13246.0	15.0	1.0	0.0	0.00019030736287429332
13261.0	15.0	1.0	0.0	0.00017506357828770666
13276.0	15.0	1.0	0.0	0.00013695170084630667
13291.0	15.0	1.0	0.0	0.00010902709960934917
13306.0	15.0	1.0	0.0	6.389109293619792e-05
13321.0	15.0	1.0	0.0	4.149271647135417e-05
13336.0	15.0	1.0	0.0	2.8265380859374997e-05
13351.0	15.0	1.0	0.0	1.987880915403366e-05
13366.0	15.0	1.0	0.0	1.915294875701268e-05
13381.0	15.0	1.0	0.0	1.5707550446192425e-05
13396.0	15.0	1.0	0.0	1.078011989593506e-05
13411.0	15.0	1.0	0.0	8.502407868703207e-06
13426.0	15.0	1.0	0.0	6.9873253504435215e-06
13441.0	15.0	1.0	0.0	8.68063012758835e-05
13456.0	15.0	1.0	0.0	0.0006065147399902079
13471.0	15.0	1.0	0.0	0.00045640379587803326
13486.0	15.0	1.0	0.0	0.00030711110432938665
13501.0	15.0	1.0	0.0	0.0017741976420084132
13516.0	15.0	1.0	0.0	0.002165511067708286
13531.0	15.0	1.0	0.0	0.0011592091878254737
13546.0	15.0	1.0	0.0	0.001108271280924433
13561.0	15.0	1.0	0.0	0.0008026916503905667
13576.0	15.0	1.0	0.0	0.00055975952148432
13591.0	15.0	1.0	0.0	0.0004813588460285867
13606.0	15.0	1.0	0.0	0.0002611551920572467
13621.0	15.0	1.0	0.0	0.00013423156738276
13636.0	15.0	1.0	0.0	8.701477050780917e-05
13651.0	15.0	1.0	0.0	5.8922322591145836e-05
13666.0	15.0	1.0	0.0	3.9619954427083334e-05
13681.0	15.0	1.0	0.0	3.439839680989583e-05
13696.0	15.0	1.0	0.0	1.9027709960937498e-05
13711.0	15.0	1.0	0.0	1.2921142578125002e-05
13726.0	15.0	1.0	0.0	9.645971655845642e-06
13741.0	15.0	1.0	0.0	7.580198844273886e-06
13756.0	15.0	1.0	0.0	5.930506189664206e-06
13771.0	15.0	1.0	0.0	6.055551767349244e-06
13786.0	15.0	1.0	0.0	2.0580208301544185e-05
13801.0	15.0	1.0	0.0	8.240178823470757e-05
13816.0	15.0	1.0	0.0	0.00019043112595871543
13831.0	15.0	1.0	0.0	0.0006545187632242365
13846.0	15.0	1.0	0.0	0.00145836003621414
13861.0	15.0	1.0	0.0	0.0021420664469400594
13876.0	15.0	1.0	0.0	0.0015300760904947532
13891.0	15.0	1.0	0.0	0.0010284942626952666
13906.0	15.0	1.0	0.0	0.0009242507934569732
13921.0	15.0	1.0	0.0	0.0018921951293944797
13936.0	15.0	1.0	0.0	0.0013861185709635002
13951.0	15.0	1.0	0.0	0.0012755920410155936
13966.0	15.0	1.0	0.0	0.00095401814778642
13981.0	15.0	1.0	0.0	0.0007739817301431799
13996.0	15.0	1.0	0.0	0.00037611389160151335
14011.0	15.0	1.0	0.0	0.0001618550618489067
14026.0	15.0	1.0	0.0	7.777608235676498e-05
14041.0	15.0	1.0	0.0	4.325052897135417e-05
14056.0	15.0	1.0	0.0	7.844238281249249e-05
14071.0	15.0	1.0	0.0	4.258626302082834e-05
14086.0	15.0	1.0	0.0	0.00011038047671317768
14101.0	15.0	1.0	0.0	2.1974764267603553e-05
14116.0	15.0	1.0	0.0	2.2021742661794022e-05
14131.0	15.0	1.0	0.0	1.4006845156351727e-05
14146.0	15.0	1.0	0.0	2.136117617289225e-05
14161.0	15.0	1.0	0.0	0.00016301731268561357
14176.0	15.0	1.0	0.0	9.895820617674652e-05
14191.0	15.0	1.0	0.0	0.0007588268597920199
14206.0	15.0	1.0	0.0	0.0004556771596272333
14221.0	15.0	1.0	0.0	0.0006865378061929865
14236.0	15.0	1.0	0.0	0.0008123374938964268
14251.0	15.0	1.0	0.0	0.0008135520935058133
14266.0	15.0	1.0	0.0	0.0008530858357747068
14281.0	15.0	1.0	0.0	0.0008680318196614266
14296.0	15.0	1.0	0.0	0.0009006113688150467
14311.0	15.0	1.0	0.0	0.0009191136678059468
14326.0	15.0	1.0	0.0	0.0006898905436197535
14341.0	15.0	1.0	0.0	0.0005521464029947602
14356.0	15.0	1.0	0.0	0.00037949015299474666
14371.0	15.0	1.0	0.0	0.00021584167480464005
14386.0	15.0	1.0	0.0	0.00013265889485672669
14401.0	15.0	1.0	0.0	8.309529622395833e-05
14416.0	15.0	1.0	0.0	5.1194254557291666e-05
14431.0	15.0	1.0	0.0	3.3531697591145833e-05
14446.0	15.0	1.0	0.0	2.2229165583848953e-05
14461.0	15.0	1.0	0.0	2.1128385514020916e-05
14476.0	15.0	1.0	0.0	1.2379177411397303e-05
14491.0	15.0	1.0	0.0	7.602992455164286e-05
14506.0	15.0	1.0	0.0	8.307331403096136e-05
14521.0	15.0	1.0	0.0	4.2405176162716106e-05
14536.0	15.0	1.0	0.0	0.0002924224694569533
14551.0	15.0	1.0	0.0	0.0006567885080972932
14566.0	15.0	1.0	0.0	0.00032243461608882
14581.0	15.0	1.0	0.0	0.0015277448018391467
14596.0	15.0	1.0	0.0	0.0010834238688150468
14611.0	15.0	1.0	0.0	0.0008532399495442199
14626.0	15.0	1.0	0.0	0.00111631571451818
14641.0	15.0	1.0	0.0	0.0007908060709635001
14656.0	15.0	1.0	0.0	0.0007448440551757335
14671.0	15.0	1.0	0.0	0.00050268096923822
14686.0	15.0	1.0	0.0	0.0004404123942056799
14701.0	15.0	1.0	0.0	0.00019868672688798
14716.0	15.0	1.0	0.0	0.00019414978027339336
14731.0	15.0	1.0	0.0	0.0001325998942056933
14746.0	15.0	1.0	0.0	8.412679036457999e-05
14761.0	15.0	1.0	0.0	5.8438110351560834e-05
14776.0	15.0	1.0	0.0	8.990885416665747e-05
14791.0	15.0	1.0	0.0	3.9645385742187504e-05
14806.0	15.0	1.0	0.0	2.7145385742187502e-05
14821.0	15.0	1.0	0.0	1.844439208507538e-05
14836.0	15.0	1.0	0.0	1.285344064235687e-05
14851.0	15.0	1.0	0.0	1.1322838068008423e-05
14866.0	15.0	1.0	0.0	7.86061684290568e-06
14881.0	15.0	1.0	0.0	6.850214799245198e-06
14896.0	15.0	1.0	0.0	0.00026833797693250023
14911.0	15.0	1.0	0.0	8.737850189208065e-05
14926.0	15.0	1.0	0.0	0.0007748870213826067
14941.0	15.0	1.0	0.0	0.0010241931915282731
14956.0	15.0	1.0	0.0	0.00159531504313146
14971.0	15.0	1.0	0.0	0.0013676778157551664
14986.0	15.0	1.0	0.0	0.00065239206949864
15001.0	15.0	1.0	0.0	0.0008904734293619334
15016.0	15.0	1.0	0.0	0.0008900711059569799
15031.0	15.0	1.0	0.0	0.0007165552775064733
15046.0	15.0	1.0	0.0	0.00048440500895178
15061.0	15.0	1.0	0.0	0.00022603454589838673
15076.0	15.0	1.0	0.0	0.00013757832845048666
15091.0	15.0	1.0	0.0	9.578450520832167e-05
15106.0	15.0	1.0	0.0	5.862223307291667e-05
15121.0	15.0	1.0	0.0	3.694254557291667e-05
15136.0	15.0	1.0	0.0	2.3285929361979167e-05
15151.0	15.0	1.0	0.0	2.0514933268229167e-05
15166.0	15.0	1.0	0.0	1.1943562825520834e-05
15181.0	15.0	1.0	0.0	0.00017273842493691988
15196.0	15.0	1.0	0.0	1.0532728830973306e-05
15211.0	15.0	1.0	0.0	9.595584869384766e-06
15226.0	15.0	1.0	0.0	1.9902912775675458e-05
15241.0	15.0	1.0	0.0	9.424066543579103e-06
15256.0	15.0	1.0	0.0	0.0002341291109720709
15271.0	15.0	1.0	0.0	0.00017654949824010677
15286.0	15.0	1.0	0.0	0.0001835954030354508
15301.0	15.0	1.0	0.0	0.00031241512298579334
15316.0	15.0	1.0	0.0	0.00025915133158360665
15331.0	15.0	1.0	0.0	0.00024611066182449333
15346.0	15.0	1.0	0.0	0.00020585238138830667
15361.0	15.0	1.0	0.0	0.0001853235880533333
15376.0	15.0	1.0	0.0	0.0004203210194905067
15391.0	15.0	1.0	0.0	0.0006978693644205267
15406.0	15.0	1.0	0.0	0.0005137240091959
15421.0	15.0	1.0	0.0	0.00041603800455725337
15436.0	15.0	1.0	0.0	0.00021945292154942664
15451.0	15.0	1.0	0.0	0.00013096364339187333
15466.0	15.0	1.0	0.0	0.00011221110026038834
15481.0	15.0	1.0	0.0	0.00013143361409504418
15496.0	15.0	1.0	0.0	8.496297200519918e-05
15511.0	15.0	1.0	0.0	0.00024053853352862205
15526.0	15.0	1.0	0.0	5.458475748697916e-05
15541.0	15.0	1.0	0.0	4.461090018351873e-05
15556.0	15.0	1.0	0.0	6.295795987049143e-05
15571.0	15.0	1.0	0.0	2.624007860819499e-05
15586.0	15.0	1.0	0.0	1.6059541702270507e-05
15601.0	15.0	1.0	0.0	1.3516600926717123e-05
15616.0	15.0	1.0	0.0	8.170080979663522e-05
15631.0	15.0	1.0	0.0	0.00013748021125792204
15646.0	15.0	1.0	0.0	0.0005029318809509013
15661.0	15.0	1.0	0.0	0.0003036687850951667
15676.0	15.0	1.0	0.0	0.0003954817454019733
15691.0	15.0	1.0	0.0	0.0003237433115640867
15706.0	15.0	1.0	0.0	0.0015156890869140267
15721.0	15.0	1.0	0.0	0.0007222892761229867
15736.0	15.0	1.0	0.0	0.0004131696065266533
15751.0	15.0	1.0	0.0	0.0004892364501952667
15766.0	15.0	1.0	0.0	0.0005600891113280733
15781.0	15.0	1.0	0.0	0.0006409561157226066
15796.0	15.0	1.0	0.0	0.0003941472371418733
15811.0	15.0	1.0	0.0	0.00036107228597001345
15826.0	15.0	1.0	0.0	0.00023413187662756668
15841.0	15.0	1.0	0.0	0.00012672271728512375
15856.0	15.0	1.0	0.0	6.228332519531249e-05
15871.0	15.0	1.0	0.0	3.5566202799479166e-05
15886.0	15.0	1.0	0.0	2.2528584798177082e-05
15901.0	15.0	1.0	0.0	1.5352884928385416e-05
15916.0	15.0	1.0	0.0	1.1215834816296893e-05
15931.0	15.0	1.0	0.0	8.27350914478302e-06
15946.0	15.0	1.0	0.0	6.42319122950236e-06
15961.0	15.0	1.0	0.0	8.9844286441803e-06
15976.0	15.0	1.0	0.0	1.725680629412333e-05
15991.0	15.0	1.0	0.0	3.6113023757932157e-05
16006.0	15.0	1.0	0.0	0.00012807319164273413
16021.0	15.0	1.0	0.0	7.609880765278318e-05
16036.0	15.0	1.0	0.0	3.1042003631591805e-05
16051.0	15.0	1.0	0.0	0.00015177631378171709
16066.0	15.0	1.0	0.0	8.833611806232865e-05
16081.0	15.0	1.0	0.0	0.00019748388926182664
16096.0	15.0	1.0	0.0	0.00013996365865066
16111.0	15.0	1.0	0.0	0.00011277866363520667
16126.0	15.0	1.0	0.0	0.00010430749257401396
16141.0	15.0	1.0	0.0	0.0010829750061034653
16156.0	15.0	1.0	0.0	0.0006433982849120667
16171.0	15.0	1.0	0.0	0.00025902506510411337
16186.0	15.0	1.0	0.0	0.00014701614379878
16201.0	15.0	1.0	0.0	0.00010266113281247521
16216.0	15.0	1.0	0.0	5.8706919352213536e-05
16231.0	15.0	1.0	0.0	4.0942128499348954e-05
16246.0	15.0	1.0	0.0	2.396672566731771e-05
16261.0	15.0	1.0	0.0	1.5916951497395832e-05
16276.0	15.0	1.0	0.0	1.115603049596151e-05
16291.0	15.0	1.0	0.0	8.229333162307736e-06
16306.0	15.0	1.0	0.0	9.828571478525797e-06
16321.0	15.0	1.0	0.0	2.982645630836175e-05
16336.0	15.0	1.0	0.0	0.00014011361996331314
16351.0	15.0	1.0	0.0	2.2049077351888023e-05
16366.0	15.0	1.0	0.0	0.00014620375633236942
16381.0	15.0	1.0	0.0	0.00023587296803789188
16396.0	15.0	1.0	0.0	0.0005191948572794067
16411.0	15.0	1.0	0.0	0.0013375274658202533
16426.0	15.0	1.0	0.0	0.0013793457031249534
16441.0	15.0	1.0	0.0	0.0012781150817870665
16456.0	15.0	1.0	0.0	0.001347260030110633
16471.0	15.0	1.0	0.0	0.002681617228190054
16486.0	15.0	1.0	0.0	0.0017863047281900667
16501.0	15.0	1.0	0.0	0.0012045176188150667
16516.0	15.0	1.0	0.0	0.0007601440429687068
16531.0	15.0	1.0	0.0	0.00047228597005203335
16546.0	15.0	1.0	0.0	0.0003320434570312068
16561.0	15.0	1.0	0.0	0.0001433064778645583
16576.0	15.0	1.0	0.0	6.54276529947917e-05
16591.0	15.0	1.0	0.0	3.609313964843751e-05
16606.0	15.0	1.0	0.0	2.3604329427083332e-05
16621.0	15.0	1.0	0.0	1.5717569986979167e-05
16636.0	15.0	1.0	0.0	1.124425195157528e-05
16651.0	15.0	1.0	0.0	8.583835139870644e-06
16666.0	15.0	1.0	0.0	6.534531712532043e-06
16681.0	15.0	1.0	0.0	5.5506934722264594e-06
16696.0	15.0	1.0	0.0	2.804438670475669e-05
16711.0	15.0	1.0	0.0	7.165968020755405e-05
16726.0	15.0	1.0	0.0	5.047814846037786e-05
16741.0	15.0	1.0	0.0	0.0002394773165384675
16756.0	15.0	1.0	0.0	0.00016105724970494667
16771.0	15.0	1.0	0.0	0.0003738239924112533
16786.0	15.0	1.0	0.0	0.00023779792785639335
16801.0	15.0	1.0	0.0	0.0006785373687743533
16816.0	15.0	1.0	0.0	0.00159308153788244
16831.0	15.0	1.0	0.0	0.0012204689025878534
16846.0	15.0	1.0	0.0	0.0007019012451171334
16861.0	15.0	1.0	0.0	0.00045975799560543326
16876.0	15.0	1.0	0.0	0.00030010121663407336
16891.0	15.0	1.0	0.0	0.00022695109049474668
16906.0	15.0	1.0	0.0	0.0002225102742512533
16921.0	15.0	1.0	0.0	0.00016518147786453337
16936.0	15.0	1.0	0.0	0.00010060323079424665
16951.0	15.0	1.0	0.0	6.071828206380209e-05
16966.0	15.0	1.0	0.0	3.403879801432291e-05
16981.0	15.0	1.0	0.0	2.6289367675781248e-05
16996.0	15.0	1.0	0.0	1.551971435546875e-05
17011.0	15.0	1.0	0.0	1.6628075639406838e-05
17026.0	15.0	1.0	0.0	0.0002393745581308885
17041.0	15.0	1.0	0.0	3.106500307718597e-05
17056.0	15.0	1.0	0.0	1.1150741577148435e-05
17071.0	15.0	1.0	0.0	8.852100372314455e-06
17086.0	15.0	1.0	0.0	7.866732279459635e-06
17101.0	15.0	1.0	0.0	1.6899998982747397e-05
17116.0	15.0	1.0	0.0	0.00016512028376257707
17131.0	15.0	1.0	0.0	0.0006277571678161067
17146.0	15.0	1.0	0.0	0.0006154607137043801
17161.0	15.0	1.0	0.0	0.0011712679545083998
17176.0	15.0	1.0	0.0	0.001722832489013613
17191.0	15.0	1.0	0.0	0.0017280273437499532
17206.0	15.0	1.0	0.0	0.0017273981730142735
17221.0	15.0	1.0	0.0	0.0010036722819009867
17236.0	15.0	1.0	0.0	0.0008298329671223601
17251.0	15.0	1.0	0.0	0.0007029174804687133
17266.0	15.0	1.0	0.0	0.00034338175455725324
17281.0	15.0	1.0	0.0	0.0001305948893228825
17296.0	15.0	1.0	0.0	6.493937174479166e-05
17311.0	15.0	1.0	0.0	3.86474609375e-05
17326.0	15.0	1.0	0.0	6.793416341145668e-05
17341.0	15.0	1.0	0.0	2.116495768229167e-05
17356.0	15.0	1.0	0.0	0.0005544779459635299
17371.0	15.0	1.0	0.0	4.594710270563678e-05
17386.0	15.0	1.0	0.0	2.412453492482503e-05
17401.0	15.0	1.0	0.0	1.724392573038737e-05
17416.0	15.0	1.0	0.0	1.3829195499420164e-05
17431.0	15.0	1.0	0.0	7.65558083852006e-05
17446.0	15.0	1.0	0.0	0.00021088118553156735
17461.0	15.0	1.0	0.0	0.0001470875740050702
17476.0	15.0	1.0	0.0	9.016545613606771e-05
17491.0	15.0	1.0	0.0	0.00019059836069738474
17506.0	15.0	1.0	0.0	0.00024998245239252664
17521.0	15.0	1.0	0.0	0.00041016139984125996
17536.0	15.0	1.0	0.0	0.0007613957722981199
17551.0	15.0	1.0	0.0	0.0007336929321288533
17566.0	15.0	1.0	0.0	0.0012509719848632266
17581.0	15.0	1.0	0.0	0.0010762799580891398
17596.0	15.0	1.0	0.0	0.0006261108398436933
17611.0	15.0	1.0	0.0	0.0003172943115234
17626.0	15.0	1.0	0.0	0.00019523162841792
17641.0	15.0	1.0	0.0	0.00015064086914057332
17656.0	15.0	1.0	0.0	9.944610595701291e-05
17671.0	15.0	1.0	0.0	5.8393859863281246e-05
17686.0	15.0	1.0	0.0	3.6341857910156256e-05
17701.0	15.0	1.0	0.0	2.3311360677083334e-05
17716.0	15.0	1.0	0.0	1.6031392415364583e-05
17731.0	15.0	1.0	0.0	1.0895062983036041e-05
17746.0	15.0	1.0	0.0	8.65552475055059e-06
17761.0	15.0	1.0	0.0	1.7677563428878782e-05
17776.0	15.0	1.0	0.0	0.00011523704926171409
17791.0	15.0	1.0	0.0	0.0001106760819752958
17806.0	15.0	1.0	0.0	0.00034547077814735716
17821.0	15.0	1.0	0.0	0.0002520573298136017
17836.0	15.0	1.0	0.0	7.539278666178385e-05
17851.0	15.0	1.0	0.0	0.0005804887771605996
17866.0	15.0	1.0	0.0	0.00036934178670242003
17881.0	15.0	1.0	0.0	0.0008049832661946068
17896.0	15.0	1.0	0.0	0.001267702229817653
17911.0	15.0	1.0	0.0	0.0010199445088703869
17926.0	15.0	1.0	0.0	0.00134509785970048
17941.0	15.0	1.0	0.0	0.0012426640828450135
17956.0	15.0	1.0	0.0	0.0008038955688476
17971.0	15.0	1.0	0.0	0.00041596679687496
17986.0	15.0	1.0	0.0	0.0003002665201822467
18001.0	15.0	1.0	0.0	0.00021911214192703334
18016.0	15.0	1.0	0.0	0.00016901855468747334
18031.0	15.0	1.0	0.0	8.698120117186748e-05
18046.0	15.0	1.0	0.0	4.2896525065104165e-05
18061.0	15.0	1.0	0.0	2.5823974609375005e-05
18076.0	15.0	1.0	0.0	4.9387613932288335e-05
18091.0	15.0	1.0	0.0	1.5959676106770834e-05
18106.0	15.0	1.0	0.0	1.446967323621114e-05
18121.0	15.0	1.0	0.0	1.9559909900029502e-05
18136.0	15.0	1.0	0.0	1.1421056588490802e-05
18151.0	15.0	1.0	0.0	7.246236006418865e-06
18166.0	15.0	1.0	0.0	1.2081952889760333e-05
18181.0	15.0	1.0	0.0	7.464301586149952e-05
18196.0	15.0	1.0	0.0	2.6591221491495768e-05
18211.0	15.0	1.0	0.0	2.9405879974365233e-05
18226.0	15.0	1.0	0.0	5.406347910562732e-05
18241.0	15.0	1.0	0.0	0.0002479735533396124
18256.0	7.0	1.0	0.0	0.00014099897657117143
