stress_period	sp_length	time_step	study (0 : TS or 1 : SS)	rech
0.0	1.0	1.0	1.0	0.002212766656428194
1.0	100.0	1.0	0.0	0.0028929910278320033
101.0	100.0	1.0	0.0	0.0013504309082031038
201.0	100.0	1.0	0.0	0.0015118879699706628
301.0	100.0	1.0	0.0	0.004285591278076131
401.0	100.0	1.0	0.0	0.002545719604492166
501.0	100.0	1.0	0.0	0.0006685771107673392
601.0	100.0	1.0	0.0	0.0002662415194511283
701.0	100.0	1.0	0.0	0.0036646015357970764
801.0	100.0	1.0	0.0	0.0014166253662109018
901.0	100.0	1.0	0.0	0.00014136362075804879
1001.0	100.0	1.0	0.0	0.0038317955589294017
1101.0	100.0	1.0	0.0	0.0026770037841796507
1201.0	100.0	1.0	0.0	0.001496747436523415
1301.0	100.0	1.0	0.0	0.0018062313842773022
1401.0	100.0	1.0	0.0	0.0040165335083007445
1501.0	100.0	1.0	0.0	0.0026633148193359133
1601.0	100.0	1.0	0.0	0.0011011345434188515
1701.0	100.0	1.0	0.0	0.0007192000055312687
1801.0	100.0	1.0	0.0	0.002531301498413041
1901.0	100.0	1.0	0.0	0.0015874533081054348
2001.0	100.0	1.0	0.0	5.135583877563288e-05
2101.0	100.0	1.0	0.0	0.002660799922943077
2201.0	100.0	1.0	0.0	0.0024940036010741825
2301.0	100.0	1.0	0.0	0.0002938092041015359
2401.0	100.0	1.0	0.0	0.0012589112854003415
2501.0	100.0	1.0	0.0	0.003085313873290977
2601.0	100.0	1.0	0.0	0.0012071981811523178
2701.0	100.0	1.0	0.0	0.00021278863906857247
2801.0	100.0	1.0	0.0	0.0012529706382751263
2901.0	100.0	1.0	0.0	0.0034094668579101174
3001.0	100.0	1.0	0.0	0.001959552307128877
3101.0	100.0	1.0	0.0	0.00019517939567561588
3201.0	100.0	1.0	0.0	0.003533977098464924
3301.0	100.0	1.0	0.0	0.002744293823242155
3401.0	100.0	1.0	0.0	0.001561081155985568
3501.0	100.0	1.0	0.0	7.793824747203051e-05
3601.0	100.0	1.0	0.0	0.005033295660018881
3701.0	100.0	1.0	0.0	0.00237789001464841
3801.0	100.0	1.0	0.0	0.0009742250871658014
3901.0	100.0	1.0	0.0	0.00253627906322475
4001.0	100.0	1.0	0.0	0.0040912750244140325
4101.0	100.0	1.0	0.0	0.0016273352050780957
4201.0	100.0	1.0	0.0	0.0012395865631103186
4301.0	100.0	1.0	0.0	0.0036656237030028844
4401.0	100.0	1.0	0.0	0.0036225772094726273
4501.0	100.0	1.0	0.0	0.0015114920783042664
4601.0	100.0	1.0	0.0	0.001313710100650743
4701.0	100.0	1.0	0.0	0.003981878509521446
4801.0	100.0	1.0	0.0	0.004039097900390603
4901.0	100.0	1.0	0.0	0.0010246129894256226
5001.0	100.0	1.0	0.0	0.0015737073230742923
5101.0	100.0	1.0	0.0	0.0036433203124999636
5201.0	100.0	1.0	0.0	0.0011175262451171646
5301.0	100.0	1.0	0.0	7.108088493346253e-05
5401.0	100.0	1.0	0.0	0.004259157762527417
5501.0	100.0	1.0	0.0	0.0032647839355468503
5601.0	100.0	1.0	0.0	0.0010320756411552098
5701.0	100.0	1.0	0.0	0.0006240207409858327
5801.0	100.0	1.0	0.0	0.00447798198699947
5901.0	100.0	1.0	0.0	0.0030331140136718475
6001.0	100.0	1.0	0.0	0.001985476150512658
6101.0	100.0	1.0	0.0	0.0031211724090575706
6201.0	100.0	1.0	0.0	0.004172498168945281
6301.0	100.0	1.0	0.0	0.0024796282958984162
6401.0	100.0	1.0	0.0	0.00035012849807737644
6501.0	100.0	1.0	0.0	0.0030115389823913157
6601.0	100.0	1.0	0.0	0.004135303955078094
6701.0	100.0	1.0	0.0	0.0022510727858543063
6801.0	100.0	1.0	0.0	0.00126765691995616
6901.0	100.0	1.0	0.0	0.004053187408447229
7001.0	100.0	1.0	0.0	0.003269364624023413
7101.0	100.0	1.0	0.0	0.00010491851806639694
7201.0	100.0	1.0	0.0	0.0020855679321288532
7301.0	100.0	1.0	0.0	0.0029587332153319947
7401.0	100.0	1.0	0.0	0.0011261917114257518
7501.0	100.0	1.0	0.0	7.151810169219467e-05
7601.0	100.0	1.0	0.0	0.0022443928480147908
7701.0	100.0	1.0	0.0	0.004069714660644496
7801.0	100.0	1.0	0.0	0.0021474215602874424
7901.0	100.0	1.0	0.0	0.0023127003574370873
8001.0	100.0	1.0	0.0	0.0020172926330566
8101.0	100.0	1.0	0.0	0.002425581665039033
8201.0	100.0	1.0	0.0	0.0008012990951537688
8301.0	100.0	1.0	0.0	0.0018749747085570964
8401.0	100.0	1.0	0.0	0.00342609863281246
8501.0	100.0	1.0	0.0	0.0020668554687499744
8601.0	100.0	1.0	0.0	0.0004484839248656873
8701.0	100.0	1.0	0.0	0.0018324778366088398
8801.0	100.0	1.0	0.0	0.0035170478820800454
8901.0	100.0	1.0	0.0	0.00020115852415559542
9001.0	100.0	1.0	0.0	0.00041706668853754887
9101.0	100.0	1.0	0.0	0.004713159065246538
9201.0	100.0	1.0	0.0	0.0035793640136718512
9301.0	100.0	1.0	0.0	0.0005351363468169808
9401.0	100.0	1.0	0.0	0.0035001267147063797
9501.0	100.0	1.0	0.0	0.004672406616210908
9601.0	100.0	1.0	0.0	0.002384024047851551
9701.0	100.0	1.0	0.0	0.00021863946914670542
9801.0	100.0	1.0	0.0	0.004566174983978228
9901.0	100.0	1.0	0.0	0.0008515002441405992
10001.0	100.0	1.0	0.0	0.00038660508632658216
10101.0	100.0	1.0	0.0	0.0002244983530044164
10201.0	100.0	1.0	0.0	0.0043668912506103115
10301.0	100.0	1.0	0.0	0.001402784118652321
10401.0	100.0	1.0	0.0	0.00023515369415280055
10501.0	100.0	1.0	0.0	0.004280281486511184
10601.0	100.0	1.0	0.0	0.003043629150390596
10701.0	100.0	1.0	0.0	0.0014845367431640386
10801.0	100.0	1.0	0.0	8.959742546080457e-05
10901.0	100.0	1.0	0.0	0.0035401968860625755
11001.0	100.0	1.0	0.0	0.004300850830078098
11101.0	100.0	1.0	0.0	0.000625499546527841
11201.0	100.0	1.0	0.0	0.00011795650243757095
11301.0	100.0	1.0	0.0	0.0024383164119719932
11401.0	100.0	1.0	0.0	0.002283226928710898
11501.0	100.0	1.0	0.0	0.0005964413070678391
11601.0	100.0	1.0	0.0	0.0028844131851195874
11701.0	100.0	1.0	0.0	0.001979884948730429
11801.0	100.0	1.0	0.0	0.000489055480957006
11901.0	100.0	1.0	0.0	0.001254383773803663
12001.0	100.0	1.0	0.0	0.0035055146026610963
12101.0	100.0	1.0	0.0	0.003475674133300756
12201.0	100.0	1.0	0.0	0.0002744410943984689
12301.0	100.0	1.0	0.0	0.0001727653837203824
12401.0	100.0	1.0	0.0	0.0036055520057677783
12501.0	100.0	1.0	0.0	0.001946002502441378
12601.0	100.0	1.0	0.0	0.0006962984085082633
12701.0	100.0	1.0	0.0	0.006000637626647908
12801.0	100.0	1.0	0.0	0.003910559692382792
12901.0	100.0	1.0	0.0	0.002920841439962388
13001.0	100.0	1.0	0.0	0.0010608223783969758
13101.0	100.0	1.0	0.0	0.006513799438476528
13201.0	100.0	1.0	0.0	0.0036415911865234174
13301.0	100.0	1.0	0.0	0.0010161208343505662
13401.0	100.0	1.0	0.0	0.0019028258514403817
13501.0	100.0	1.0	0.0	0.004962389984130823
13601.0	100.0	1.0	0.0	0.001024585571289039
13701.0	100.0	1.0	0.0	3.405834555625714e-05
13801.0	100.0	1.0	0.0	0.002792718082666361
13901.0	100.0	1.0	0.0	0.003304501037597622
14001.0	100.0	1.0	0.0	0.0002582043221592774
14101.0	100.0	1.0	0.0	7.495926350354658e-05
14201.0	100.0	1.0	0.0	0.0021290982246398526
14301.0	100.0	1.0	0.0	0.0027874058532714498
14401.0	100.0	1.0	0.0	0.0007915035247802357
14501.0	100.0	1.0	0.0	0.003794086685180622
14601.0	100.0	1.0	0.0	0.0032075698852538762
14701.0	100.0	1.0	0.0	0.0022123455810546615
14801.0	100.0	1.0	0.0	7.129705429076116e-05
14901.0	100.0	1.0	0.0	0.00488613489150997
15001.0	100.0	1.0	0.0	0.003298949890136694
15101.0	100.0	1.0	0.0	0.0008608410358428664
15201.0	100.0	1.0	0.0	0.003259062528610179
15301.0	100.0	1.0	0.0	0.004640740966796843
15401.0	100.0	1.0	0.0	0.004344583129882801
15501.0	100.0	1.0	0.0	0.00017517411708831468
15601.0	100.0	1.0	0.0	0.0034072263956069554
15701.0	100.0	1.0	0.0	0.005896293334960907
15801.0	100.0	1.0	0.0	0.002214792480468736
15901.0	100.0	1.0	0.0	0.0003128020668029406
16001.0	100.0	1.0	0.0	0.0034952283287047925
16101.0	100.0	1.0	0.0	0.0029048907470702865
16201.0	100.0	1.0	0.0	0.000453111503124203
16301.0	100.0	1.0	0.0	0.0018768700337409474
16401.0	100.0	1.0	0.0	0.003983201446533165
16501.0	100.0	1.0	0.0	0.0032375476074218467
16601.0	100.0	1.0	0.0	0.00011915774345395942
16701.0	100.0	1.0	0.0	0.003136676301956145
16801.0	100.0	1.0	0.0	0.0030823379516601327
16901.0	100.0	1.0	0.0	0.0020275427246093463
17001.0	100.0	1.0	0.0	6.460521221160409e-05
17101.0	100.0	1.0	0.0	0.0033487480592727225
17201.0	100.0	1.0	0.0	0.002152941284179653
17301.0	100.0	1.0	0.0	0.0013105044937133468
17401.0	100.0	1.0	0.0	0.002550978355407667
17501.0	100.0	1.0	0.0	0.004725591735839808
17601.0	100.0	1.0	0.0	0.0038633673095702977
17701.0	100.0	1.0	0.0	7.453865528106685e-05
17801.0	100.0	1.0	0.0	0.002402831187248205
17901.0	100.0	1.0	0.0	0.0011820283508300407
18001.0	100.0	1.0	0.0	0.0006056494140624605
18101.0	100.0	1.0	0.0	3.6717309951781486e-05
18201.0	62.0	1.0	0.0	0.0024152343350071622
