stress_period	sp_length	time_step	study (0 : TS or 1 : SS)	rech
0.0	1.0	1.0	1.0	0.00034706977240186706
1.0	15.0	1.0	0.0	0.0008603315989175933
16.0	15.0	1.0	0.0	0.00170006891886388
31.0	15.0	1.0	0.0	0.0021175420125325
46.0	15.0	1.0	0.0	0.0014523269653319863
61.0	15.0	1.0	0.0	0.0009170450846353665
76.0	15.0	1.0	0.0	0.0008879943847655867
91.0	15.0	1.0	0.0	0.0008809448242187067
106.0	15.0	1.0	0.0	0.0003753468831379733
121.0	15.0	1.0	0.0	0.0002643910725911067
136.0	15.0	1.0	0.0	0.0001392974853515267
151.0	15.0	1.0	0.0	0.0003326263427734117
166.0	15.0	1.0	0.0	0.00012868754069006
181.0	15.0	1.0	0.0	8.51959228515575e-05
196.0	15.0	1.0	0.0	5.3340657552083334e-05
211.0	15.0	1.0	0.0	3.91350507736206e-05
226.0	15.0	1.0	0.0	2.5044977664947513e-05
241.0	15.0	1.0	0.0	2.2191321849823002e-05
256.0	15.0	1.0	0.0	1.4495801925659179e-05
271.0	15.0	1.0	0.0	0.0001254269838332904
286.0	15.0	1.0	0.0	2.485918998718262e-05
301.0	15.0	1.0	0.0	3.136595090230306e-05
316.0	15.0	1.0	0.0	0.0005056083043416096
331.0	15.0	1.0	0.0	0.0002083311080931999
346.0	15.0	1.0	0.0	0.00018497912089024
361.0	15.0	1.0	0.0	0.00110508588155106
376.0	15.0	1.0	0.0	0.0020319485982258664
391.0	15.0	1.0	0.0	0.0022218159993489064
406.0	15.0	1.0	0.0	0.0012096425374348533
421.0	15.0	1.0	0.0	0.0007453984578450134
436.0	15.0	1.0	0.0	0.0008975346883137667
451.0	15.0	1.0	0.0	0.00086513671874996
466.0	15.0	1.0	0.0	0.0003688883463541201
481.0	15.0	1.0	0.0	0.00022621968587233334
496.0	15.0	1.0	0.0	0.00014340006510413334
511.0	15.0	1.0	0.0	8.632507324217498e-05
526.0	15.0	1.0	0.0	4.818623860677084e-05
541.0	15.0	1.0	0.0	2.7799479166666664e-05
556.0	15.0	1.0	0.0	1.7954508463541668e-05
571.0	15.0	1.0	0.0	1.1992626885573067e-05
586.0	15.0	1.0	0.0	1.0499827563762664e-05
601.0	15.0	1.0	0.0	1.7667915423707065e-05
616.0	15.0	1.0	0.0	6.2743504842122385e-06
631.0	15.0	1.0	0.0	0.00033731425603227987
646.0	15.0	1.0	0.0	8.421014149981501e-05
661.0	15.0	1.0	0.0	0.0002269261360168224
676.0	15.0	1.0	0.0	6.533699035644532e-05
691.0	15.0	1.0	0.0	0.00013956101735429973
706.0	15.0	1.0	0.0	0.00027441870371494673
721.0	15.0	1.0	0.0	0.0007949197133381534
736.0	15.0	1.0	0.0	0.0006114709218342599
751.0	15.0	1.0	0.0	0.00037274373372392003
766.0	15.0	1.0	0.0	0.0003979860941568534
781.0	15.0	1.0	0.0	0.0009838628133137467
796.0	15.0	1.0	0.0	0.0009715021769205269
811.0	15.0	1.0	0.0	0.0005400761922200066
826.0	15.0	1.0	0.0	0.0003684494018554266
841.0	15.0	1.0	0.0	0.0002801066080728734
856.0	15.0	1.0	0.0	0.00014553476969396002
871.0	15.0	1.0	0.0	8.98295084635375e-05
886.0	15.0	1.0	0.0	5.416920979817708e-05
901.0	15.0	1.0	0.0	3.3961486816406254e-05
916.0	15.0	1.0	0.0	2.0063781738281256e-05
931.0	15.0	1.0	0.0	1.5180043255289398e-05
946.0	15.0	1.0	0.0	1.201034796734651e-05
961.0	15.0	1.0	0.0	1.7674316962560017e-05
976.0	15.0	1.0	0.0	4.955718715985183e-05
991.0	15.0	1.0	0.0	1.1381689707438151e-05
1006.0	15.0	1.0	0.0	0.0001337163607279292
1021.0	15.0	1.0	0.0	1.421178181966146e-05
1036.0	15.0	1.0	0.0	9.511760075885791e-05
1051.0	15.0	1.0	0.0	0.0004432065645853133
1066.0	15.0	1.0	0.0	0.0001528223037719267
1081.0	15.0	1.0	0.0	0.0002500020980834467
1096.0	15.0	1.0	0.0	0.0005962131500243666
1111.0	15.0	1.0	0.0	0.0004277208964029468
1126.0	15.0	1.0	0.0	0.00033606440226232004
1141.0	15.0	1.0	0.0	0.00023855260213212005
1156.0	15.0	1.0	0.0	0.00022960586547847333
1171.0	15.0	1.0	0.0	0.0005113273620605
1186.0	15.0	1.0	0.0	0.0003336944580077599
1201.0	15.0	1.0	0.0	0.0003342661539713
1216.0	15.0	1.0	0.0	0.0003112917582193534
1231.0	15.0	1.0	0.0	0.0002136993408202667
1246.0	15.0	1.0	0.0	0.00023621266682937998
1261.0	15.0	1.0	0.0	9.80387369791425e-05
1276.0	15.0	1.0	0.0	5.3974405924479165e-05
1291.0	15.0	1.0	0.0	3.271077473958334e-05
1306.0	15.0	1.0	0.0	2.0872691273689274e-05
1321.0	15.0	1.0	0.0	1.5517110625902818e-05
1336.0	15.0	1.0	0.0	1.1891951163609823e-05
1351.0	15.0	1.0	0.0	4.562700192132601e-05
1366.0	15.0	1.0	0.0	1.5291531880696617e-05
1381.0	15.0	1.0	0.0	0.00020579125086465244
1396.0	15.0	1.0	0.0	3.5979461669921885e-05
1411.0	15.0	1.0	0.0	5.911200841267313e-05
1426.0	15.0	1.0	0.0	0.0003253666559854798
1441.0	15.0	1.0	0.0	0.0007298265457152934
1456.0	15.0	1.0	0.0	0.0005033982594807334
1471.0	15.0	1.0	0.0	0.0004894172668456601
1486.0	15.0	1.0	0.0	0.0006321169535318467
1501.0	15.0	1.0	0.0	0.00102872517903642
1516.0	15.0	1.0	0.0	0.0009177558898925266
1531.0	15.0	1.0	0.0	0.00055062713623042
1546.0	15.0	1.0	0.0	0.0005129048665364
1561.0	15.0	1.0	0.0	0.0003677724202473533
1576.0	15.0	1.0	0.0	0.00019943542480463998
1591.0	15.0	1.0	0.0	0.00012806854248042498
1606.0	15.0	1.0	0.0	6.969909667968751e-05
1621.0	15.0	1.0	0.0	6.460825602212542e-05
1636.0	15.0	1.0	0.0	3.1379699707031247e-05
1651.0	15.0	1.0	0.0	2.0868937174479162e-05
1666.0	15.0	1.0	0.0	0.00010086371699967933
1681.0	15.0	1.0	0.0	1.549706260363261e-05
1696.0	15.0	1.0	0.0	1.1060420672098795e-05
1711.0	15.0	1.0	0.0	8.717493216196695e-06
1726.0	15.0	1.0	0.0	3.162744045257173e-05
1741.0	15.0	1.0	0.0	4.7448086738584506e-05
1756.0	15.0	1.0	0.0	0.00020593620936071313
1771.0	15.0	1.0	0.0	0.00022364021937048992
1786.0	15.0	1.0	0.0	0.00023804912567134903
1801.0	15.0	1.0	0.0	0.0007445613225300601
1816.0	15.0	1.0	0.0	0.0007628086090087467
1831.0	15.0	1.0	0.0	0.0008048871358235134
1846.0	15.0	1.0	0.0	0.0016012878417968333
1861.0	15.0	1.0	0.0	0.0022616205851236537
1876.0	15.0	1.0	0.0	0.0010415252685546399
1891.0	15.0	1.0	0.0	0.0008834782918293865
1906.0	15.0	1.0	0.0	0.0005773783365885067
1921.0	15.0	1.0	0.0	0.00026420796712235337
1936.0	15.0	1.0	0.0	0.00014784952799474667
1951.0	15.0	1.0	0.0	0.00010239359537757249
1966.0	15.0	1.0	0.0	6.559143066406249e-05
1981.0	15.0	1.0	0.0	4.3512980143229165e-05
1996.0	15.0	1.0	0.0	2.7107747395833333e-05
2011.0	15.0	1.0	0.0	1.9810994466145833e-05
2026.0	15.0	1.0	0.0	1.3201566413044928e-05
2041.0	15.0	1.0	0.0	9.678421542048453e-06
2056.0	15.0	1.0	0.0	8.114327987035117e-06
2071.0	15.0	1.0	0.0	3.462463617324679e-05
2086.0	15.0	1.0	0.0	8.056991100309693e-05
2101.0	15.0	1.0	0.0	0.00010279591878253534
2116.0	15.0	1.0	0.0	0.00041803118387852983
2131.0	15.0	1.0	0.0	0.00020308659871414003
2146.0	15.0	1.0	0.0	0.0005152570088704
2161.0	15.0	1.0	0.0	0.0006163817087808734
2176.0	15.0	1.0	0.0	0.0009824661254882333
2191.0	15.0	1.0	0.0	0.0014422604878742934
2206.0	15.0	1.0	0.0	0.0019613525390624466
2221.0	15.0	1.0	0.0	0.0021091959635416205
2236.0	15.0	1.0	0.0	0.0013701751708983935
2251.0	15.0	1.0	0.0	0.0009399047851562067
2266.0	15.0	1.0	0.0	0.0009628489176431933
2281.0	15.0	1.0	0.0	0.0012324717203775599
2296.0	15.0	1.0	0.0	0.0008315470377603667
2311.0	15.0	1.0	0.0	0.00043903808593746005
2326.0	15.0	1.0	0.0	0.00034871114095046666
2341.0	15.0	1.0	0.0	0.0003475128173827734
2356.0	15.0	1.0	0.0	0.00015794270833328664
2371.0	15.0	1.0	0.0	7.122904459635416e-05
2386.0	15.0	1.0	0.0	4.09759521484375e-05
2401.0	15.0	1.0	0.0	2.6078995068868e-05
2416.0	15.0	1.0	0.0	1.9230345884958906e-05
2431.0	15.0	1.0	0.0	1.4408238728841144e-05
2446.0	15.0	1.0	0.0	7.752599318821479e-05
2461.0	15.0	1.0	0.0	1.0837078094482422e-05
2476.0	15.0	1.0	0.0	8.896382649739583e-06
2491.0	15.0	1.0	0.0	0.0003897946516672592
2506.0	15.0	1.0	0.0	0.0006300879796345466
2521.0	15.0	1.0	0.0	0.00024912872314448
2536.0	15.0	1.0	0.0	0.00023959121704097332
2551.0	15.0	1.0	0.0	0.0007685995737711
2566.0	15.0	1.0	0.0	0.0019136728922525598
2581.0	15.0	1.0	0.0	0.0011526158650715665
2596.0	15.0	1.0	0.0	0.0005354192097981268
2611.0	15.0	1.0	0.0	0.00034487101236975324
2626.0	15.0	1.0	0.0	0.00027943420410152665
2641.0	15.0	1.0	0.0	0.0001762680053710467
2656.0	15.0	1.0	0.0	0.00013790079752599334
2671.0	15.0	1.0	0.0	0.00012389272054032
2686.0	15.0	1.0	0.0	8.465830485025539e-05
2701.0	15.0	1.0	0.0	5.027262369791666e-05
2716.0	15.0	1.0	0.0	3.518625895182291e-05
2731.0	15.0	1.0	0.0	2.60101318359375e-05
2746.0	15.0	1.0	0.0	1.70684814453125e-05
2761.0	15.0	1.0	0.0	1.2252552807331086e-05
2776.0	15.0	1.0	0.0	9.532890220483145e-06
2791.0	15.0	1.0	0.0	1.2889364361763e-05
2806.0	15.0	1.0	0.0	6.535249948500676e-05
2821.0	15.0	1.0	0.0	9.41322644551595e-06
2836.0	15.0	1.0	0.0	4.189627965290998e-05
2851.0	15.0	1.0	0.0	2.4387439092000324e-05
2866.0	15.0	1.0	0.0	5.65044085184652e-05
2881.0	15.0	1.0	0.0	0.00011213296254472486
2896.0	15.0	1.0	0.0	0.0012706003824869202
2911.0	15.0	1.0	0.0	0.001255150604248
2926.0	15.0	1.0	0.0	0.0009508501688638933
2941.0	15.0	1.0	0.0	0.0010547009785969532
2956.0	15.0	1.0	0.0	0.00141212310791012
2971.0	15.0	1.0	0.0	0.0015431818644205265
2986.0	15.0	1.0	0.0	0.0006644037882486533
3001.0	15.0	1.0	0.0	0.0012430185953775602
3016.0	15.0	1.0	0.0	0.0011330200195312134
3031.0	15.0	1.0	0.0	0.0005279510498046467
3046.0	15.0	1.0	0.0	0.0008406606038410998
3061.0	15.0	1.0	0.0	0.00041276346842444677
3076.0	15.0	1.0	0.0	0.00048072814941401326
3091.0	15.0	1.0	0.0	0.0001677683512369467
3106.0	15.0	1.0	0.0	7.574768066406083e-05
3121.0	15.0	1.0	0.0	4.1856355468432115e-05
3136.0	15.0	1.0	0.0	3.115115265051524e-05
3151.0	15.0	1.0	0.0	2.0318897565205893e-05
3166.0	15.0	1.0	0.0	1.7848320802052816e-05
3181.0	15.0	1.0	0.0	3.537460168202717e-05
3196.0	15.0	1.0	0.0	7.354737122853373e-05
3211.0	15.0	1.0	0.0	0.00015191884040831595
3226.0	15.0	1.0	0.0	0.0006865042050679054
3241.0	15.0	1.0	0.0	0.0001696762084960667
3256.0	15.0	1.0	0.0	0.00047171630859369997
3271.0	15.0	1.0	0.0	0.0004040251413980599
3286.0	15.0	1.0	0.0	0.00041841443379715335
3301.0	15.0	1.0	0.0	0.0012844451904296466
3316.0	15.0	1.0	0.0	0.0007633878072102536
3331.0	15.0	1.0	0.0	0.0006332667032877134
3346.0	15.0	1.0	0.0	0.0007071797688801733
3361.0	15.0	1.0	0.0	0.0009170801798502133
3376.0	15.0	1.0	0.0	0.0021944595336913465
3391.0	15.0	1.0	0.0	0.0015194763183593398
3406.0	15.0	1.0	0.0	0.0005263061523437132
3421.0	15.0	1.0	0.0	0.00026270141601557334
3436.0	15.0	1.0	0.0	0.00011969909667965917
3451.0	15.0	1.0	0.0	6.819661458332834e-05
3466.0	15.0	1.0	0.0	3.81256103515625e-05
3481.0	15.0	1.0	0.0	2.47161865234375e-05
3496.0	15.0	1.0	0.0	2.0099865396817526e-05
3511.0	15.0	1.0	0.0	1.299037237962087e-05
3526.0	15.0	1.0	0.0	2.6625557740527618e-05
3541.0	15.0	1.0	0.0	1.6075698534647624e-05
3556.0	15.0	1.0	0.0	9.711631139119466e-06
3571.0	15.0	1.0	0.0	0.00010896890163420032
3586.0	15.0	1.0	0.0	0.00013489882151282307
3601.0	15.0	1.0	0.0	5.4247411092110735e-05
3616.0	15.0	1.0	0.0	0.0003956875165303067
3631.0	15.0	1.0	0.0	0.0005045191446939534
3646.0	15.0	1.0	0.0	0.00072258021036778
3661.0	15.0	1.0	0.0	0.00096418838500972
3676.0	15.0	1.0	0.0	0.0012820943196614064
3691.0	15.0	1.0	0.0	0.002353284962971974
3706.0	15.0	1.0	0.0	0.0008888783772785932
3721.0	15.0	1.0	0.0	0.0003657313028970867
3736.0	15.0	1.0	0.0	0.0005897226969400467
3751.0	15.0	1.0	0.0	0.00056605733235674
3766.0	15.0	1.0	0.0	0.0002930775960286067
3781.0	15.0	1.0	0.0	0.00022651977539057337
3796.0	15.0	1.0	0.0	0.0001362182617187125
3811.0	15.0	1.0	0.0	6.710103352864582e-05
3826.0	15.0	1.0	0.0	3.617757161458334e-05
3841.0	15.0	1.0	0.0	7.881876627603585e-05
3856.0	15.0	1.0	0.0	2.182889382044474e-05
3871.0	15.0	1.0	0.0	1.4237121740976969e-05
3886.0	15.0	1.0	0.0	1.0643657048543296e-05
3901.0	15.0	1.0	0.0	8.598808447519937e-06
3916.0	15.0	1.0	0.0	7.074252764383951e-06
3931.0	15.0	1.0	0.0	6.4943830172220875e-06
3946.0	15.0	1.0	0.0	7.96482642491481e-05
3961.0	15.0	1.0	0.0	0.0006007801532744734
3976.0	15.0	1.0	0.0	0.0007904254277546732
3991.0	15.0	1.0	0.0	0.0014817780812580868
4006.0	15.0	1.0	0.0	0.0022363634745279403
4021.0	15.0	1.0	0.0	0.0013409556070963001
4036.0	15.0	1.0	0.0	0.0008579701741536001
4051.0	15.0	1.0	0.0	0.0006661178588866667
4066.0	15.0	1.0	0.0	0.00045978953043615333
4081.0	15.0	1.0	0.0	0.00041853230794266664
4096.0	15.0	1.0	0.0	0.0002718170166015333
4111.0	15.0	1.0	0.0	0.0002073852539062067
4126.0	15.0	1.0	0.0	0.00014630330403642003
4141.0	15.0	1.0	0.0	8.523152669269583e-05
4156.0	15.0	1.0	0.0	0.0003008076985676874
4171.0	15.0	1.0	0.0	7.675272623697916e-05
4186.0	15.0	1.0	0.0	0.00019425659179687335
4201.0	15.0	1.0	0.0	4.5266723632812495e-05
4216.0	15.0	1.0	0.0	2.9294840494791673e-05
4231.0	15.0	1.0	0.0	1.951117912928263e-05
4246.0	15.0	1.0	0.0	8.62102230389829e-05
4261.0	15.0	1.0	0.0	1.5080459912618002e-05
4276.0	15.0	1.0	0.0	2.0189619064331054e-05
4291.0	15.0	1.0	0.0	5.251207351683693e-05
4306.0	15.0	1.0	0.0	2.6808214187622077e-05
4321.0	15.0	1.0	0.0	0.00015851411819455132
4336.0	15.0	1.0	0.0	0.00021017303466794917
4351.0	15.0	1.0	0.0	0.0005740648905435732
4366.0	15.0	1.0	0.0	0.0008709110260009267
4381.0	15.0	1.0	0.0	0.0009506445566812734
4396.0	15.0	1.0	0.0	0.0016592145284016467
4411.0	15.0	1.0	0.0	0.00097262674967444
4426.0	15.0	1.0	0.0	0.0010169087727864134
4441.0	15.0	1.0	0.0	0.0010226420084634867
4456.0	15.0	1.0	0.0	0.0008267466227213199
4471.0	15.0	1.0	0.0	0.0005417007446288666
4486.0	15.0	1.0	0.0	0.00031092631022132004
4501.0	15.0	1.0	0.0	0.00017644653320308
4516.0	15.0	1.0	0.0	9.115905761717833e-05
4531.0	15.0	1.0	0.0	5.564066569010417e-05
4546.0	15.0	1.0	0.0	3.5455322265625e-05
4561.0	15.0	1.0	0.0	2.3366292317708335e-05
4576.0	15.0	1.0	0.0	1.7498779296875e-05
4591.0	15.0	1.0	0.0	1.9307760397593178e-05
4606.0	15.0	1.0	0.0	1.073654294013977e-05
4621.0	15.0	1.0	0.0	8.69730313618978e-06
4636.0	15.0	1.0	0.0	7.154426972071331e-06
4651.0	15.0	1.0	0.0	7.558794816335042e-06
4666.0	15.0	1.0	0.0	4.303192297617594e-05
4681.0	15.0	1.0	0.0	9.559835592904575e-05
4696.0	15.0	1.0	0.0	0.00041223408381138663
4711.0	15.0	1.0	0.0	0.00035046838124588
4726.0	15.0	1.0	0.0	0.00052442741394038
4741.0	15.0	1.0	0.0	0.0006061367034911666
4756.0	15.0	1.0	0.0	0.00044960314432775333
4771.0	15.0	1.0	0.0	0.0006931772867838067
4786.0	15.0	1.0	0.0	0.0005524983723958001
4801.0	15.0	1.0	0.0	0.0015802444458007333
4816.0	15.0	1.0	0.0	0.00113280131022132
4831.0	15.0	1.0	0.0	0.00045935668945308003
4846.0	15.0	1.0	0.0	0.0003232147216796334
4861.0	15.0	1.0	0.0	0.00026328735351558667
4876.0	15.0	1.0	0.0	0.00022756449381506
4891.0	15.0	1.0	0.0	0.00012090962727859998
4906.0	15.0	1.0	0.0	5.8793131510416656e-05
4921.0	15.0	1.0	0.0	3.155263264973959e-05
4936.0	15.0	1.0	0.0	1.9618225097656248e-05
4951.0	15.0	1.0	0.0	1.3966093212366106e-05
4966.0	15.0	1.0	0.0	1.0932185500860215e-05
4981.0	15.0	1.0	0.0	0.00013916616439818485
4996.0	15.0	1.0	0.0	1.92529837290446e-05
5011.0	15.0	1.0	0.0	1.7850971221923824e-05
5026.0	15.0	1.0	0.0	1.3916269938151042e-05
5041.0	15.0	1.0	0.0	0.0005714060306548533
5056.0	15.0	1.0	0.0	0.0003513713200886689
5071.0	15.0	1.0	0.0	0.0006183666229247601
5086.0	15.0	1.0	0.0	0.0006321004231770468
5101.0	15.0	1.0	0.0	0.0004277180989582867
5116.0	15.0	1.0	0.0	0.0005706260681151934
5131.0	15.0	1.0	0.0	0.00064914067586258
5146.0	15.0	1.0	0.0	0.0007861190795898
5161.0	15.0	1.0	0.0	0.0005697326660155866
5176.0	15.0	1.0	0.0	0.0006459447224934334
5191.0	15.0	1.0	0.0	0.0004172551472981333
5206.0	15.0	1.0	0.0	0.0002692225138346
5221.0	15.0	1.0	0.0	0.00025197652180985997
5236.0	15.0	1.0	0.0	0.00017684580485021332
5251.0	15.0	1.0	0.0	0.0001249984741210425
5266.0	15.0	1.0	0.0	7.978159586588543e-05
5281.0	15.0	1.0	0.0	4.8593648274739575e-05
5296.0	15.0	1.0	0.0	2.7708943684895834e-05
5311.0	15.0	1.0	0.0	1.7634582519531253e-05
5326.0	15.0	1.0	0.0	1.2770454088846841e-05
5341.0	15.0	1.0	0.0	1.4152151346206663e-05
5356.0	15.0	1.0	0.0	9.420762459437053e-06
5371.0	15.0	1.0	0.0	6.712687015533447e-06
5386.0	15.0	1.0	0.0	1.727665662765503e-05
5401.0	15.0	1.0	0.0	6.1029314994801525e-05
5416.0	15.0	1.0	0.0	4.857343832651527e-05
5431.0	15.0	1.0	0.0	0.00028248991966245705
5446.0	15.0	1.0	0.0	0.00027168560028072
5461.0	15.0	1.0	0.0	0.00023902180989578004
5476.0	15.0	1.0	0.0	0.00047353089650467334
5491.0	15.0	1.0	0.0	0.0011125517527261868
5506.0	15.0	1.0	0.0	0.00128227030436192
5521.0	15.0	1.0	0.0	0.0008451204935709133
5536.0	15.0	1.0	0.0	0.0005882247924804334
5551.0	15.0	1.0	0.0	0.00038977762858067336
5566.0	15.0	1.0	0.0	0.00028675181070959995
5581.0	15.0	1.0	0.0	0.00025423736572262
5596.0	15.0	1.0	0.0	0.00018113199869786
5611.0	15.0	1.0	0.0	0.00015063374837235335
5626.0	15.0	1.0	0.0	0.00012193705240881083
5641.0	15.0	1.0	0.0	7.519887288411458e-05
5656.0	15.0	1.0	0.0	0.000118901062011705
5671.0	15.0	1.0	0.0	5.5273946126300004e-05
5686.0	15.0	1.0	0.0	5.609360113739343e-05
5701.0	15.0	1.0	0.0	3.513237237930298e-05
5716.0	15.0	1.0	0.0	2.8131977717081706e-05
5731.0	15.0	1.0	0.0	5.364492734272656e-05
5746.0	15.0	1.0	0.0	5.388197898864263e-05
5761.0	15.0	1.0	0.0	2.9101165135701498e-05
5776.0	15.0	1.0	0.0	0.00027512003580724027
5791.0	15.0	1.0	0.0	0.0003183812459309467
5806.0	15.0	1.0	0.0	0.0002291741689045733
5821.0	15.0	1.0	0.0	0.0005797152201334266
5836.0	15.0	1.0	0.0	0.0007114790598551
5851.0	15.0	1.0	0.0	0.0005531481424966934
5866.0	15.0	1.0	0.0	0.0007618802388508601
5881.0	15.0	1.0	0.0	0.0015759511311848335
5896.0	15.0	1.0	0.0	0.001544727579752567
5911.0	15.0	1.0	0.0	0.0008219258626301534
5926.0	15.0	1.0	0.0	0.0006193501790364134
5941.0	15.0	1.0	0.0	0.0003806518554687067
5956.0	15.0	1.0	0.0	0.00022648925781245337
5971.0	15.0	1.0	0.0	0.00012036336263016916
5986.0	15.0	1.0	0.0	7.113647460937501e-05
6001.0	15.0	1.0	0.0	0.00011158955891926083
6016.0	15.0	1.0	0.0	3.603210449218749e-05
6031.0	15.0	1.0	0.0	2.3451741536458336e-05
6046.0	15.0	1.0	0.0	0.00010284061580896296
6061.0	15.0	1.0	0.0	1.8086324632167816e-05
6076.0	15.0	1.0	0.0	2.7186795075732096e-05
6091.0	15.0	1.0	0.0	1.1301016807556151e-05
6106.0	15.0	1.0	0.0	1.0972531636555987e-05
6121.0	15.0	1.0	0.0	1.8994808197021485e-05
6136.0	15.0	1.0	0.0	0.00022966602643327962
6151.0	15.0	1.0	0.0	0.00010187031428017347
6166.0	15.0	1.0	0.0	4.335972468058268e-05
6181.0	15.0	1.0	0.0	7.941786448159245e-05
6196.0	15.0	1.0	0.0	7.55030314127604e-05
6211.0	15.0	1.0	0.0	0.00012184969584144511
6226.0	15.0	1.0	0.0	0.00019600372314449027
6241.0	15.0	1.0	0.0	0.00019948520660396
6256.0	15.0	1.0	0.0	0.0002217720031737867
6271.0	15.0	1.0	0.0	0.00018406956990554003
6286.0	15.0	1.0	0.0	0.00018848393758132668
6301.0	15.0	1.0	0.0	0.00023678359985346672
6316.0	15.0	1.0	0.0	0.00018450139363602
6331.0	15.0	1.0	0.0	0.0001144999186197502
6346.0	15.0	1.0	0.0	6.654993693033855e-05
6361.0	15.0	1.0	0.0	4.132563273111979e-05
6376.0	15.0	1.0	0.0	3.6551920572916666e-05
6391.0	15.0	1.0	0.0	2.732798258463542e-05
6406.0	15.0	1.0	0.0	0.0002264076232909979
6421.0	15.0	1.0	0.0	2.923109531402588e-05
6436.0	15.0	1.0	0.0	0.00026263138453164745
6451.0	15.0	1.0	0.0	2.9668744405110678e-05
6466.0	15.0	1.0	0.0	3.096373875935873e-05
6481.0	15.0	1.0	0.0	4.0571085611976616e-05
6496.0	15.0	1.0	0.0	2.4636809031168623e-05
6511.0	15.0	1.0	0.0	0.00021382675170896457
6526.0	15.0	1.0	0.0	0.0001237679799397543
6541.0	15.0	1.0	0.0	0.0001075344085693001
6556.0	15.0	1.0	0.0	0.00023909543355299997
6571.0	15.0	1.0	0.0	0.0003857639312743667
6586.0	15.0	1.0	0.0	0.0006797852834065202
6601.0	15.0	1.0	0.0	0.0014165290832519066
6616.0	15.0	1.0	0.0	0.0009777290344237931
6631.0	15.0	1.0	0.0	0.0005198679606119267
6646.0	15.0	1.0	0.0	0.00045753631591791995
6661.0	15.0	1.0	0.0	0.00031207071940099994
6676.0	15.0	1.0	0.0	0.00023556671142573336
6691.0	15.0	1.0	0.0	0.00016753387451166673
6706.0	15.0	1.0	0.0	0.00010854543050128874
6721.0	15.0	1.0	0.0	6.050059000651041e-05
6736.0	15.0	1.0	0.0	3.7081909179687495e-05
6751.0	15.0	1.0	0.0	2.703755696614583e-05
6766.0	15.0	1.0	0.0	1.8747965494791665e-05
6781.0	15.0	1.0	0.0	1.3546936213970185e-05
6796.0	15.0	1.0	0.0	1.677439560492833e-05
6811.0	15.0	1.0	0.0	9.991739193598433e-06
6826.0	15.0	1.0	0.0	8.198450009028117e-06
6841.0	15.0	1.0	0.0	6.2876065572102875e-06
6856.0	15.0	1.0	0.0	5.392130215962729e-06
6871.0	15.0	1.0	0.0	9.826198418934355e-05
6886.0	15.0	1.0	0.0	4.543180465697984e-05
6901.0	15.0	1.0	0.0	4.631694157918038e-05
6916.0	15.0	1.0	0.0	0.00031803003946934664
6931.0	15.0	1.0	0.0	0.00012607650756831572
6946.0	15.0	1.0	0.0	9.706707000730099e-05
6961.0	15.0	1.0	0.0	0.0004969188690185
6976.0	15.0	1.0	0.0	0.0007538820902506134
6991.0	15.0	1.0	0.0	0.0009206642150878466
7006.0	15.0	1.0	0.0	0.0008401835123697398
7021.0	15.0	1.0	0.0	0.0004896591186522999
7036.0	15.0	1.0	0.0	0.0003137634277343333
7051.0	15.0	1.0	0.0	0.00021892140706376
7066.0	15.0	1.0	0.0	0.00015499064127599333
7081.0	15.0	1.0	0.0	8.230895996092667e-05
7096.0	15.0	1.0	0.0	4.445800781250001e-05
7111.0	15.0	1.0	0.0	4.3994140624995006e-05
7126.0	15.0	1.0	0.0	3.771514892577542e-05
7141.0	15.0	1.0	0.0	1.5844932198524478e-05
7156.0	15.0	1.0	0.0	1.146868069966634e-05
7171.0	15.0	1.0	0.0	9.22387739022573e-06
7186.0	15.0	1.0	0.0	1.6302245855331418e-05
7201.0	15.0	1.0	0.0	8.359626928965251e-06
7216.0	15.0	1.0	0.0	2.6059945424397785e-05
7231.0	15.0	1.0	0.0	9.436558087664451e-05
7246.0	15.0	1.0	0.0	0.00015976066589351787
7261.0	15.0	1.0	0.0	0.000631571038564
7276.0	15.0	1.0	0.0	0.0004515757242837934
7291.0	15.0	1.0	0.0	0.0004995473225910999
7306.0	15.0	1.0	0.0	0.0008030919392903068
7321.0	15.0	1.0	0.0	0.0005790031433105067
7336.0	15.0	1.0	0.0	0.0011567367553710396
7351.0	15.0	1.0	0.0	0.0006428171793619401
7366.0	15.0	1.0	0.0	0.0003608449300129867
7381.0	15.0	1.0	0.0	0.00038584086100255336
7396.0	15.0	1.0	0.0	0.0004732401529947533
7411.0	15.0	1.0	0.0	0.0003537679036457867
7426.0	15.0	1.0	0.0	0.0002848754882812
7441.0	15.0	1.0	0.0	0.00019609629313145998
7456.0	15.0	1.0	0.0	0.00010641123453772123
7471.0	15.0	1.0	0.0	5.7561238606770836e-05
7486.0	15.0	1.0	0.0	3.39202880859375e-05
7501.0	15.0	1.0	0.0	2.4738057454427083e-05
7516.0	15.0	1.0	0.0	1.609202027320862e-05
7531.0	15.0	1.0	0.0	1.2250022093454995e-05
7546.0	15.0	1.0	0.0	4.0162251392997185e-05
7561.0	15.0	1.0	0.0	8.556389808654786e-06
7576.0	15.0	1.0	0.0	1.5453028678894043e-05
7591.0	15.0	1.0	0.0	2.45154221852567e-05
7606.0	15.0	1.0	0.0	0.00023932526111598843
7621.0	15.0	1.0	0.0	0.00010663000742592327
7636.0	15.0	1.0	0.0	0.00031591110229487623
7651.0	15.0	1.0	0.0	0.0004975605646768668
7666.0	15.0	1.0	0.0	0.00063341992696122
7681.0	15.0	1.0	0.0	0.0006623479207356267
7696.0	15.0	1.0	0.0	0.00080062001546218
7711.0	15.0	1.0	0.0	0.00075734354654944
7726.0	15.0	1.0	0.0	0.0006346857706705267
7741.0	15.0	1.0	0.0	0.00047372385660802665
7756.0	15.0	1.0	0.0	0.0006442474365233868
7771.0	15.0	1.0	0.0	0.00043534596761063334
7786.0	15.0	1.0	0.0	0.00047537231445307995
7801.0	15.0	1.0	0.0	0.0002685007731119334
7816.0	15.0	1.0	0.0	0.00013691762288405002
7831.0	15.0	1.0	0.0	6.802215576171876e-05
7846.0	15.0	1.0	0.0	3.8812255859375e-05
7861.0	15.0	1.0	0.0	5.575612386066749e-05
7876.0	15.0	1.0	0.0	2.2498803337415063e-05
7891.0	15.0	1.0	0.0	1.8060713013013205e-05
7906.0	15.0	1.0	0.0	1.4600835243860882e-05
7921.0	15.0	1.0	0.0	1.3864803314208984e-05
7936.0	15.0	1.0	0.0	8.203596671420831e-05
7951.0	15.0	1.0	0.0	1.9606463114420573e-05
7966.0	15.0	1.0	0.0	1.93022886912028e-05
7981.0	15.0	1.0	0.0	0.00016624738375343537
7996.0	15.0	1.0	0.0	0.00017551631927487587
8011.0	15.0	1.0	0.0	0.0009790097554524273
8026.0	15.0	1.0	0.0	0.0005711054484049
8041.0	15.0	1.0	0.0	0.0004326869964599067
8056.0	15.0	1.0	0.0	0.0004357302347818601
8071.0	15.0	1.0	0.0	0.0004303059895832933
8086.0	15.0	1.0	0.0	0.00063473358154292
8101.0	15.0	1.0	0.0	0.0006859868367512533
8116.0	15.0	1.0	0.0	0.0004097173055012466
8131.0	15.0	1.0	0.0	0.0003109008789062067
8146.0	15.0	1.0	0.0	0.00016871490478511333
8161.0	15.0	1.0	0.0	8.733673095701752e-05
8176.0	15.0	1.0	0.0	5.2471923828124994e-05
8191.0	15.0	1.0	0.0	7.09330240885275e-05
8206.0	15.0	1.0	0.0	2.8801472981770833e-05
8221.0	15.0	1.0	0.0	1.9391886393229165e-05
8236.0	15.0	1.0	0.0	3.625424181421348e-05
8251.0	15.0	1.0	0.0	1.503303969899813e-05
8266.0	15.0	1.0	0.0	1.1106600364049277e-05
8281.0	15.0	1.0	0.0	0.00024927384654679983
8296.0	15.0	1.0	0.0	8.38637987772548e-05
8311.0	15.0	1.0	0.0	2.6818625132242842e-05
8326.0	15.0	1.0	0.0	2.7539698282877604e-05
8341.0	15.0	1.0	0.0	0.000609240563710494
8356.0	15.0	1.0	0.0	0.0009457873662312267
8371.0	15.0	1.0	0.0	0.0009927885691324333
8386.0	15.0	1.0	0.0	0.0014588762919107666
8401.0	15.0	1.0	0.0	0.0018693623860676603
8416.0	15.0	1.0	0.0	0.0009249964396158334
8431.0	15.0	1.0	0.0	0.0005099426269530666
8446.0	15.0	1.0	0.0	0.00041582234700516006
8461.0	15.0	1.0	0.0	0.00093742624918616
8476.0	15.0	1.0	0.0	0.0012446085611978802
8491.0	15.0	1.0	0.0	0.0008067942301431803
8506.0	15.0	1.0	0.0	0.0004473185221353734
8521.0	15.0	1.0	0.0	0.0002619852701822333
8536.0	15.0	1.0	0.0	0.0001261515299478858
8551.0	15.0	1.0	0.0	6.801554361979166e-05
8566.0	15.0	1.0	0.0	3.93890380859375e-05
8581.0	15.0	1.0	0.0	2.354736328125e-05
8596.0	15.0	1.0	0.0	1.54144287109375e-05
8611.0	15.0	1.0	0.0	1.1432018876075743e-05
8626.0	15.0	1.0	0.0	1.087038020292918e-05
8641.0	15.0	1.0	0.0	8.333390951156615e-06
8656.0	15.0	1.0	0.0	6.274759769439697e-06
8671.0	15.0	1.0	0.0	2.5266754627227787e-05
8686.0	15.0	1.0	0.0	0.00027297786474226617
8701.0	15.0	1.0	0.0	0.0001399665832519248
8716.0	15.0	1.0	0.0	0.0002506546020507371
8731.0	15.0	1.0	0.0	0.0010448947270710735
8746.0	15.0	1.0	0.0	0.0004617716471353666
8761.0	15.0	1.0	0.0	0.0005679524739582866
8776.0	15.0	1.0	0.0	0.0013539616902668867
8791.0	15.0	1.0	0.0	0.00102969055175776
8806.0	15.0	1.0	0.0	0.0009052312215168933
8821.0	15.0	1.0	0.0	0.00103289031982418
8836.0	15.0	1.0	0.0	0.0008231185913085532
8851.0	15.0	1.0	0.0	0.0005283106486002067
8866.0	15.0	1.0	0.0	0.00123087666829422
8881.0	15.0	1.0	0.0	0.0009029215494791399
8896.0	15.0	1.0	0.0	0.00031091105143225335
8911.0	15.0	1.0	0.0	0.00016024475097652
8926.0	15.0	1.0	0.0	7.690124511718249e-05
8941.0	15.0	1.0	0.0	3.954264322916667e-05
8956.0	15.0	1.0	0.0	2.4580891927083333e-05
8971.0	15.0	1.0	0.0	1.9075586398442587e-05
8986.0	15.0	1.0	0.0	1.564786434173584e-05
9001.0	15.0	1.0	0.0	1.704406539599101e-05
9016.0	15.0	1.0	0.0	9.846436977386472e-06
9031.0	15.0	1.0	0.0	1.0000705718994142e-05
9046.0	15.0	1.0	0.0	2.600650389989217e-05
9061.0	15.0	1.0	0.0	2.691420714060465e-05
9076.0	15.0	1.0	0.0	0.00013110933303828886
9091.0	15.0	1.0	0.0	0.0004505659421284466
9106.0	15.0	1.0	0.0	0.00010690390268957385
9121.0	15.0	1.0	0.0	0.00029942080179845803
9136.0	15.0	1.0	0.0	0.00045241622924797995
9151.0	15.0	1.0	0.0	0.0004779031117756667
9166.0	15.0	1.0	0.0	0.0006875809987385667
9181.0	15.0	1.0	0.0	0.0005701919555663466
9196.0	15.0	1.0	0.0	0.00041797281901037326
9211.0	15.0	1.0	0.0	0.00024672902425126
9226.0	15.0	1.0	0.0	0.00018392664591465997
9241.0	15.0	1.0	0.0	0.00013689956665033332
9256.0	15.0	1.0	0.0	8.533274332681917e-05
9271.0	15.0	1.0	0.0	5.2203369140625e-05
9286.0	15.0	1.0	0.0	3.270467122395833e-05
9301.0	15.0	1.0	0.0	2.087860107421875e-05
9316.0	15.0	1.0	0.0	1.4067586263020834e-05
9331.0	15.0	1.0	0.0	1.1116997400919597e-05
9346.0	15.0	1.0	0.0	1.4185567696889242e-05
9361.0	15.0	1.0	0.0	6.8917413552602125e-06
9376.0	15.0	1.0	0.0	6.813414891560873e-06
9391.0	15.0	1.0	0.0	7.621159156163532e-06
9406.0	15.0	1.0	0.0	5.623292922973633e-06
9421.0	15.0	1.0	0.0	7.0527315139770505e-06
9436.0	15.0	1.0	0.0	0.0002806648572285705
9451.0	15.0	1.0	0.0	0.00023314609527582582
9466.0	15.0	1.0	0.0	0.00015105584462481004
9481.0	15.0	1.0	0.0	0.00046423060099278667
9496.0	15.0	1.0	0.0	0.0004398398081461133
9511.0	15.0	1.0	0.0	0.0004768374125162266
9526.0	15.0	1.0	0.0	0.0002975538889566466
9541.0	15.0	1.0	0.0	0.00036910578409824667
9556.0	15.0	1.0	0.0	0.00036866861979160666
9571.0	15.0	1.0	0.0	0.00025944086710605996
9586.0	15.0	1.0	0.0	0.00017296702067051998
9601.0	15.0	1.0	0.0	0.0001013857523600025
9616.0	15.0	1.0	0.0	5.918451944986979e-05
9631.0	15.0	1.0	0.0	7.790374755859084e-05
9646.0	15.0	1.0	0.0	0.0002596071879068806
9661.0	15.0	1.0	0.0	4.786046346028646e-05
9676.0	15.0	1.0	0.0	3.0759429931640624e-05
9691.0	15.0	1.0	0.0	1.907933553059896e-05
9706.0	15.0	1.0	0.0	1.3399296005566914e-05
9721.0	15.0	1.0	0.0	1.0199166337649028e-05
9736.0	15.0	1.0	0.0	8.011925220489502e-06
9751.0	15.0	1.0	0.0	5.189259648321872e-05
9766.0	15.0	1.0	0.0	0.00012842363516488744
9781.0	15.0	1.0	0.0	1.1617851257324217e-05
9796.0	15.0	1.0	0.0	9.32464599609375e-06
9811.0	15.0	1.0	0.0	0.0004677882830301466
9826.0	15.0	1.0	0.0	0.00035998210906977265
9841.0	15.0	1.0	0.0	0.0006783591588337666
9856.0	15.0	1.0	0.0	0.0009588610331216866
9871.0	15.0	1.0	0.0	0.0022977806091308
9886.0	15.0	1.0	0.0	0.0012746805826822465
9901.0	15.0	1.0	0.0	0.0005386428833007333
9916.0	15.0	1.0	0.0	0.000343250020345
9931.0	15.0	1.0	0.0	0.00022686309814448668
9946.0	15.0	1.0	0.0	0.00021347452799474668
9961.0	15.0	1.0	0.0	0.00033617960611973327
9976.0	15.0	1.0	0.0	0.0003010370890299
9991.0	15.0	1.0	0.0	0.00020180613199865998
10006.0	15.0	1.0	0.0	0.00011200866699216376
10021.0	15.0	1.0	0.0	6.405741373697917e-05
10036.0	15.0	1.0	0.0	3.6066691080729165e-05
10051.0	15.0	1.0	0.0	2.350362141927083e-05
10066.0	15.0	1.0	0.0	1.558319280544917e-05
10081.0	15.0	1.0	0.0	1.2864822645982108e-05
10096.0	15.0	1.0	0.0	1.5237599611282348e-05
10111.0	15.0	1.0	0.0	9.594468275705974e-06
10126.0	15.0	1.0	0.0	6.922936439514159e-06
10141.0	15.0	1.0	0.0	9.929120540618896e-06
10156.0	15.0	1.0	0.0	0.00010006480614341826
10171.0	15.0	1.0	0.0	5.0663089752196105e-05
10186.0	15.0	1.0	0.0	8.200111389158433e-05
10201.0	15.0	1.0	0.0	0.00044306723276770003
10216.0	15.0	1.0	0.0	0.0006422857284545334
10231.0	15.0	1.0	0.0	0.0011104204813638865
10246.0	15.0	1.0	0.0	0.0008282574971516266
10261.0	15.0	1.0	0.0	0.0007155919392903067
10276.0	15.0	1.0	0.0	0.0007174290974934401
10291.0	15.0	1.0	0.0	0.00044561106363926676
10306.0	15.0	1.0	0.0	0.0002319875081379666
10321.0	15.0	1.0	0.0	0.0004399134318033267
10336.0	15.0	1.0	0.0	0.00023368682861322663
10351.0	15.0	1.0	0.0	0.00014154917399083333
10366.0	15.0	1.0	0.0	7.172546386718542e-05
10381.0	15.0	1.0	0.0	3.9128621419270834e-05
10396.0	15.0	1.0	0.0	2.40692138671875e-05
10411.0	15.0	1.0	0.0	1.6371154785156253e-05
10426.0	15.0	1.0	0.0	1.1649452274044354e-05
10441.0	15.0	1.0	0.0	1.154684064288934e-05
10456.0	15.0	1.0	0.0	1.7861883838971456e-05
10471.0	15.0	1.0	0.0	5.129718581834743e-05
10486.0	15.0	1.0	0.0	7.886592547098797e-06
10501.0	15.0	1.0	0.0	7.992680867513022e-06
10516.0	15.0	1.0	0.0	0.00018890182971952833
10531.0	15.0	1.0	0.0	0.00034407644271845995
10546.0	15.0	1.0	0.0	0.0003682030359903466
10561.0	15.0	1.0	0.0	0.0004675448099771734
10576.0	15.0	1.0	0.0	0.00041168607076004
10591.0	15.0	1.0	0.0	0.0010207708994546933
10606.0	15.0	1.0	0.0	0.0013281115214029597
10621.0	15.0	1.0	0.0	0.00195535049438474
10636.0	15.0	1.0	0.0	0.0015344563802082796
10651.0	15.0	1.0	0.0	0.0010525538126627133
10666.0	15.0	1.0	0.0	0.00075630086263016
10681.0	15.0	1.0	0.0	0.00039160970052080007
10696.0	15.0	1.0	0.0	0.0003000681559244266
10711.0	15.0	1.0	0.0	0.00022120564778642
10726.0	15.0	1.0	0.0	0.00019370829264317996
10741.0	15.0	1.0	0.0	0.00016248168945309332
10756.0	15.0	1.0	0.0	0.00011016133626299
10771.0	15.0	1.0	0.0	6.2884521484375e-05
10786.0	15.0	1.0	0.0	4.4725545247395834e-05
10801.0	15.0	1.0	0.0	0.00010405948559442876
10816.0	15.0	1.0	0.0	7.692991892495496e-05
10831.0	15.0	1.0	0.0	2.2504011789957682e-05
10846.0	15.0	1.0	0.0	2.315389315287272e-05
10861.0	15.0	1.0	0.0	8.109289805093759e-05
10876.0	15.0	1.0	0.0	1.7208766937255858e-05
10891.0	15.0	1.0	0.0	1.9136810302734373e-05
10906.0	15.0	1.0	0.0	8.630208969115034e-05
10921.0	15.0	1.0	0.0	0.00038274389902745334
10936.0	15.0	1.0	0.0	0.00023207206726068668
10951.0	15.0	1.0	0.0	0.00030016930898026003
10966.0	15.0	1.0	0.0	0.00024760424296056
10981.0	15.0	1.0	0.0	0.0003101201375325
10996.0	15.0	1.0	0.0	0.0004909133911132267
11011.0	15.0	1.0	0.0	0.00026912968953445336
11026.0	15.0	1.0	0.0	0.0001682851155598533
11041.0	15.0	1.0	0.0	0.00012936350504552
11056.0	15.0	1.0	0.0	0.00011367823282872668
11071.0	15.0	1.0	0.0	0.00012398096720375813
11086.0	15.0	1.0	0.0	0.00022115834554031332
11101.0	15.0	1.0	0.0	0.00013475341796869336
11116.0	15.0	1.0	0.0	0.00012022628784177293
11131.0	15.0	1.0	0.0	5.8657073974609374e-05
11146.0	15.0	1.0	0.0	3.5722351074218756e-05
11161.0	15.0	1.0	0.0	2.289199531078338e-05
11176.0	15.0	1.0	0.0	1.5086488922437034e-05
11191.0	15.0	1.0	0.0	1.2013187011082969e-05
11206.0	15.0	1.0	0.0	2.823036511739096e-05
11221.0	15.0	1.0	0.0	8.073989550272624e-06
11236.0	15.0	1.0	0.0	1.2627538045247397e-05
11251.0	15.0	1.0	0.0	0.000636772274970981
11266.0	15.0	1.0	0.0	0.00021866041819250666
11281.0	15.0	1.0	0.0	0.0001639731089273663
11296.0	15.0	1.0	0.0	0.00090812454223628
11311.0	15.0	1.0	0.0	0.00108986231485998
11326.0	15.0	1.0	0.0	0.00106580886840816
11341.0	15.0	1.0	0.0	0.0020380503336588063
11356.0	15.0	1.0	0.0	0.0022681945800780865
11371.0	15.0	1.0	0.0	0.00150266825358068
11386.0	15.0	1.0	0.0	0.0016600240071614134
11401.0	15.0	1.0	0.0	0.0008812154134114199
11416.0	15.0	1.0	0.0	0.0005303904215494333
11431.0	15.0	1.0	0.0	0.00025189615885411334
11446.0	15.0	1.0	0.0	0.00015502726236975333
11461.0	15.0	1.0	0.0	9.24631754557125e-05
11476.0	15.0	1.0	0.0	5.548807779947917e-05
11491.0	15.0	1.0	0.0	3.671773274739583e-05
11506.0	15.0	1.0	0.0	2.7008056640625e-05
11521.0	15.0	1.0	0.0	2.1404012044270838e-05
11536.0	15.0	1.0	0.0	2.464411060015361e-05
11551.0	15.0	1.0	0.0	1.3957120974858602e-05
11566.0	15.0	1.0	0.0	1.4276667435963946e-05
11581.0	15.0	1.0	0.0	1.6039129098256428e-05
11596.0	15.0	1.0	0.0	0.00011162332693734495
11611.0	15.0	1.0	0.0	0.00017103018760680647
11626.0	15.0	1.0	0.0	0.0004334596316019229
11641.0	15.0	1.0	0.0	0.00028776747385655336
11656.0	15.0	1.0	0.0	0.0012639411926269064
11671.0	15.0	1.0	0.0	0.0016099054972330334
11686.0	15.0	1.0	0.0	0.00093728205362952
11701.0	15.0	1.0	0.0	0.0005672683715819866
11716.0	15.0	1.0	0.0	0.0005629185994465666
11731.0	15.0	1.0	0.0	0.00035973103841140667
11746.0	15.0	1.0	0.0	0.00031404622395827327
11761.0	15.0	1.0	0.0	0.00023774312337233338
11776.0	15.0	1.0	0.0	0.00015575205485021334
11791.0	15.0	1.0	0.0	0.0001449829101562
11806.0	15.0	1.0	0.0	0.00013938090006506665
11821.0	15.0	1.0	0.0	9.679870605466416e-05
11836.0	15.0	1.0	0.0	5.441792805989583e-05
11851.0	15.0	1.0	0.0	4.777933756509917e-05
11866.0	15.0	1.0	0.0	2.030181884765625e-05
11881.0	15.0	1.0	0.0	1.3718668619791669e-05
11896.0	15.0	1.0	0.0	9.830305476983387e-06
11911.0	15.0	1.0	0.0	3.573858986297232e-05
11926.0	15.0	1.0	0.0	8.858160177866617e-06
11941.0	15.0	1.0	0.0	5.87540070215861e-06
11956.0	15.0	1.0	0.0	7.535239060719807e-06
11971.0	15.0	1.0	0.0	3.8627207279204923e-05
11986.0	15.0	1.0	0.0	8.521747589111329e-06
12001.0	15.0	1.0	0.0	2.3702009518941243e-05
12016.0	15.0	1.0	0.0	0.0003247714996337466
12031.0	15.0	1.0	0.0	0.00038252410888667997
12046.0	15.0	1.0	0.0	0.0004907351175943533
12061.0	15.0	1.0	0.0	0.0004345832824706601
12076.0	15.0	1.0	0.0	0.00029302978515619336
12091.0	15.0	1.0	0.0	0.00039925168355301334
12106.0	15.0	1.0	0.0	0.0005006225585937066
12121.0	15.0	1.0	0.0	0.0004987856547037267
12136.0	15.0	1.0	0.0	0.0005110410054524133
12151.0	15.0	1.0	0.0	0.0010518323262531932
12166.0	15.0	1.0	0.0	0.0006649403889973469
12181.0	15.0	1.0	0.0	0.00029391581217443335
12196.0	15.0	1.0	0.0	0.00015502065022780667
12211.0	15.0	1.0	0.0	7.972615559895833e-05
12226.0	15.0	1.0	0.0	4.349060058593751e-05
12241.0	15.0	1.0	0.0	2.6577758789062504e-05
12256.0	15.0	1.0	0.0	1.8019749720891317e-05
12271.0	15.0	1.0	0.0	1.2770793835322065e-05
12286.0	15.0	1.0	0.0	1.076704263687134e-05
12301.0	15.0	1.0	0.0	7.643969853719077e-06
12316.0	15.0	1.0	0.0	2.573237419128418e-05
12331.0	15.0	1.0	0.0	1.5322879950205485e-05
12346.0	15.0	1.0	0.0	0.00017573889891303856
12361.0	15.0	1.0	0.0	0.0003210370540618576
12376.0	15.0	1.0	0.0	5.1359494527180986e-05
12391.0	15.0	1.0	0.0	0.000249815495808878
12406.0	15.0	1.0	0.0	0.0001574190775552933
12421.0	15.0	1.0	0.0	0.0003509223937987733
12436.0	15.0	1.0	0.0	0.0005084140777587466
12451.0	15.0	1.0	0.0	0.0013707714080810067
12466.0	15.0	1.0	0.0	0.0009100585937499466
12481.0	15.0	1.0	0.0	0.00061353429158524
12496.0	15.0	1.0	0.0	0.0005866877237955266
12511.0	15.0	1.0	0.0	0.0004681716918944866
12526.0	15.0	1.0	0.0	0.00038993021647131996
12541.0	15.0	1.0	0.0	0.00024876759846999334
12556.0	15.0	1.0	0.0	0.0001502807617187
12571.0	15.0	1.0	0.0	8.573710123697332e-05
12586.0	15.0	1.0	0.0	5.3884887695312495e-05
12601.0	15.0	1.0	0.0	3.4717305501302085e-05
12616.0	15.0	1.0	0.0	2.2447204589843755e-05
12631.0	15.0	1.0	0.0	1.5102456013361614e-05
12646.0	15.0	1.0	0.0	1.1313337087631225e-05
12661.0	15.0	1.0	0.0	3.832203547159244e-05
12676.0	15.0	1.0	0.0	8.078408241271974e-06
12691.0	15.0	1.0	0.0	9.508204460144044e-06
12706.0	15.0	1.0	0.0	3.853800296783251e-05
12721.0	15.0	1.0	0.0	0.00023258394400276183
12736.0	15.0	1.0	0.0	0.00030022036234535594
12751.0	15.0	1.0	0.0	0.0011462283452351335
12766.0	15.0	1.0	0.0	0.0007875840504963668
12781.0	15.0	1.0	0.0	0.0012410461425780602
12796.0	15.0	1.0	0.0	0.001567078653971307
12811.0	15.0	1.0	0.0	0.0013710016886392799
12826.0	15.0	1.0	0.0	0.0013954808553059395
12841.0	15.0	1.0	0.0	0.0012068964640299066
12856.0	15.0	1.0	0.0	0.0008596048990885
12871.0	15.0	1.0	0.0	0.0004177144368489133
12886.0	15.0	1.0	0.0	0.00024749857584632003
12901.0	15.0	1.0	0.0	0.00013533121744788913
12916.0	15.0	1.0	0.0	6.654764811197916e-05
12931.0	15.0	1.0	0.0	3.546142578125e-05
12946.0	15.0	1.0	0.0	4.832560221353501e-05
12961.0	15.0	1.0	0.0	1.5953572591145835e-05
12976.0	15.0	1.0	0.0	1.131591796875e-05
12991.0	15.0	1.0	0.0	0.0004477632989485792
13006.0	15.0	1.0	0.0	2.8512128194173176e-05
13021.0	15.0	1.0	0.0	1.9877497355143228e-05
13036.0	15.0	1.0	0.0	3.260496457417173e-05
13051.0	15.0	1.0	0.0	0.00026436144510901785
13066.0	15.0	1.0	0.0	4.981660842895289e-05
13081.0	15.0	1.0	0.0	8.757311503091128e-05
13096.0	15.0	1.0	0.0	0.00016354637145993322
13111.0	15.0	1.0	0.0	9.771258036294031e-05
13126.0	15.0	1.0	0.0	0.0008302408854166199
13141.0	15.0	1.0	0.0	0.0012208619435627934
13156.0	15.0	1.0	0.0	0.0015642097473144002
13171.0	15.0	1.0	0.0	0.0011693410237629798
13186.0	15.0	1.0	0.0	0.0009963948567708
13201.0	15.0	1.0	0.0	0.0013637440999348465
13216.0	15.0	1.0	0.0	0.0009297236124674067
13231.0	15.0	1.0	0.0	0.0008335591634114199
13246.0	15.0	1.0	0.0	0.0005461018880207933
13261.0	15.0	1.0	0.0	0.0002910847981770399
13276.0	15.0	1.0	0.0	0.00014998474121088
13291.0	15.0	1.0	0.0	8.871866861977584e-05
13306.0	15.0	1.0	0.0	5.096638997395833e-05
13321.0	15.0	1.0	0.0	2.9417928059895832e-05
13336.0	15.0	1.0	0.0	1.8136596679687498e-05
13351.0	15.0	1.0	0.0	1.3133331139882406e-05
13366.0	15.0	1.0	0.0	1.2088526288668317e-05
13381.0	15.0	1.0	0.0	1.558796465396881e-05
13396.0	15.0	1.0	0.0	6.920230388641358e-06
13411.0	15.0	1.0	0.0	6.152828534444173e-06
13426.0	15.0	1.0	0.0	3.555521567662049e-05
13441.0	15.0	1.0	0.0	0.00018844215869900528
13456.0	15.0	1.0	0.0	7.078078587848848e-05
13471.0	15.0	1.0	0.0	0.00011441669464110158
13486.0	15.0	1.0	0.0	7.939691543577693e-05
13501.0	15.0	1.0	0.0	0.0006874196052550797
13516.0	15.0	1.0	0.0	0.0008021142323811264
13531.0	15.0	1.0	0.0	0.0004306850433348933
13546.0	15.0	1.0	0.0	0.00030260289510086
13561.0	15.0	1.0	0.0	0.0002571095784504733
13576.0	15.0	1.0	0.0	0.0003402918497720934
13591.0	15.0	1.0	0.0	0.00038050359090166
13606.0	15.0	1.0	0.0	0.00041015345255530667
13621.0	15.0	1.0	0.0	0.0002054575602213133
13636.0	15.0	1.0	0.0	0.00012276306152338626
13651.0	15.0	1.0	0.0	7.788645426432291e-05
13666.0	15.0	1.0	0.0	4.699808756510416e-05
13681.0	15.0	1.0	0.0	2.9558817545572914e-05
13696.0	15.0	1.0	0.0	3.043212890625e-05
13711.0	15.0	1.0	0.0	1.9795227050781252e-05
13726.0	15.0	1.0	0.0	1.4634049932161966e-05
13741.0	15.0	1.0	0.0	1.146941880385081e-05
13756.0	15.0	1.0	0.0	8.689916133880617e-06
13771.0	15.0	1.0	0.0	7.098321119944253e-06
13786.0	15.0	1.0	0.0	8.978988726932967e-05
13801.0	15.0	1.0	0.0	1.6121236483256023e-05
13816.0	15.0	1.0	0.0	0.00035934594472247224
13831.0	15.0	1.0	0.0	0.0007433971087137455
13846.0	15.0	1.0	0.0	0.0008291915893554266
13861.0	15.0	1.0	0.0	0.00123849627176916
13876.0	15.0	1.0	0.0	0.00151316324869788
13891.0	15.0	1.0	0.0	0.0010379948933918733
13906.0	15.0	1.0	0.0	0.0006106201171874599
13921.0	15.0	1.0	0.0	0.00048788655598954004
13936.0	15.0	1.0	0.0	0.00031799011230465335
13951.0	15.0	1.0	0.0	0.00019287618001296667
13966.0	15.0	1.0	0.0	0.00014387563069656
13981.0	15.0	1.0	0.0	0.00011047871907548542
13996.0	15.0	1.0	0.0	7.79937744140625e-05
14011.0	15.0	1.0	0.0	5.2099609375e-05
14026.0	15.0	1.0	0.0	3.2765197753906257e-05
14041.0	15.0	1.0	0.0	2.084910074869792e-05
14056.0	15.0	1.0	0.0	1.3694254557291666e-05
14071.0	15.0	1.0	0.0	1.268463134765625e-05
14086.0	15.0	1.0	0.0	6.637586280703338e-05
14101.0	15.0	1.0	0.0	0.0003593058586120557
14116.0	15.0	1.0	0.0	2.089481353759766e-05
14131.0	15.0	1.0	0.0	6.192172368366683e-05
14146.0	15.0	1.0	0.0	0.0003814627329508292
14161.0	15.0	1.0	0.0	5.7202402750646824e-05
14176.0	15.0	1.0	0.0	0.00023715553283687184
14191.0	15.0	1.0	0.0	0.00048347396850583336
14206.0	15.0	1.0	0.0	0.0010359114329019667
14221.0	15.0	1.0	0.0	0.0023193491617838065
14236.0	15.0	1.0	0.0	0.0025205917358398005
14251.0	15.0	1.0	0.0	0.0013892044067382334
14266.0	15.0	1.0	0.0	0.0011400868733723534
14281.0	15.0	1.0	0.0	0.0010490142822265134
14296.0	15.0	1.0	0.0	0.00082807210286454
14311.0	15.0	1.0	0.0	0.0010530151367187132
14326.0	15.0	1.0	0.0	0.0008197692871093332
14341.0	15.0	1.0	0.0	0.00043528340657548
14356.0	15.0	1.0	0.0	0.0002241068522134933
14371.0	15.0	1.0	0.0	0.00010510864257810583
14386.0	15.0	1.0	0.0	5.738525390624999e-05
14401.0	15.0	1.0	0.0	3.9250691731770834e-05
14416.0	15.0	1.0	0.0	2.3692830403645833e-05
14431.0	15.0	1.0	0.0	9.950154622394334e-05
14446.0	15.0	1.0	0.0	4.5487945775186e-05
14461.0	15.0	1.0	0.0	1.8208138644695286e-05
14476.0	15.0	1.0	0.0	1.914535164833069e-05
14491.0	15.0	1.0	0.0	1.1952662467956543e-05
14506.0	15.0	1.0	0.0	9.228312969207764e-06
14521.0	15.0	1.0	0.0	5.43656468391363e-05
14536.0	15.0	1.0	0.0	1.0823774337768552e-05
14551.0	15.0	1.0	0.0	0.00014374132156368564
14566.0	15.0	1.0	0.0	0.0008515519777933443
14581.0	15.0	1.0	0.0	0.00037970453898107334
14596.0	15.0	1.0	0.0	0.0004918618520100535
14611.0	15.0	1.0	0.0	0.0009588907877603734
14626.0	15.0	1.0	0.0	0.0006209582010904533
14641.0	15.0	1.0	0.0	0.0009941182454426534
14656.0	15.0	1.0	0.0	0.0008442682902017733
14671.0	15.0	1.0	0.0	0.0004393452962239067
14686.0	15.0	1.0	0.0	0.00042570190429682667
14701.0	15.0	1.0	0.0	0.0005070109049478667
14716.0	15.0	1.0	0.0	0.00072471567789708
14731.0	15.0	1.0	0.0	0.0006856760660806733
14746.0	15.0	1.0	0.0	0.00033907928466791337
14761.0	15.0	1.0	0.0	0.00019349772135411996
14776.0	15.0	1.0	0.0	9.542744954425416e-05
14791.0	15.0	1.0	0.0	5.161844889322917e-05
14806.0	15.0	1.0	0.0	2.9033406575520834e-05
14821.0	15.0	1.0	0.0	1.8485434850056967e-05
14836.0	15.0	1.0	0.0	1.3973577817281086e-05
14851.0	15.0	1.0	0.0	1.0265537103017172e-05
14866.0	15.0	1.0	0.0	8.273561795552572e-06
14881.0	15.0	1.0	0.0	6.776281197865804e-06
14896.0	15.0	1.0	0.0	6.833799680074055e-06
14911.0	15.0	1.0	0.0	7.223086357115541e-05
14926.0	15.0	1.0	0.0	0.00011370336214699313
14941.0	15.0	1.0	0.0	0.00012546806335447168
14956.0	15.0	1.0	0.0	0.00016701796849565343
14971.0	15.0	1.0	0.0	0.0005415234247843067
14986.0	15.0	1.0	0.0	0.00022628771464026004
15001.0	15.0	1.0	0.0	0.0003514230092366134
15016.0	15.0	1.0	0.0	0.0007465414683023667
15031.0	15.0	1.0	0.0	0.0005667742411295133
15046.0	15.0	1.0	0.0	0.00028620859781896
15061.0	15.0	1.0	0.0	0.00019719746907547996
15076.0	15.0	1.0	0.0	0.00013861923217768667
15091.0	15.0	1.0	0.0	8.919067382810896e-05
15106.0	15.0	1.0	0.0	5.487645467122396e-05
15121.0	15.0	1.0	0.0	3.827845255533855e-05
15136.0	15.0	1.0	0.0	2.5597635904947916e-05
15151.0	15.0	1.0	0.0	2.3720041910807293e-05
15166.0	15.0	1.0	0.0	1.2014261881510417e-05
15181.0	15.0	1.0	0.0	9.563585122426351e-06
15196.0	15.0	1.0	0.0	7.616241772969563e-06
15211.0	15.0	1.0	0.0	5.85898756980896e-06
15226.0	15.0	1.0	0.0	5.790189901987712e-06
15241.0	15.0	1.0	0.0	2.0742140213648477e-05
15256.0	15.0	1.0	0.0	3.591294685999378e-05
15271.0	15.0	1.0	0.0	9.720926284787636e-05
15286.0	15.0	1.0	0.0	1.9287745157877605e-05
15301.0	15.0	1.0	0.0	0.0003793668111165167
15316.0	15.0	1.0	0.0	0.000620207341512
15331.0	15.0	1.0	0.0	0.00060542310078934
15346.0	15.0	1.0	0.0	0.0004849716186522933
15361.0	15.0	1.0	0.0	0.0003766616821288534
15376.0	15.0	1.0	0.0	0.0003233075459797734
15391.0	15.0	1.0	0.0	0.00029351094563797334
15406.0	15.0	1.0	0.0	0.0004226928710936934
15421.0	15.0	1.0	0.0	0.0004419504801431799
15436.0	15.0	1.0	0.0	0.0004968971252441
15451.0	15.0	1.0	0.0	0.00031287282307938
15466.0	15.0	1.0	0.0	0.00028547414143876
15481.0	15.0	1.0	0.0	0.00019560089111323332
15496.0	15.0	1.0	0.0	0.00010447998046872582
15511.0	15.0	1.0	0.0	5.332387288411457e-05
15526.0	15.0	1.0	0.0	2.9815165201822913e-05
15541.0	15.0	1.0	0.0	2.0395099620024365e-05
15556.0	15.0	1.0	0.0	1.529601067304611e-05
15571.0	15.0	1.0	0.0	0.00011163420279819987
15586.0	15.0	1.0	0.0	1.0745819409688313e-05
15601.0	15.0	1.0	0.0	1.0658852259318033e-05
15616.0	15.0	1.0	0.0	1.2577374776204426e-05
15631.0	15.0	1.0	0.0	3.2437467575073245e-05
15646.0	15.0	1.0	0.0	0.0002046334902445226
15661.0	15.0	1.0	0.0	0.00031852537790928655
15676.0	15.0	1.0	0.0	0.0004446227391560468
15691.0	15.0	1.0	0.0	0.0007804594675699402
15706.0	15.0	1.0	0.0	0.0006239752451578267
15721.0	15.0	1.0	0.0	0.0009572751363118001
15736.0	15.0	1.0	0.0	0.0012579488118489132
15751.0	15.0	1.0	0.0	0.0015324747721353665
15766.0	15.0	1.0	0.0	0.0018268737792968206
15781.0	15.0	1.0	0.0	0.0011731389363606331
15796.0	15.0	1.0	0.0	0.0008804280598957866
15811.0	15.0	1.0	0.0	0.0005496164957681867
15826.0	15.0	1.0	0.0	0.00025710449218746003
15841.0	15.0	1.0	0.0	0.00014323425292964666
15856.0	15.0	1.0	0.0	8.274434407551165e-05
15871.0	15.0	1.0	0.0	4.825948079427083e-05
15886.0	15.0	1.0	0.0	3.18603515625e-05
15901.0	15.0	1.0	0.0	2.3591105143229167e-05
15916.0	15.0	1.0	0.0	2.0691535870234175e-05
15931.0	15.0	1.0	0.0	1.5494443972905475e-05
15946.0	15.0	1.0	0.0	1.2470622857411702e-05
15961.0	15.0	1.0	0.0	9.301173686981201e-06
15976.0	15.0	1.0	0.0	8.886996905008951e-06
15991.0	15.0	1.0	0.0	0.0003889287074406696
16006.0	15.0	1.0	0.0	0.0005407867431640237
16021.0	15.0	1.0	0.0	0.00022840976715083337
16036.0	15.0	1.0	0.0	0.00015074869791661334
16051.0	15.0	1.0	0.0	0.00017763506571448002
16066.0	15.0	1.0	0.0	0.00184062919616694
16081.0	15.0	1.0	0.0	0.00140285135904944
16096.0	15.0	1.0	0.0	0.0012680928548176667
16111.0	15.0	1.0	0.0	0.0012713439941405731
16126.0	15.0	1.0	0.0	0.0008833557128905801
16141.0	15.0	1.0	0.0	0.0007460947672525599
16156.0	15.0	1.0	0.0	0.0005902628580728732
16171.0	15.0	1.0	0.0	0.00029112955729162663
16186.0	15.0	1.0	0.0	0.00019634399414058
16201.0	15.0	1.0	0.0	0.00011018168131507918
16216.0	15.0	1.0	0.0	6.04156494140625e-05
16231.0	15.0	1.0	0.0	3.653971354166667e-05
16246.0	15.0	1.0	0.0	2.792765299479167e-05
16261.0	15.0	1.0	0.0	1.6193644205729165e-05
16276.0	15.0	1.0	0.0	1.1365786194801334e-05
16291.0	15.0	1.0	0.0	8.328012625376383e-06
16306.0	15.0	1.0	0.0	8.358918627103172e-06
16321.0	15.0	1.0	0.0	5.531805753707885e-06
16336.0	15.0	1.0	0.0	4.400964577992757e-06
16351.0	15.0	1.0	0.0	1.916779279708862e-05
16366.0	15.0	1.0	0.0	4.29810921351065e-05
16381.0	15.0	1.0	0.0	0.00010607670148212332
16396.0	15.0	1.0	0.0	2.0959536234537758e-05
16411.0	15.0	1.0	0.0	3.95026048024455e-05
16426.0	15.0	1.0	0.0	0.00013978233337399315
16441.0	15.0	1.0	0.0	0.00025625336964920666
16456.0	15.0	1.0	0.0	0.00050088895161942
16471.0	15.0	1.0	0.0	0.00045212656656896006
16486.0	15.0	1.0	0.0	0.0006593981424966999
16501.0	15.0	1.0	0.0	0.0007739323933918667
16516.0	15.0	1.0	0.0	0.0004892028808593199
16531.0	15.0	1.0	0.0	0.00024406916300451334
16546.0	15.0	1.0	0.0	0.00013524627685541332
16561.0	15.0	1.0	0.0	8.886439005533438e-05
16576.0	15.0	1.0	0.0	5.730514526367187e-05
16591.0	15.0	1.0	0.0	6.148223876952563e-05
16606.0	15.0	1.0	0.0	2.557322184244792e-05
16621.0	15.0	1.0	0.0	2.4769083658854166e-05
16636.0	15.0	1.0	0.0	1.2944336856404942e-05
16651.0	15.0	1.0	0.0	1.0675046717127164e-05
16666.0	15.0	1.0	0.0	7.803972562154134e-06
16681.0	15.0	1.0	0.0	6.282975276311238e-06
16696.0	15.0	1.0	0.0	4.997328917185466e-06
16711.0	15.0	1.0	0.0	0.00021707145373024876
16726.0	15.0	1.0	0.0	0.00029562223752337065
16741.0	15.0	1.0	0.0	0.0002191033681233343
16756.0	15.0	1.0	0.0	0.0005744415918985675
16771.0	15.0	1.0	0.0	0.00042414995829258664
16786.0	15.0	1.0	0.0	0.0007846113840738333
16801.0	15.0	1.0	0.0	0.0009142428080240468
16816.0	15.0	1.0	0.0	0.0007788121541340801
16831.0	15.0	1.0	0.0	0.0006187138875325067
16846.0	15.0	1.0	0.0	0.0005480519612629799
16861.0	15.0	1.0	0.0	0.00047148996988926
16876.0	15.0	1.0	0.0	0.00034505716959631335
16891.0	15.0	1.0	0.0	0.00017315572102860003
16906.0	15.0	1.0	0.0	9.02852376301925e-05
16921.0	15.0	1.0	0.0	5.880940755208332e-05
16936.0	15.0	1.0	0.0	4.1136678059895836e-05
16951.0	15.0	1.0	0.0	2.575836181640625e-05
16966.0	15.0	1.0	0.0	1.610463460286458e-05
16981.0	15.0	1.0	0.0	4.4561767578117924e-05
16996.0	15.0	1.0	0.0	1.529083251953125e-05
17011.0	15.0	1.0	0.0	9.413083394368488e-06
17026.0	15.0	1.0	0.0	6.467661261558532e-06
17041.0	15.0	1.0	0.0	5.622991919517516e-06
17056.0	15.0	1.0	0.0	1.2594427665074663e-05
17071.0	15.0	1.0	0.0	6.290284792582195e-06
17086.0	15.0	1.0	0.0	1.871970097223918e-05
17101.0	15.0	1.0	0.0	1.1497755845387778e-05
17116.0	15.0	1.0	0.0	0.0002283517599105501
17131.0	15.0	1.0	0.0	0.0007097524325052467
17146.0	15.0	1.0	0.0	0.00037157872517900003
17161.0	15.0	1.0	0.0	0.00045241508483882006
17176.0	15.0	1.0	0.0	0.0006131505330402999
17191.0	15.0	1.0	0.0	0.0009977221171060735
17206.0	15.0	1.0	0.0	0.0009477579752603533
17221.0	15.0	1.0	0.0	0.0009318405151366734
17236.0	15.0	1.0	0.0	0.0005506083170572466
17251.0	15.0	1.0	0.0	0.00027028859456375336
17266.0	15.0	1.0	0.0	0.00013404947916661499
17281.0	15.0	1.0	0.0	8.927968343098292e-05
17296.0	15.0	1.0	0.0	5.723673502604168e-05
17311.0	15.0	1.0	0.0	3.3467102050781254e-05
17326.0	15.0	1.0	0.0	1.9339497884114585e-05
17341.0	15.0	1.0	0.0	1.8968200683593748e-05
17356.0	15.0	1.0	0.0	1.663055419921875e-05
17371.0	15.0	1.0	0.0	8.922760436932247e-06
17386.0	15.0	1.0	0.0	1.0966633011897402e-05
17401.0	15.0	1.0	0.0	7.275016109148662e-06
17416.0	15.0	1.0	0.0	3.142024079958429e-05
17431.0	15.0	1.0	0.0	8.436927000680828e-05
17446.0	15.0	1.0	0.0	6.668190956114876e-05
17461.0	15.0	1.0	0.0	5.462530453999837e-05
17476.0	15.0	1.0	0.0	0.00047031547228490006
17491.0	15.0	1.0	0.0	0.00039893741607660674
17506.0	15.0	1.0	0.0	0.00086539217631016
17521.0	15.0	1.0	0.0	0.00101877797444656
17536.0	15.0	1.0	0.0	0.0012204645792642799
17551.0	15.0	1.0	0.0	0.0009566347757974799
17566.0	15.0	1.0	0.0	0.0015070190429687066
17581.0	15.0	1.0	0.0	0.00230392150878902
17596.0	15.0	1.0	0.0	0.0024054575602213135
17611.0	15.0	1.0	0.0	0.0015562225341796535
17626.0	15.0	1.0	0.0	0.0010633097330728736
17641.0	15.0	1.0	0.0	0.00086764628092442
17656.0	15.0	1.0	0.0	0.0003770701090494266
17671.0	15.0	1.0	0.0	0.00016144205729161335
17686.0	15.0	1.0	0.0	9.03849283854e-05
17701.0	15.0	1.0	0.0	4.95758056640625e-05
17716.0	15.0	1.0	0.0	2.6974487304687504e-05
17731.0	15.0	1.0	0.0	2.3409369525810083e-05
17746.0	15.0	1.0	0.0	1.7832991542915504e-05
17761.0	15.0	1.0	0.0	1.6166333357493083e-05
17776.0	15.0	1.0	0.0	9.400606155395508e-06
17791.0	15.0	1.0	0.0	9.295447667439776e-06
17806.0	15.0	1.0	0.0	3.0107533931732176e-05
17821.0	15.0	1.0	0.0	1.0747218132019045e-05
17836.0	15.0	1.0	0.0	1.4600181579589846e-05
17851.0	15.0	1.0	0.0	4.8660095532730406e-05
17866.0	15.0	1.0	0.0	0.0007010285695393401
17881.0	15.0	1.0	0.0	0.00013928680419917155
17896.0	15.0	1.0	0.0	0.00086834500630692
17911.0	15.0	1.0	0.0	0.0011057113647460401
17926.0	15.0	1.0	0.0	0.0011384297688801534
17941.0	15.0	1.0	0.0	0.00095124384562168
17956.0	15.0	1.0	0.0	0.0006813512166340599
17971.0	15.0	1.0	0.0	0.00047999521891269997
17986.0	15.0	1.0	0.0	0.0003863505045572334
18001.0	15.0	1.0	0.0	0.0002935460408528267
18016.0	15.0	1.0	0.0	0.00020055643717442002
18031.0	15.0	1.0	0.0	0.00012666473388668002
18046.0	15.0	1.0	0.0	7.770029703776043e-05
18061.0	15.0	1.0	0.0	4.371693929036457e-05
18076.0	15.0	1.0	0.0	3.2861328125e-05
18091.0	15.0	1.0	0.0	1.7559305826822914e-05
18106.0	15.0	1.0	0.0	1.9002596537272133e-05
18121.0	15.0	1.0	0.0	9.530272086461384e-06
18136.0	15.0	1.0	0.0	7.300937175750731e-06
18151.0	15.0	1.0	0.0	5.90643286705017e-06
18166.0	15.0	1.0	0.0	5.321919918060304e-06
18181.0	15.0	1.0	0.0	4.785792032877604e-06
18196.0	15.0	1.0	0.0	5.172131061552788e-05
18211.0	15.0	1.0	0.0	0.00011744433244068172
18226.0	15.0	1.0	0.0	0.00026086192131038934
18241.0	15.0	1.0	0.0	0.0006108962694803468
18256.0	7.0	1.0	0.0	0.00024307387215745718
