stress_period	sp_length	time_step	study (0 : TS or 1 : SS)	rech
0.0	1.0	1.0	1.0	0.000506956127356588
1.0	45.0	1.0	0.0	0.0015407704671223487
46.0	45.0	1.0	0.0	0.0004864861382377933
91.0	45.0	1.0	0.0	0.00012695583767358476
136.0	45.0	1.0	0.0	0.0001941101074218539
181.0	45.0	1.0	0.0	0.000196480716599326
226.0	45.0	1.0	0.0	9.615082475872237e-05
271.0	45.0	1.0	0.0	0.0002962880770364867
316.0	45.0	1.0	0.0	0.0007512245602077333
361.0	45.0	1.0	0.0	0.001695394897460886
406.0	45.0	1.0	0.0	0.0014483398437499509
451.0	45.0	1.0	0.0	0.0007742906358506446
496.0	45.0	1.0	0.0	0.00027032097710500563
541.0	45.0	1.0	0.0	4.064671893914542e-05
586.0	45.0	1.0	0.0	1.7577812075614932e-05
631.0	45.0	1.0	0.0	0.0001451967438061861
676.0	45.0	1.0	0.0	0.0004799959818521623
721.0	45.0	1.0	0.0	0.001308633422851509
766.0	45.0	1.0	0.0	0.0011590272691514268
811.0	45.0	1.0	0.0	0.0002792015923393622
856.0	45.0	1.0	0.0	6.768086751302028e-05
901.0	45.0	1.0	0.0	3.0066591087314806e-05
946.0	45.0	1.0	0.0	1.7175912608702974e-05
991.0	45.0	1.0	0.0	1.4501330587599012e-05
1036.0	45.0	1.0	0.0	0.00011868734094828294
1081.0	45.0	1.0	0.0	0.0016436137941148062
1126.0	45.0	1.0	0.0	0.0017791353013779925
1171.0	45.0	1.0	0.0	0.0005309007432725267
1216.0	45.0	1.0	0.0	0.00015543721516923835
1261.0	45.0	1.0	0.0	9.0024481879325e-05
1306.0	45.0	1.0	0.0	3.6888326538932826e-05
1351.0	45.0	1.0	0.0	0.00011747902499302412
1396.0	45.0	1.0	0.0	0.0006007721477084134
1441.0	45.0	1.0	0.0	0.002092376030815926
1486.0	45.0	1.0	0.0	0.0020195085313584626
1531.0	45.0	1.0	0.0	0.0012297370062933554
1576.0	45.0	1.0	0.0	0.0003751464843749555
1621.0	45.0	1.0	0.0	0.00039157104492183335
1666.0	45.0	1.0	0.0	5.561069647471e-05
1711.0	45.0	1.0	0.0	2.7321971787346734e-05
1756.0	45.0	1.0	0.0	2.0826848347981772e-05
1801.0	45.0	1.0	0.0	4.939369095695883e-05
1846.0	45.0	1.0	0.0	0.0007972135119967487
1891.0	45.0	1.0	0.0	0.0015487840440537714
1936.0	45.0	1.0	0.0	0.00013592207166881752
1981.0	45.0	1.0	0.0	2.4322848849826396e-05
2026.0	45.0	1.0	0.0	9.782845444149441e-06
2071.0	45.0	1.0	0.0	5.6423518392774785e-06
2116.0	45.0	1.0	0.0	1.938400798373752e-05
2161.0	45.0	1.0	0.0	5.1866290304394796e-05
2206.0	45.0	1.0	0.0	0.00019310633341467124
2251.0	45.0	1.0	0.0	0.0005929439332749666
2296.0	45.0	1.0	0.0	0.0001009340074327072
2341.0	45.0	1.0	0.0	5.2307891845696244e-05
2386.0	45.0	1.0	0.0	3.732059664196437e-05
2431.0	45.0	1.0	0.0	6.390067868761698e-05
2476.0	45.0	1.0	0.0	0.00016515911950001116
2521.0	45.0	1.0	0.0	0.00030975367228185336
2566.0	45.0	1.0	0.0	0.0004437887403699577
2611.0	45.0	1.0	0.0	0.00022736375596782898
2656.0	45.0	1.0	0.0	6.908755832247873e-05
2701.0	45.0	1.0	0.0	3.83199903700059e-05
2746.0	45.0	1.0	0.0	2.590857479307387e-05
2791.0	45.0	1.0	0.0	1.3795509603288439e-05
2836.0	45.0	1.0	0.0	2.4237039354108793e-05
2881.0	45.0	1.0	0.0	0.000881353404786803
2926.0	45.0	1.0	0.0	0.0011166102091470888
2971.0	45.0	1.0	0.0	0.0014883946736653155
3016.0	45.0	1.0	0.0	0.0004966193305121132
3061.0	45.0	1.0	0.0	0.00019339667426211717
3106.0	45.0	1.0	0.0	5.5833221806420215e-05
3151.0	45.0	1.0	0.0	2.1155806382497156e-05
3196.0	45.0	1.0	0.0	0.0002600813097423466
3241.0	45.0	1.0	0.0	0.0004850377824570956
3286.0	45.0	1.0	0.0	0.0010908123440212202
3331.0	45.0	1.0	0.0	0.000562358601887978
3376.0	45.0	1.0	0.0	0.0002602162679036023
3421.0	45.0	1.0	0.0	0.0001649783664279089
3466.0	45.0	1.0	0.0	7.246491644116567e-05
3511.0	45.0	1.0	0.0	3.19367170333844e-05
3556.0	45.0	1.0	0.0	3.156272305382502e-05
3601.0	45.0	1.0	0.0	0.0008853814178042445
3646.0	45.0	1.0	0.0	0.0022586024814181395
3691.0	45.0	1.0	0.0	0.0007154741075303465
3736.0	45.0	1.0	0.0	0.00029757181803380443
3781.0	45.0	1.0	0.0	9.48682996961747e-05
3826.0	45.0	1.0	0.0	6.028086807992725e-05
3871.0	45.0	1.0	0.0	5.383044944868915e-05
3916.0	45.0	1.0	0.0	4.835249582926432e-05
3961.0	45.0	1.0	0.0	0.0006074792544046593
4006.0	45.0	1.0	0.0	0.0024660032484266087
4051.0	45.0	1.0	0.0	0.0012587504069009978
4096.0	45.0	1.0	0.0	0.0010256056043836397
4141.0	45.0	1.0	0.0	0.00019342074924041046
4186.0	45.0	1.0	0.0	3.534749348958333e-05
4231.0	45.0	1.0	0.0	1.6338084803687203e-05
4276.0	45.0	1.0	0.0	6.985687017440563e-05
4321.0	45.0	1.0	0.0	0.0006472782505882578
4366.0	45.0	1.0	0.0	0.0012637825859917065
4411.0	45.0	1.0	0.0	0.0012833902994791155
4456.0	45.0	1.0	0.0	0.0010365546332464803
4501.0	45.0	1.0	0.0	0.0013970916748046423
4546.0	45.0	1.0	0.0	0.0007994405110676689
4591.0	45.0	1.0	0.0	6.715799437628171e-05
4636.0	45.0	1.0	0.0	2.3291412989298492e-05
4681.0	45.0	1.0	0.0	0.00011245105531479315
4726.0	45.0	1.0	0.0	0.001373185284932398
4771.0	45.0	1.0	0.0	0.001594369506835896
4816.0	45.0	1.0	0.0	0.0005515658908419621
4861.0	45.0	1.0	0.0	0.00015992940266922666
4906.0	45.0	1.0	0.0	8.845486111110114e-05
4951.0	45.0	1.0	0.0	2.6996015177832712e-05
4996.0	45.0	1.0	0.0	1.204543775982327e-05
5041.0	45.0	1.0	0.0	1.869301531049941e-05
5086.0	45.0	1.0	0.0	0.00016141126420761553
5131.0	45.0	1.0	0.0	0.0017551698260836622
5176.0	45.0	1.0	0.0	0.0013897113376193065
5221.0	45.0	1.0	0.0	0.00022454664442270113
5266.0	45.0	1.0	0.0	5.308295355902777e-05
5311.0	45.0	1.0	0.0	1.6839994324578182e-05
5356.0	45.0	1.0	0.0	3.4542070494755475e-05
5401.0	45.0	1.0	0.0	0.00010772801505191103
5446.0	45.0	1.0	0.0	0.0008635149743821445
5491.0	45.0	1.0	0.0	0.00215973782009544
5536.0	45.0	1.0	0.0	0.0011773776584200978
5581.0	45.0	1.0	0.0	0.0002683875189886756
5626.0	45.0	1.0	0.0	9.352552625866249e-05
5671.0	45.0	1.0	0.0	5.9917577107743507e-05
5716.0	45.0	1.0	0.0	8.58141157362049e-05
5761.0	45.0	1.0	0.0	0.00022516655392112935
5806.0	45.0	1.0	0.0	0.0012157130135429755
5851.0	45.0	1.0	0.0	0.002620189751519049
5896.0	45.0	1.0	0.0	0.0021237331814235733
5941.0	45.0	1.0	0.0	0.0011486219618055133
5986.0	45.0	1.0	0.0	0.00021346367730030888
6031.0	45.0	1.0	0.0	0.0003198053889804022
6076.0	45.0	1.0	0.0	7.234073215059666e-05
6121.0	45.0	1.0	0.0	0.00013599665959674345
6166.0	45.0	1.0	0.0	0.0005006975173949757
6211.0	45.0	1.0	0.0	0.000977753702799431
6256.0	45.0	1.0	0.0	0.0021375856187607982
6301.0	45.0	1.0	0.0	0.0007545484754773891
6346.0	45.0	1.0	0.0	0.0001691185845268666
6391.0	45.0	1.0	0.0	6.54122140672408e-05
6436.0	45.0	1.0	0.0	3.03981489605364e-05
6481.0	45.0	1.0	0.0	3.417288197411431e-05
6526.0	45.0	1.0	0.0	0.0002817778905232335
6571.0	45.0	1.0	0.0	0.0004433879428439178
6616.0	45.0	1.0	0.0	0.0016732107374402738
6661.0	45.0	1.0	0.0	0.0006793295966253868
6706.0	45.0	1.0	0.0	0.0013869333902994398
6751.0	45.0	1.0	0.0	0.0001121032655238914
6796.0	45.0	1.0	0.0	4.725676708750978e-05
6841.0	45.0	1.0	0.0	5.283732414245605e-05
6886.0	45.0	1.0	0.0	7.694474326238137e-05
6931.0	45.0	1.0	0.0	0.001226749504937013
6976.0	45.0	1.0	0.0	0.0019385626051160556
7021.0	45.0	1.0	0.0	0.0015486579047308648
7066.0	45.0	1.0	0.0	0.0004694847954643697
7111.0	45.0	1.0	0.0	5.907238705290413e-05
7156.0	45.0	1.0	0.0	2.5103922850555834e-05
7201.0	45.0	1.0	0.0	3.2600039905971946e-05
7246.0	45.0	1.0	0.0	0.00012029059727984323
7291.0	45.0	1.0	0.0	0.0007745962778726688
7336.0	45.0	1.0	0.0	0.0015611740960014668
7381.0	45.0	1.0	0.0	0.0016736711290147135
7426.0	45.0	1.0	0.0	0.0002825083414713067
7471.0	45.0	1.0	0.0	5.414733886718417e-05
7516.0	45.0	1.0	0.0	1.5850191646152072e-05
7561.0	45.0	1.0	0.0	9.91407765282525e-06
7606.0	45.0	1.0	0.0	6.526613235473631e-06
7651.0	45.0	1.0	0.0	0.0004210637622408943
7696.0	45.0	1.0	0.0	0.0015122149149576403
7741.0	45.0	1.0	0.0	0.0011031258477104513
7786.0	45.0	1.0	0.0	0.0003769026014539512
7831.0	45.0	1.0	0.0	0.00016781480577253535
7876.0	45.0	1.0	0.0	9.241530630322298e-05
7921.0	45.0	1.0	0.0	7.684395578172251e-05
7966.0	45.0	1.0	0.0	7.543245951333686e-05
8011.0	45.0	1.0	0.0	0.0006807111104328868
8056.0	45.0	1.0	0.0	0.00105126681857634
8101.0	45.0	1.0	0.0	0.0016278489854600201
8146.0	45.0	1.0	0.0	0.0004745171440971844
8191.0	45.0	1.0	0.0	0.00021203240288625476
8236.0	45.0	1.0	0.0	5.92737701204088e-05
8281.0	45.0	1.0	0.0	2.7659148640102807e-05
8326.0	45.0	1.0	0.0	6.471386485628831e-05
8371.0	45.0	1.0	0.0	0.0003922480053371311
8416.0	45.0	1.0	0.0	0.0005676126268174356
8461.0	45.0	1.0	0.0	0.0003714773390027822
8506.0	45.0	1.0	0.0	0.0003540103488497755
8551.0	45.0	1.0	0.0	0.0002168680826822417
8596.0	45.0	1.0	0.0	5.1128374205695255e-05
8641.0	45.0	1.0	0.0	4.087874889373446e-05
8686.0	45.0	1.0	0.0	6.509430673387061e-05
8731.0	45.0	1.0	0.0	0.00021747901704570892
8776.0	45.0	1.0	0.0	0.00063651345570878
8821.0	45.0	1.0	0.0	0.0005596928066677112
8866.0	45.0	1.0	0.0	0.00025572018093528
8911.0	45.0	1.0	0.0	5.789574517144e-05
8956.0	45.0	1.0	0.0	2.6944691605037774e-05
9001.0	45.0	1.0	0.0	2.4897682666776453e-05
9046.0	45.0	1.0	0.0	1.3674261834886336e-05
9091.0	45.0	1.0	0.0	3.631397353278266e-05
9136.0	45.0	1.0	0.0	0.0005504484176635274
9181.0	45.0	1.0	0.0	0.0022683288150362976
9226.0	45.0	1.0	0.0	0.0016746310763888473
9271.0	45.0	1.0	0.0	0.00022028198242182663
9316.0	45.0	1.0	0.0	6.56988806194668e-05
9361.0	45.0	1.0	0.0	3.3008371459112763e-05
9406.0	45.0	1.0	0.0	3.285087479485407e-05
9451.0	45.0	1.0	0.0	0.00043827575577625106
9496.0	45.0	1.0	0.0	0.0021445517645941373
9541.0	45.0	1.0	0.0	0.001764569091796824
9586.0	45.0	1.0	0.0	0.0008321760389539536
9631.0	45.0	1.0	0.0	0.0010268863254122862
9676.0	45.0	1.0	0.0	6.21242907312148e-05
9721.0	45.0	1.0	0.0	1.7909056610531283e-05
9766.0	45.0	1.0	0.0	2.470945517222086e-05
9811.0	45.0	1.0	0.0	0.0005185129059685111
9856.0	45.0	1.0	0.0	0.0014405874040391295
9901.0	45.0	1.0	0.0	0.00029737464057070443
9946.0	45.0	1.0	0.0	7.058953179252988e-05
9991.0	45.0	1.0	0.0	3.8500467936197915e-05
10036.0	45.0	1.0	0.0	4.092148608631419e-05
10081.0	45.0	1.0	0.0	1.7192808124754164e-05
10126.0	45.0	1.0	0.0	3.2559756437933624e-05
10171.0	45.0	1.0	0.0	7.596198187933114e-05
10216.0	45.0	1.0	0.0	0.0013203797552320269
10261.0	45.0	1.0	0.0	0.0016128083970811178
10306.0	45.0	1.0	0.0	0.0007889194064669687
10351.0	45.0	1.0	0.0	0.00020453050401472844
10396.0	45.0	1.0	0.0	4.885497672690093e-05
10441.0	45.0	1.0	0.0	3.356142524215911e-05
10486.0	45.0	1.0	0.0	2.0142401589287653e-05
10531.0	45.0	1.0	0.0	3.8672924041747976e-05
10576.0	45.0	1.0	0.0	0.0009054476208156627
10621.0	45.0	1.0	0.0	0.0008772766113280799
10666.0	45.0	1.0	0.0	0.0003610198974608844
10711.0	45.0	1.0	0.0	0.0002944181654187839
10756.0	45.0	1.0	0.0	0.00019418012830941603
10801.0	45.0	1.0	0.0	4.236871136559381e-05
10846.0	45.0	1.0	0.0	2.3481594191654028e-05
10891.0	45.0	1.0	0.0	7.350529034931903e-05
10936.0	45.0	1.0	0.0	0.0002400606791177956
10981.0	45.0	1.0	0.0	0.0003187868330213199
11026.0	45.0	1.0	0.0	0.00167019678751622
11071.0	45.0	1.0	0.0	0.0007464692857529955
11116.0	45.0	1.0	0.0	8.80476209852275e-05
11161.0	45.0	1.0	0.0	2.9953184392717156e-05
11206.0	45.0	1.0	0.0	1.3767336474524597e-05
11251.0	45.0	1.0	0.0	2.0993635389539933e-05
11296.0	45.0	1.0	0.0	0.00015022659301754506
11341.0	45.0	1.0	0.0	0.0007221175087822357
11386.0	45.0	1.0	0.0	0.000514091576470218
11431.0	45.0	1.0	0.0	0.00013835449218746302
11476.0	45.0	1.0	0.0	0.00017699398464622265
11521.0	45.0	1.0	0.0	6.793681780496567e-05
11566.0	45.0	1.0	0.0	2.356063524881998e-05
11611.0	45.0	1.0	0.0	0.00010896839565699057
11656.0	45.0	1.0	0.0	0.0004961402575174511
11701.0	45.0	1.0	0.0	0.0006420811971028221
11746.0	45.0	1.0	0.0	0.0005673134697807643
11791.0	45.0	1.0	0.0	0.00012951456705726107
11836.0	45.0	1.0	0.0	3.64378187391493e-05
11881.0	45.0	1.0	0.0	3.923603958553495e-05
11926.0	45.0	1.0	0.0	1.9189545843336322e-05
11971.0	45.0	1.0	0.0	9.695313771563527e-05
12016.0	45.0	1.0	0.0	0.0003475025600856644
12061.0	45.0	1.0	0.0	0.0004802896287705622
12106.0	45.0	1.0	0.0	0.0020592581854925757
12151.0	45.0	1.0	0.0	0.0006534138997395401
12196.0	45.0	1.0	0.0	9.780171712237671e-05
12241.0	45.0	1.0	0.0	3.683273924721613e-05
12286.0	45.0	1.0	0.0	1.644737588034736e-05
12331.0	45.0	1.0	0.0	2.769426239861328e-05
12376.0	45.0	1.0	0.0	5.4152213202578814e-05
12421.0	45.0	1.0	0.0	0.0006120245085821757
12466.0	45.0	1.0	0.0	0.0015333229064940957
12511.0	45.0	1.0	0.0	0.0007037087334526443
12556.0	45.0	1.0	0.0	8.713548448349805e-05
12601.0	45.0	1.0	0.0	4.4766537348429355e-05
12646.0	45.0	1.0	0.0	2.5218486785888113e-05
12691.0	45.0	1.0	0.0	0.00045916998651289367
12736.0	45.0	1.0	0.0	0.0019106560177272666
12781.0	45.0	1.0	0.0	0.0025832761976453617
12826.0	45.0	1.0	0.0	0.0016477718777126334
12871.0	45.0	1.0	0.0	0.000687318929036422
12916.0	45.0	1.0	0.0	0.000536183675130171
12961.0	45.0	1.0	0.0	0.00018366096549561544
13006.0	45.0	1.0	0.0	3.4372687339781766e-05
13051.0	45.0	1.0	0.0	0.00010108135011459281
13096.0	45.0	1.0	0.0	0.0007988391664292577
13141.0	45.0	1.0	0.0	0.002185902574327211
13186.0	45.0	1.0	0.0	0.0011371666802299884
13231.0	45.0	1.0	0.0	0.0003311757405598556
13276.0	45.0	1.0	0.0	7.906494140624639e-05
13321.0	45.0	1.0	0.0	0.0003802458895576939
13366.0	45.0	1.0	0.0	0.00014100326697027754
13411.0	45.0	1.0	0.0	4.652881622314318e-05
13456.0	45.0	1.0	0.0	0.0007292424943711627
13501.0	45.0	1.0	0.0	0.002286474270290751
13546.0	45.0	1.0	0.0	0.0013362555609808598
13591.0	45.0	1.0	0.0	0.0006811011420355487
13636.0	45.0	1.0	0.0	0.00020821872287323336
13681.0	45.0	1.0	0.0	5.629136827256361e-05
13726.0	45.0	1.0	0.0	1.7424763573540586e-05
13771.0	45.0	1.0	0.0	8.399849467807346e-06
13816.0	45.0	1.0	0.0	2.6292522748311365e-05
13861.0	45.0	1.0	0.0	0.00038263395097516716
13906.0	45.0	1.0	0.0	0.0006497910817463734
13951.0	45.0	1.0	0.0	0.0003649427625867599
13996.0	45.0	1.0	0.0	0.00016205563015405847
14041.0	45.0	1.0	0.0	3.380567762586792e-05
14086.0	45.0	1.0	0.0	1.56646384133233e-05
14131.0	45.0	1.0	0.0	0.0001233888228734182
14176.0	45.0	1.0	0.0	6.676715215047198e-05
14221.0	45.0	1.0	0.0	0.000133378198411702
14266.0	45.0	1.0	0.0	0.0008173227098252579
14311.0	45.0	1.0	0.0	0.0013942614237466976
14356.0	45.0	1.0	0.0	0.00033665500217009336
14401.0	45.0	1.0	0.0	0.000208498806423573
14446.0	45.0	1.0	0.0	0.00022491221957732943
14491.0	45.0	1.0	0.0	0.00011777727339000637
14536.0	45.0	1.0	0.0	0.0006158403396606021
14581.0	45.0	1.0	0.0	0.0018626970079209603
14626.0	45.0	1.0	0.0	0.0012612513224283287
14671.0	45.0	1.0	0.0	0.0010332238091362424
14716.0	45.0	1.0	0.0	0.0009657779269747867
14761.0	45.0	1.0	0.0	0.0001374491373697744
14806.0	45.0	1.0	0.0	2.569711208343506e-05
14851.0	45.0	1.0	0.0	1.0572915607028536e-05
14896.0	45.0	1.0	0.0	3.904295762379592e-05
14941.0	45.0	1.0	0.0	0.00034564428329463855
14986.0	45.0	1.0	0.0	0.0013495064629448334
15031.0	45.0	1.0	0.0	0.0010787467108832
15076.0	45.0	1.0	0.0	0.00027902442084414
15121.0	45.0	1.0	0.0	0.00016574266221784862
15166.0	45.0	1.0	0.0	0.00010194880432550566
15211.0	45.0	1.0	0.0	0.0004506657467947621
15256.0	45.0	1.0	0.0	0.0009462381574842178
15301.0	45.0	1.0	0.0	0.00233825158013234
15346.0	45.0	1.0	0.0	0.0027315544976128023
15391.0	45.0	1.0	0.0	0.0022455654568142047
15436.0	45.0	1.0	0.0	0.0011564283582898888
15481.0	45.0	1.0	0.0	0.00020189548068573726
15526.0	45.0	1.0	0.0	3.491553995344374e-05
15571.0	45.0	1.0	0.0	3.727903101178593e-05
15616.0	45.0	1.0	0.0	0.00015507150755983117
15661.0	45.0	1.0	0.0	0.0003059135648938845
15706.0	45.0	1.0	0.0	0.0018672635396321086
15751.0	45.0	1.0	0.0	0.0013648952907985646
15796.0	45.0	1.0	0.0	0.00038717312282982063
15841.0	45.0	1.0	0.0	0.00031260172526038476
15886.0	45.0	1.0	0.0	0.0002511157910028719
15931.0	45.0	1.0	0.0	5.358191331227123e-05
15976.0	45.0	1.0	0.0	6.72024938795181e-05
16021.0	45.0	1.0	0.0	0.00032979212866884216
16066.0	45.0	1.0	0.0	0.002163442526923237
16111.0	45.0	1.0	0.0	0.0012939078436957018
16156.0	45.0	1.0	0.0	0.00048658820258242445
16201.0	45.0	1.0	0.0	0.0001479593912760044
16246.0	45.0	1.0	0.0	5.215042465262943e-05
16291.0	45.0	1.0	0.0	2.6636584268675918e-05
16336.0	45.0	1.0	0.0	8.207168579099584e-05
16381.0	45.0	1.0	0.0	0.00020123071670526886
16426.0	45.0	1.0	0.0	0.0010328295813665956
16471.0	45.0	1.0	0.0	0.001813832770453518
16516.0	45.0	1.0	0.0	0.0010254767523871044
16561.0	45.0	1.0	0.0	0.0002015282524956133
16606.0	45.0	1.0	0.0	7.582926981977947e-05
16651.0	45.0	1.0	0.0	2.507453262805938e-05
16696.0	45.0	1.0	0.0	1.4315091239081485e-05
16741.0	45.0	1.0	0.0	0.0001074042744106535
16786.0	45.0	1.0	0.0	0.0009944680319891536
16831.0	45.0	1.0	0.0	0.0010448196411132358
16876.0	45.0	1.0	0.0	0.00026291690402556006
16921.0	45.0	1.0	0.0	0.00029446733262799115
16966.0	45.0	1.0	0.0	8.478240966795723e-05
17011.0	45.0	1.0	0.0	2.141736480924818e-05
17056.0	45.0	1.0	0.0	1.5813246038223174e-05
17101.0	45.0	1.0	0.0	0.0001940948777728279
17146.0	45.0	1.0	0.0	0.0008350507524277867
17191.0	45.0	1.0	0.0	0.0009832168579101048
17236.0	45.0	1.0	0.0	0.0007477576361761601
17281.0	45.0	1.0	0.0	0.0004694954766167154
17326.0	45.0	1.0	0.0	0.00023018968370221778
17371.0	45.0	1.0	0.0	6.670522689819146e-05
17416.0	45.0	1.0	0.0	0.00011730634901256442
17461.0	45.0	1.0	0.0	0.00039745713339906224
17506.0	45.0	1.0	0.0	0.001177745056152298
17551.0	45.0	1.0	0.0	0.0011093938191731267
17596.0	45.0	1.0	0.0	0.0004589375813801579
17641.0	45.0	1.0	0.0	0.0007919125027126244
17686.0	45.0	1.0	0.0	8.912082248262225e-05
17731.0	45.0	1.0	0.0	2.0604867405361596e-05
17776.0	45.0	1.0	0.0	2.1759721967908142e-05
17821.0	45.0	1.0	0.0	4.7573611471376354e-05
17866.0	45.0	1.0	0.0	0.00031069448788955333
17911.0	45.0	1.0	0.0	0.0002533190409341933
17956.0	45.0	1.0	0.0	0.00011031727261010586
18001.0	45.0	1.0	0.0	4.068400065104166e-05
18046.0	45.0	1.0	0.0	1.8963962131076383e-05
18091.0	45.0	1.0	0.0	1.0268552766905894e-05
18136.0	45.0	1.0	0.0	5.215671658515931e-06
18181.0	45.0	1.0	0.0	2.5112345483566942e-05
18226.0	37.0	1.0	0.0	0.00012805769894570022
