stress_period	sp_length	time_step	study (0 : TS or 1 : SS)	rech
0.0	1.0	1.0	1.0	0.0006124050902983803
1.0	50.0	1.0	0.0	0.0015704626464843239
51.0	50.0	1.0	0.0	0.0005120959472655821
101.0	50.0	1.0	0.0	0.0003108804321288601
151.0	50.0	1.0	0.0	7.744384765623626e-05
201.0	50.0	1.0	0.0	2.3690937757490857e-05
251.0	50.0	1.0	0.0	9.392174839971793e-05
301.0	50.0	1.0	0.0	0.000855896530151324
351.0	50.0	1.0	0.0	0.0025257336425780806
401.0	50.0	1.0	0.0	0.0009904113769530823
451.0	50.0	1.0	0.0	0.0004390209960937061
501.0	50.0	1.0	0.0	0.00014719451904293647
551.0	50.0	1.0	0.0	3.558697342872619e-05
601.0	50.0	1.0	0.0	8.793111205099516e-05
651.0	50.0	1.0	0.0	0.00031049341201777196
701.0	50.0	1.0	0.0	0.0009954292678832541
751.0	50.0	1.0	0.0	0.0007022309875487838
801.0	50.0	1.0	0.0	0.000996256713867146
851.0	50.0	1.0	0.0	0.0002649197387694908
901.0	50.0	1.0	0.0	8.575325965881115e-05
951.0	50.0	1.0	0.0	4.012353897094554e-05
1001.0	50.0	1.0	0.0	0.0001708807468414047
1051.0	50.0	1.0	0.0	0.0018337005233764123
1101.0	50.0	1.0	0.0	0.001883766174316366
1151.0	50.0	1.0	0.0	0.0008660769653319901
1201.0	50.0	1.0	0.0	6.762786865233823e-05
1251.0	50.0	1.0	0.0	1.981689453125e-05
1301.0	50.0	1.0	0.0	1.4016629457471483e-05
1351.0	50.0	1.0	0.0	7.341874003409328e-05
1401.0	50.0	1.0	0.0	0.0009842246341704964
1451.0	50.0	1.0	0.0	0.0021160862731933166
1501.0	50.0	1.0	0.0	0.0017971087646483862
1551.0	50.0	1.0	0.0	0.0005423709106444941
1601.0	50.0	1.0	0.0	0.0001364617919921655
1651.0	50.0	1.0	0.0	2.3495112061500542e-05
1701.0	50.0	1.0	0.0	0.00010961758553980561
1751.0	50.0	1.0	0.0	0.0003905229759215819
1801.0	50.0	1.0	0.0	0.00163487216949458
1851.0	50.0	1.0	0.0	0.0009480949401855059
1901.0	50.0	1.0	0.0	0.0011965399169921462
1951.0	50.0	1.0	0.0	0.00013854827880856505
2001.0	50.0	1.0	0.0	2.3223357796669e-05
2051.0	50.0	1.0	0.0	5.854486405848731e-05
2101.0	50.0	1.0	0.0	0.0003486711549758708
2151.0	50.0	1.0	0.0	0.0025822217559813955
2201.0	50.0	1.0	0.0	0.0011900729370116741
2251.0	50.0	1.0	0.0	0.0005658099365233982
2301.0	50.0	1.0	0.0	0.00025970275878903025
2351.0	50.0	1.0	0.0	3.28424072265625e-05
2401.0	50.0	1.0	0.0	4.028556585311686e-05
2451.0	50.0	1.0	0.0	3.316447019576709e-05
2501.0	50.0	1.0	0.0	0.000404002394676168
2551.0	50.0	1.0	0.0	0.0012664109420775821
2601.0	50.0	1.0	0.0	0.0007266358947753438
2651.0	50.0	1.0	0.0	9.121505737303171e-05
2701.0	50.0	1.0	0.0	9.113967895507239e-05
2751.0	50.0	1.0	0.0	0.00013210816383360418
2801.0	50.0	1.0	0.0	0.00013918004035947488
2851.0	50.0	1.0	0.0	0.001063199710845906
2901.0	50.0	1.0	0.0	0.002273563842773388
2951.0	50.0	1.0	0.0	0.001705658874511674
3001.0	50.0	1.0	0.0	0.0006310711669921558
3051.0	50.0	1.0	0.0	0.00015278625488278553
3101.0	50.0	1.0	0.0	2.1436861753463743e-05
3151.0	50.0	1.0	0.0	7.676572799682617e-06
3201.0	50.0	1.0	0.0	0.00014606610417363826
3251.0	50.0	1.0	0.0	0.0019231046104430766
3301.0	50.0	1.0	0.0	0.002521260833740192
3351.0	50.0	1.0	0.0	0.0007978506469726142
3401.0	50.0	1.0	0.0	9.853332519529498e-05
3451.0	50.0	1.0	0.0	2.2515421994029473e-05
3501.0	50.0	1.0	0.0	3.675151716917319e-05
3551.0	50.0	1.0	0.0	4.56421279907157e-05
3601.0	50.0	1.0	0.0	0.0007017434597015004
3651.0	50.0	1.0	0.0	0.0020974929809569835
3701.0	50.0	1.0	0.0	0.0006664849853515219
3751.0	50.0	1.0	0.0	0.00033391082763668285
3801.0	50.0	1.0	0.0	4.8673706054687e-05
3851.0	50.0	1.0	0.0	2.644217729568356e-05
3901.0	50.0	1.0	0.0	0.00016740437269210093
3951.0	50.0	1.0	0.0	0.0010831704330443817
4001.0	50.0	1.0	0.0	0.0017236611175536643
4051.0	50.0	1.0	0.0	0.0012751675415038585
4101.0	50.0	1.0	0.0	0.0009786160278319879
4151.0	50.0	1.0	0.0	0.00018027221679685606
4201.0	50.0	1.0	0.0	2.8627489805221558e-05
4251.0	50.0	1.0	0.0	2.1575874090191763e-05
4301.0	50.0	1.0	0.0	6.756593465804113e-05
4351.0	50.0	1.0	0.0	0.0009286845588683559
4401.0	50.0	1.0	0.0	0.0020113439941405746
4451.0	50.0	1.0	0.0	0.00042760681152339414
4501.0	50.0	1.0	0.0	0.00017018432617183394
4551.0	50.0	1.0	0.0	0.00013467273294923092
4601.0	50.0	1.0	0.0	2.74177211523056e-05
4651.0	50.0	1.0	0.0	9.640170097350327e-05
4701.0	50.0	1.0	0.0	0.0006459218311309461
4751.0	50.0	1.0	0.0	0.00297620033264155
4801.0	50.0	1.0	0.0	0.0006253219604491719
4851.0	50.0	1.0	0.0	0.00021605468749995947
4901.0	50.0	1.0	0.0	5.149169921874824e-05
4951.0	50.0	1.0	0.0	2.3571614027021105e-05
5001.0	50.0	1.0	0.0	7.012311220169066e-06
5051.0	50.0	1.0	0.0	0.00018538376808162785
5101.0	50.0	1.0	0.0	0.0010727624702453076
5151.0	50.0	1.0	0.0	0.001678553466796836
5201.0	50.0	1.0	0.0	0.0002838946533202681
5251.0	50.0	1.0	0.0	5.1719360351558235e-05
5301.0	50.0	1.0	0.0	1.9535030126570904e-05
5351.0	50.0	1.0	0.0	4.3991247415538245e-05
5401.0	50.0	1.0	0.0	0.0004209493160247441
5451.0	50.0	1.0	0.0	0.0021426337814330577
5501.0	50.0	1.0	0.0	0.002356784973144486
5551.0	50.0	1.0	0.0	0.0006936743164062123
5601.0	50.0	1.0	0.0	0.000103171386718732
5651.0	50.0	1.0	0.0	8.378055691718704e-05
5701.0	50.0	1.0	0.0	6.665535330771423e-05
5751.0	50.0	1.0	0.0	0.000512125124931284
5801.0	50.0	1.0	0.0	0.0029558596801757303
5851.0	50.0	1.0	0.0	0.0032310305786132387
5901.0	50.0	1.0	0.0	0.0011519628906249677
5951.0	50.0	1.0	0.0	0.000171312255859347
6001.0	50.0	1.0	0.0	5.5364379882812504e-05
6051.0	50.0	1.0	0.0	1.7196661233901752e-05
6101.0	50.0	1.0	0.0	6.19862353801672e-05
6151.0	50.0	1.0	0.0	0.001346409449577286
6201.0	50.0	1.0	0.0	0.0031218228149413572
6251.0	50.0	1.0	0.0	0.001382534179687454
6301.0	50.0	1.0	0.0	0.0004972662353515304
6351.0	50.0	1.0	0.0	5.6864013671872014e-05
6401.0	50.0	1.0	0.0	1.67829692363739e-05
6451.0	50.0	1.0	0.0	7.210383415222172e-06
6501.0	50.0	1.0	0.0	0.0002577297270297686
6551.0	50.0	1.0	0.0	0.00173564218521114
6601.0	50.0	1.0	0.0	0.0015844297790526918
6651.0	50.0	1.0	0.0	0.0007554678344726123
6701.0	50.0	1.0	0.0	0.0001914907836913784
6751.0	50.0	1.0	0.0	3.652677774429103e-05
6801.0	50.0	1.0	0.0	3.1644484996791965e-05
6851.0	50.0	1.0	0.0	0.00022810904502864988
6901.0	50.0	1.0	0.0	0.0015802313804626044
6951.0	50.0	1.0	0.0	0.0012516407775878464
7001.0	50.0	1.0	0.0	0.0012252722167968356
7051.0	50.0	1.0	0.0	0.00018028045654293868
7101.0	50.0	1.0	0.0	3.9929504394531225e-05
7151.0	50.0	1.0	0.0	8.606214523314103e-05
7201.0	50.0	1.0	0.0	8.051755905150381e-05
7251.0	50.0	1.0	0.0	0.00120723377227778
7301.0	50.0	1.0	0.0	0.002645786132812454
7351.0	50.0	1.0	0.0	0.0007611517333983922
7401.0	50.0	1.0	0.0	0.00014332366943356047
7451.0	50.0	1.0	0.0	4.1457824707031256e-05
7501.0	50.0	1.0	0.0	0.0001106851434707529
7551.0	50.0	1.0	0.0	0.00016459661006925562
7601.0	50.0	1.0	0.0	0.0003760190963744642
7651.0	50.0	1.0	0.0	0.001662336692810006
7701.0	50.0	1.0	0.0	0.0006569300842284701
7751.0	50.0	1.0	0.0	0.0002294616699218299
7801.0	50.0	1.0	0.0	5.657165527343452e-05
7851.0	50.0	1.0	0.0	1.366117686033249e-05
7901.0	50.0	1.0	0.0	7.841850817203522e-06
7951.0	50.0	1.0	0.0	3.85401976108536e-05
8001.0	50.0	1.0	0.0	0.0004306671094893939
8051.0	50.0	1.0	0.0	0.0013650591659545462
8101.0	50.0	1.0	0.0	0.0008547038269042561
8151.0	50.0	1.0	0.0	0.00024978424072260994
8201.0	50.0	1.0	0.0	4.7843300402164464e-05
8251.0	50.0	1.0	0.0	1.915095537900925e-05
8301.0	50.0	1.0	0.0	7.194891095160585e-05
8351.0	50.0	1.0	0.0	0.000532631578445388
8401.0	50.0	1.0	0.0	0.0015405462265014143
8451.0	50.0	1.0	0.0	0.0008709234619140236
8501.0	50.0	1.0	0.0	0.000267372131347614
8551.0	50.0	1.0	0.0	8.908599853514897e-05
8601.0	50.0	1.0	0.0	2.2995899915695188e-05
8651.0	50.0	1.0	0.0	3.6165024042127965e-05
8701.0	50.0	1.0	0.0	0.0001884716749191111
8751.0	50.0	1.0	0.0	0.000599834213256784
8801.0	50.0	1.0	0.0	0.0012705326080321821
8851.0	50.0	1.0	0.0	0.00051844345092769
8901.0	50.0	1.0	0.0	0.00012165069580075851
8951.0	50.0	1.0	0.0	2.232039451599122e-05
9001.0	50.0	1.0	0.0	1.2149069309234613e-05
9051.0	50.0	1.0	0.0	4.581330060958151e-05
9101.0	50.0	1.0	0.0	0.0007144409751891688
9151.0	50.0	1.0	0.0	0.0009916074371337418
9201.0	50.0	1.0	0.0	0.00031428146362299603
9251.0	50.0	1.0	0.0	0.0001529627990722345
9301.0	50.0	1.0	0.0	9.093358725308805e-05
9351.0	50.0	1.0	0.0	2.3874619305132488e-05
9401.0	50.0	1.0	0.0	8.807357788084656e-05
9451.0	50.0	1.0	0.0	0.0005700358486175008
9501.0	50.0	1.0	0.0	0.00137147689819331
9551.0	50.0	1.0	0.0	0.001273530883789008
9601.0	50.0	1.0	0.0	0.000447110290527301
9651.0	50.0	1.0	0.0	6.627807617187151e-05
9701.0	50.0	1.0	0.0	1.738935828208923e-05
9751.0	50.0	1.0	0.0	3.06914007663725e-05
9801.0	50.0	1.0	0.0	0.0006228002834319579
9851.0	50.0	1.0	0.0	0.0020003250122069866
9901.0	50.0	1.0	0.0	0.0008792288208007421
9951.0	50.0	1.0	0.0	0.0008103417968749582
10001.0	50.0	1.0	0.0	0.00011956970214841274
10051.0	50.0	1.0	0.0	2.2465531229972835e-05
10101.0	50.0	1.0	0.0	1.4951236844062804e-05
10151.0	50.0	1.0	0.0	0.00034896552562709905
10201.0	50.0	1.0	0.0	0.001208257293701126
10251.0	50.0	1.0	0.0	0.0016340423583983898
10301.0	50.0	1.0	0.0	0.000918802185058556
10351.0	50.0	1.0	0.0	0.0002192327880858989
10401.0	50.0	1.0	0.0	4.20111009478569e-05
10451.0	50.0	1.0	0.0	1.9670539200303577e-05
10501.0	50.0	1.0	0.0	4.803030252456147e-05
10551.0	50.0	1.0	0.0	0.0010547729206084888
10601.0	50.0	1.0	0.0	0.00207716186523433
10651.0	50.0	1.0	0.0	0.0005579193115233915
10701.0	50.0	1.0	0.0	6.202087402343599e-05
10751.0	50.0	1.0	0.0	2.3518981933593752e-05
10801.0	50.0	1.0	0.0	9.27016854286194e-06
10851.0	50.0	1.0	0.0	1.1834539175033566e-05
10901.0	50.0	1.0	0.0	0.00014891217231748427
10951.0	50.0	1.0	0.0	0.0015731007957458082
11001.0	50.0	1.0	0.0	0.0022250933837890175
11051.0	50.0	1.0	0.0	0.00020630401611322993
11101.0	50.0	1.0	0.0	0.00013434356689449777
11151.0	50.0	1.0	0.0	2.8348155021667483e-05
11201.0	50.0	1.0	0.0	9.264011383056644e-06
11251.0	50.0	1.0	0.0	2.974170684814256e-05
11301.0	50.0	1.0	0.0	0.0006249896478652461
11351.0	50.0	1.0	0.0	0.0005574310302733861
11401.0	50.0	1.0	0.0	0.00041348960876460395
11451.0	50.0	1.0	0.0	0.00011145492553708695
11501.0	50.0	1.0	0.0	1.7069290578365323e-05
11551.0	50.0	1.0	0.0	1.7779015600678298e-05
11601.0	50.0	1.0	0.0	8.503998994825771e-05
11651.0	50.0	1.0	0.0	0.0016722639560699003
11701.0	50.0	1.0	0.0	0.0033097738647460463
11751.0	50.0	1.0	0.0	0.0012170645141601159
11801.0	50.0	1.0	0.0	0.00014609985351559656
11851.0	50.0	1.0	0.0	2.83990478515625e-05
11901.0	50.0	1.0	0.0	5.904526233672269e-05
11951.0	50.0	1.0	0.0	0.0001835101079940643
12001.0	50.0	1.0	0.0	0.0007017457771300779
12051.0	50.0	1.0	0.0	0.002084786071777302
12101.0	50.0	1.0	0.0	0.0012541345214843282
12151.0	50.0	1.0	0.0	0.00015566925048824548
12201.0	50.0	1.0	0.0	3.494415283203125e-05
12251.0	50.0	1.0	0.0	1.6638410091399067e-05
12301.0	50.0	1.0	0.0	0.00011969328165052961
12351.0	50.0	1.0	0.0	0.000296597766876168
12401.0	50.0	1.0	0.0	0.0016286344146727977
12451.0	50.0	1.0	0.0	0.0017293507385253478
12501.0	50.0	1.0	0.0	0.000385993957519486
12551.0	50.0	1.0	0.0	5.866119384764925e-05
12601.0	50.0	1.0	0.0	1.6026043295860043e-05
12651.0	50.0	1.0	0.0	2.7070196270938775e-05
12701.0	50.0	1.0	0.0	0.0008982822394370623
12751.0	50.0	1.0	0.0	0.001953675842285106
12801.0	50.0	1.0	0.0	0.001706397399902298
12851.0	50.0	1.0	0.0	0.000488187255859334
12901.0	50.0	1.0	0.0	7.548645019530152e-05
12951.0	50.0	1.0	0.0	3.8737143576145166e-05
13001.0	50.0	1.0	0.0	3.771612763404669e-05
13051.0	50.0	1.0	0.0	2.2550563812255864e-05
13101.0	50.0	1.0	0.0	0.0005696217679977037
13151.0	50.0	1.0	0.0	0.0011207309341430224
13201.0	50.0	1.0	0.0	0.0006417422485351139
13251.0	50.0	1.0	0.0	0.00031566757202143407
13301.0	50.0	1.0	0.0	8.34893798827967e-05
13351.0	50.0	1.0	0.0	2.114677667617799e-05
13401.0	50.0	1.0	0.0	5.2845346927633715e-05
13451.0	50.0	1.0	0.0	0.00022963548183437994
13501.0	50.0	1.0	0.0	0.0020937173652648376
13551.0	50.0	1.0	0.0	0.0018492999267577658
13601.0	50.0	1.0	0.0	0.0003571841430663595
13651.0	50.0	1.0	0.0	4.542907714843751e-05
13701.0	50.0	1.0	0.0	1.1954752802848815e-05
13751.0	50.0	1.0	0.0	6.271324455737153e-05
13801.0	50.0	1.0	0.0	0.0005332182407378688
13851.0	50.0	1.0	0.0	0.0030436103439330665
13901.0	50.0	1.0	0.0	0.0017214334106444942
13951.0	50.0	1.0	0.0	0.0018237756347655914
14001.0	50.0	1.0	0.0	0.00017968627929685555
14051.0	50.0	1.0	0.0	5.9306534230704546e-05
14101.0	50.0	1.0	0.0	1.5767890512943266e-05
14151.0	50.0	1.0	0.0	0.0003879956054687208
14201.0	50.0	1.0	0.0	0.002379956092834428
14251.0	50.0	1.0	0.0	0.0023993060302733814
14301.0	50.0	1.0	0.0	0.0012968334960937117
14351.0	50.0	1.0	0.0	0.00032103515624996707
14401.0	50.0	1.0	0.0	4.4389038085937485e-05
14451.0	50.0	1.0	0.0	1.2673643827438359e-05
14501.0	50.0	1.0	0.0	0.00010931589245794605
14551.0	50.0	1.0	0.0	0.00110512990951534
14601.0	50.0	1.0	0.0	0.0014486196899413581
14651.0	50.0	1.0	0.0	0.001292822265624958
14701.0	50.0	1.0	0.0	0.000244332885742144
14751.0	50.0	1.0	0.0	8.000854492186831e-05
14801.0	50.0	1.0	0.0	2.5130488872527317e-05
14851.0	50.0	1.0	0.0	8.301944732666016e-06
14901.0	50.0	1.0	0.0	0.0003114075016975144
14951.0	50.0	1.0	0.0	0.0009675659179687042
15001.0	50.0	1.0	0.0	0.001073200225830038
15051.0	50.0	1.0	0.0	0.00024125091552731258
15101.0	50.0	1.0	0.0	3.9874267578125e-05
15151.0	50.0	1.0	0.0	2.6520138978955504e-05
15201.0	50.0	1.0	0.0	6.9954121112823495e-06
15251.0	50.0	1.0	0.0	0.0003438127875327695
15301.0	50.0	1.0	0.0	0.0009248390197753443
15351.0	50.0	1.0	0.0	0.001415074462890574
15401.0	50.0	1.0	0.0	0.0010235525512694943
15451.0	50.0	1.0	0.0	0.000309441528320268
15501.0	50.0	1.0	0.0	0.00010835845947264049
15551.0	50.0	1.0	0.0	4.267037391662433e-05
15601.0	50.0	1.0	0.0	4.703364372252741e-05
15651.0	50.0	1.0	0.0	0.0006342918014526034
15701.0	50.0	1.0	0.0	0.000837180938720658
15751.0	50.0	1.0	0.0	0.001329681396484326
15801.0	50.0	1.0	0.0	0.0008100213623046441
15851.0	50.0	1.0	0.0	8.918487548826601e-05
15901.0	50.0	1.0	0.0	1.7234587073326108e-05
15951.0	50.0	1.0	0.0	6.764762461184219e-05
16001.0	50.0	1.0	0.0	0.00021183978080744465
16051.0	50.0	1.0	0.0	0.001143261985778762
16101.0	50.0	1.0	0.0	0.0006058731079101079
16151.0	50.0	1.0	0.0	0.000342159423828076
16201.0	50.0	1.0	0.0	7.024948120116085e-05
16251.0	50.0	1.0	0.0	1.757980912923813e-05
16301.0	50.0	1.0	0.0	0.00011365019232033487
16351.0	50.0	1.0	0.0	0.00034554924964901436
16401.0	50.0	1.0	0.0	0.002430647964477488
16451.0	50.0	1.0	0.0	0.002765953369140582
16501.0	50.0	1.0	0.0	0.0011529516601562076
16551.0	50.0	1.0	0.0	0.00013851135253904
16601.0	50.0	1.0	0.0	1.9890494644641877e-05
16651.0	50.0	1.0	0.0	6.922273337841032e-06
16701.0	50.0	1.0	0.0	8.625503063200393e-05
16751.0	50.0	1.0	0.0	0.000359927272796578
16801.0	50.0	1.0	0.0	0.0015655260467528798
16851.0	50.0	1.0	0.0	0.0008510852050780822
16901.0	50.0	1.0	0.0	0.0008557131958007339
16951.0	50.0	1.0	0.0	7.61911010742105e-05
17001.0	50.0	1.0	0.0	4.079520463943226e-05
17051.0	50.0	1.0	0.0	1.1351711750030517e-05
17101.0	50.0	1.0	0.0	0.000183297553062424
17151.0	50.0	1.0	0.0	0.0010206967353820339
17201.0	50.0	1.0	0.0	0.0015729139709472263
17251.0	50.0	1.0	0.0	0.0008954785156249552
17301.0	50.0	1.0	0.0	4.5251464843749495e-05
17351.0	50.0	1.0	0.0	6.346316635608449e-05
17401.0	50.0	1.0	0.0	0.0001347802990674889
17451.0	50.0	1.0	0.0	0.00038292863845820394
17501.0	50.0	1.0	0.0	0.00154543998718257
17551.0	50.0	1.0	0.0	0.001991097259521443
17601.0	50.0	1.0	0.0	0.0004769662475585539
17651.0	50.0	1.0	0.0	0.00010722351074216747
17701.0	50.0	1.0	0.0	2.13740350306034e-05
17751.0	50.0	1.0	0.0	1.7456027120351785e-05
17801.0	50.0	1.0	0.0	7.661552309988838e-05
17851.0	50.0	1.0	0.0	0.0007381972217559307
17901.0	50.0	1.0	0.0	0.0026833393096923346
17951.0	50.0	1.0	0.0	0.001024828186035112
18001.0	50.0	1.0	0.0	0.00022537719726559196
18051.0	50.0	1.0	0.0	6.787078857421476e-05
18101.0	50.0	1.0	0.0	0.00014968631707130365
18151.0	50.0	1.0	0.0	7.597290039061604e-05
18201.0	50.0	1.0	0.0	0.000623357429504348
18251.0	12.0	1.0	0.0	0.0032245384852090998
