stress_period	sp_length	time_step	study (0 : TS or 1 : SS)	rech
0.0	1.0	1.0	1.0	0.0007920800469330551
5480.0	15.0	1.0	0.0	4e-05
5495.0	15.0	1.0	0.0	5.8e-05
5510.0	15.0	1.0	0.0	2.6666666666666663e-05
5525.0	15.0	1.0	0.0	6.666666666666667e-07
5540.0	15.0	1.0	0.0	6.666666666666667e-06
5555.0	15.0	1.0	0.0	6.666666666666667e-07
5570.0	15.0	1.0	0.0	7.133333333333335e-05
5585.0	15.0	1.0	0.0	9.666666666666665e-05
5600.0	15.0	1.0	0.0	0.00014333333333333334
5615.0	15.0	1.0	0.0	0.00018999999999999998
5630.0	15.0	1.0	0.0	0.001338
5645.0	15.0	1.0	0.0	0.0022960000000000003
5660.0	15.0	1.0	0.0	0.0012693333333333333
5675.0	15.0	1.0	0.0	0.00026733333333333334
5690.0	15.0	1.0	0.0	0.0012886666666666667
5705.0	15.0	1.0	0.0	0.0011393333333333333
5720.0	15.0	1.0	0.0	0.001948666666666667
5735.0	15.0	1.0	0.0	0.0017766666666666662
5750.0	15.0	1.0	0.0	0.00022600000000000002
5765.0	15.0	1.0	0.0	0.00014666666666666666
5780.0	15.0	1.0	0.0	7.199999999999999e-05
5795.0	15.0	1.0	0.0	0.00019133333333333334
5810.0	15.0	1.0	0.0	0.00013133333333333332
5825.0	15.0	1.0	0.0	4.666666666666667e-06
5840.0	15.0	1.0	0.0	4.666666666666667e-06
12064.0	15.0	1.0	0.0	0.0
12079.0	15.0	1.0	0.0	4e-06
12094.0	15.0	1.0	0.0	1.3333333333333334e-06
12109.0	15.0	1.0	0.0	5.2000000000000004e-05
12124.0	15.0	1.0	0.0	3.466666666666667e-05
12139.0	15.0	1.0	0.0	8.533333333333334e-05
12154.0	15.0	1.0	0.0	0.00015933333333333332
12169.0	15.0	1.0	0.0	0.00027733333333333337
12184.0	15.0	1.0	0.0	0.00025799999999999993
12199.0	15.0	1.0	0.0	0.0014913333333333334
12214.0	15.0	1.0	0.0	0.0041993333333333336
12229.0	15.0	1.0	0.0	0.0033280000000000002
12244.0	15.0	1.0	0.0	0.00010333333333333334
12259.0	15.0	1.0	0.0	0.00015399999999999998
12274.0	15.0	1.0	0.0	0.0004053333333333333
12289.0	15.0	1.0	0.0	0.0002553333333333333
12304.0	15.0	1.0	0.0	8.266666666666667e-05
12319.0	15.0	1.0	0.0	0.0003066666666666667
12334.0	15.0	1.0	0.0	2.0000000000000003e-06
12349.0	15.0	1.0	0.0	4.0666666666666675e-05
12364.0	15.0	1.0	0.0	1e-05
12379.0	15.0	1.0	0.0	1.9333333333333333e-05
12394.0	15.0	1.0	0.0	0.00010666666666666667
12409.0	15.0	1.0	0.0	1.8e-05
5119.0	15.0	1.0	0.0	0.0
5134.0	15.0	1.0	0.0	7.333333333333334e-06
5149.0	15.0	1.0	0.0	1.5333333333333334e-05
5164.0	15.0	1.0	0.0	0.00020933333333333332
5179.0	15.0	1.0	0.0	0.00010133333333333333
5194.0	15.0	1.0	0.0	0.00022200000000000003
5209.0	15.0	1.0	0.0	0.00038333333333333334
5224.0	15.0	1.0	0.0	0.0020326666666666666
5239.0	15.0	1.0	0.0	0.001632666666666667
5254.0	15.0	1.0	0.0	0.0036426666666666673
5269.0	15.0	1.0	0.0	0.0007153333333333331
5284.0	15.0	1.0	0.0	0.0033693333333333336
5299.0	15.0	1.0	0.0	0.002033333333333333
5314.0	15.0	1.0	0.0	0.0006953333333333335
5329.0	15.0	1.0	0.0	0.001225333333333333
5344.0	15.0	1.0	0.0	0.0018926666666666668
5359.0	15.0	1.0	0.0	0.0014046666666666667
5374.0	15.0	1.0	0.0	0.00012733333333333333
5389.0	15.0	1.0	0.0	5.8e-05
5404.0	15.0	1.0	0.0	0.00011866666666666666
5419.0	15.0	1.0	0.0	4.2000000000000004e-05
5434.0	15.0	1.0	0.0	2.6e-05
5449.0	15.0	1.0	0.0	0.0
5464.0	15.0	1.0	0.0	3.0000000000000004e-05
5479.0	15.0	1.0	0.0	0.0
7685.0	15.0	1.0	0.0	2e-06
7700.0	15.0	1.0	0.0	5.333333333333333e-06
7715.0	15.0	1.0	0.0	8.2e-05
7730.0	15.0	1.0	0.0	4.466666666666668e-05
7745.0	15.0	1.0	0.0	0.00016866666666666668
7760.0	15.0	1.0	0.0	0.0003946666666666667
7775.0	15.0	1.0	0.0	0.0008833333333333334
7790.0	15.0	1.0	0.0	0.000246
7805.0	15.0	1.0	0.0	0.0008300000000000001
7820.0	15.0	1.0	0.0	0.0005733333333333332
7835.0	15.0	1.0	0.0	0.0003493333333333333
7850.0	15.0	1.0	0.0	0.00015000000000000001
7865.0	15.0	1.0	0.0	0.0006459999999999998
7880.0	15.0	1.0	0.0	3.8666666666666674e-05
7895.0	15.0	1.0	0.0	0.00017533333333333336
7910.0	15.0	1.0	0.0	0.000186
7925.0	15.0	1.0	0.0	0.00015866666666666668
7940.0	15.0	1.0	0.0	0.00021066666666666667
7955.0	15.0	1.0	0.0	1.4e-05
7970.0	15.0	1.0	0.0	0.0001933333333333333
7985.0	15.0	1.0	0.0	4.266666666666667e-05
8000.0	15.0	1.0	0.0	6.266666666666667e-05
8015.0	15.0	1.0	0.0	3.5333333333333336e-05
8030.0	15.0	1.0	0.0	0.00012866666666666666
4028.0	15.0	1.0	0.0	1.6e-05
4043.0	15.0	1.0	0.0	3.3333333333333333e-06
4058.0	15.0	1.0	0.0	0.0003099999999999999
4073.0	15.0	1.0	0.0	0.0003486666666666666
4088.0	15.0	1.0	0.0	0.0028766666666666667
4103.0	15.0	1.0	0.0	0.0031526666666666665
4118.0	15.0	1.0	0.0	0.00045466666666666664
4133.0	15.0	1.0	0.0	0.001870666666666667
4148.0	15.0	1.0	0.0	0.004841333333333334
4163.0	15.0	1.0	0.0	0.0033040000000000005
4178.0	15.0	1.0	0.0	0.0029780000000000006
4193.0	15.0	1.0	0.0	0.0009813333333333334
4208.0	15.0	1.0	0.0	0.00043599999999999997
4223.0	15.0	1.0	0.0	0.0007760000000000001
4238.0	15.0	1.0	0.0	0.0022440000000000003
4253.0	15.0	1.0	0.0	0.0003573333333333333
4268.0	15.0	1.0	0.0	2.3333333333333332e-05
4283.0	15.0	1.0	0.0	6.933333333333334e-05
4298.0	15.0	1.0	0.0	5.133333333333334e-05
4313.0	15.0	1.0	0.0	8.933333333333333e-05
4328.0	15.0	1.0	0.0	0.00015266666666666667
4343.0	15.0	1.0	0.0	0.00011933333333333332
4358.0	15.0	1.0	0.0	0.00020266666666666664
4373.0	15.0	1.0	0.0	0.00013599999999999997
4388.0	15.0	1.0	0.0	5.933333333333334e-05
4403.0	15.0	1.0	0.0	7.600000000000002e-05
4418.0	15.0	1.0	0.0	8.000000000000001e-06
4433.0	15.0	1.0	0.0	0.000302
4448.0	15.0	1.0	0.0	0.0016306666666666665
4463.0	15.0	1.0	0.0	0.0028820000000000004
4478.0	15.0	1.0	0.0	0.002494
4493.0	15.0	1.0	0.0	0.0029073333333333334
4508.0	15.0	1.0	0.0	0.004708
4523.0	15.0	1.0	0.0	0.005954666666666667
4538.0	15.0	1.0	0.0	0.0016346666666666669
4553.0	15.0	1.0	0.0	0.000612
4568.0	15.0	1.0	0.0	0.0019326666666666667
4583.0	15.0	1.0	0.0	0.0009506666666666668
4598.0	15.0	1.0	0.0	0.0003146666666666667
4613.0	15.0	1.0	0.0	0.0007293333333333334
4628.0	15.0	1.0	0.0	0.0010373333333333332
4643.0	15.0	1.0	0.0	0.0008759999999999999
4658.0	15.0	1.0	0.0	0.0017246666666666667
4673.0	15.0	1.0	0.0	0.0012933333333333334
4688.0	15.0	1.0	0.0	2.2e-05
4703.0	15.0	1.0	0.0	2.6e-05
4718.0	15.0	1.0	0.0	6.666666666666667e-06
4733.0	15.0	1.0	0.0	2.666666666666667e-06
4748.0	15.0	1.0	0.0	6.666666666666667e-07
2206.0	15.0	1.0	0.0	5.333333333333334e-06
2221.0	15.0	1.0	0.0	3.9999999999999996e-05
2236.0	15.0	1.0	0.0	0.000284
2251.0	15.0	1.0	0.0	0.000406
2266.0	15.0	1.0	0.0	0.001782666666666667
2281.0	15.0	1.0	0.0	0.0018686666666666667
2296.0	15.0	1.0	0.0	0.0014533333333333332
2311.0	15.0	1.0	0.0	0.005846
2326.0	15.0	1.0	0.0	0.0016806666666666667
2341.0	15.0	1.0	0.0	0.0014133333333333333
2356.0	15.0	1.0	0.0	0.002574
2371.0	15.0	1.0	0.0	0.003232
2386.0	15.0	1.0	0.0	0.0030593333333333336
2401.0	15.0	1.0	0.0	0.0009526666666666667
2416.0	15.0	1.0	0.0	0.001534
2431.0	15.0	1.0	0.0	0.001142
2446.0	15.0	1.0	0.0	5.066666666666666e-05
2461.0	15.0	1.0	0.0	0.00028333333333333335
2476.0	15.0	1.0	0.0	0.00020800000000000001
2491.0	15.0	1.0	0.0	0.0001266666666666667
2506.0	15.0	1.0	0.0	0.00013133333333333332
2521.0	15.0	1.0	0.0	1.8666666666666665e-05
2536.0	15.0	1.0	0.0	0.00020400000000000003
2551.0	15.0	1.0	0.0	0.00011399999999999999
9140.0	15.0	1.0	0.0	2e-06
9155.0	15.0	1.0	0.0	8.133333333333335e-05
9170.0	15.0	1.0	0.0	0.00016533333333333333
9185.0	15.0	1.0	0.0	0.00015333333333333334
9200.0	15.0	1.0	0.0	3.3333333333333333e-06
9215.0	15.0	1.0	0.0	3.933333333333334e-05
9230.0	15.0	1.0	0.0	0.00014266666666666667
9245.0	15.0	1.0	0.0	0.00029600000000000004
9260.0	15.0	1.0	0.0	0.00026933333333333334
9275.0	15.0	1.0	0.0	0.0014953333333333335
9290.0	15.0	1.0	0.0	0.001024
9305.0	15.0	1.0	0.0	0.00021733333333333335
9320.0	15.0	1.0	0.0	0.00209
9335.0	15.0	1.0	0.0	0.0018433333333333333
9350.0	15.0	1.0	0.0	0.00013200000000000004
9365.0	15.0	1.0	0.0	0.00018866666666666668
9380.0	15.0	1.0	0.0	4.866666666666667e-05
9395.0	15.0	1.0	0.0	0.0002486666666666667
9410.0	15.0	1.0	0.0	0.00015133333333333334
9425.0	15.0	1.0	0.0	0.00013000000000000002
9440.0	15.0	1.0	0.0	3.933333333333334e-05
9455.0	15.0	1.0	0.0	2.6000000000000002e-05
9470.0	15.0	1.0	0.0	1.1333333333333334e-05
9485.0	15.0	1.0	0.0	0.0
4752.0	15.0	1.0	0.0	0.0
4767.0	15.0	1.0	0.0	1.5333333333333334e-05
4782.0	15.0	1.0	0.0	0.00010866666666666666
4797.0	15.0	1.0	0.0	3.933333333333334e-05
4812.0	15.0	1.0	0.0	0.00011866666666666666
4827.0	15.0	1.0	0.0	1.8e-05
4842.0	15.0	1.0	0.0	1.3333333333333334e-06
4857.0	15.0	1.0	0.0	0.000186
4872.0	15.0	1.0	0.0	0.00015066666666666668
4887.0	15.0	1.0	0.0	0.0001866666666666667
4902.0	15.0	1.0	0.0	0.0017446666666666667
4917.0	15.0	1.0	0.0	0.004578666666666667
4932.0	15.0	1.0	0.0	0.0034286666666666662
4947.0	15.0	1.0	0.0	0.0007486666666666665
4962.0	15.0	1.0	0.0	0.00012333333333333334
4977.0	15.0	1.0	0.0	0.0004506666666666667
4992.0	15.0	1.0	0.0	0.0009326666666666667
5007.0	15.0	1.0	0.0	6.666666666666667e-07
5022.0	15.0	1.0	0.0	9.733333333333333e-05
5037.0	15.0	1.0	0.0	0.00021400000000000002
5052.0	15.0	1.0	0.0	3e-05
5067.0	15.0	1.0	0.0	3.3333333333333333e-06
5082.0	15.0	1.0	0.0	1.6e-05
5097.0	15.0	1.0	0.0	1.3333333333333334e-06
5112.0	15.0	1.0	0.0	2.0666666666666666e-05
14624.0	15.0	1.0	0.0	2.2e-05
14639.0	15.0	1.0	0.0	2.6666666666666667e-05
14654.0	15.0	1.0	0.0	3.266666666666667e-05
14669.0	15.0	1.0	0.0	0.0002933333333333333
14684.0	15.0	1.0	0.0	0.00012933333333333335
14699.0	15.0	1.0	0.0	0.00032999999999999994
14714.0	15.0	1.0	0.0	0.002888
14729.0	15.0	1.0	0.0	0.001666
14744.0	15.0	1.0	0.0	0.0019619999999999998
14759.0	15.0	1.0	0.0	0.0014646666666666666
14774.0	15.0	1.0	0.0	0.0011939999999999997
14789.0	15.0	1.0	0.0	0.00041066666666666666
14804.0	15.0	1.0	0.0	0.000922
14819.0	15.0	1.0	0.0	0.0008559999999999999
14834.0	15.0	1.0	0.0	6.133333333333334e-05
14849.0	15.0	1.0	0.0	6.466666666666668e-05
14864.0	15.0	1.0	0.0	0.0
14879.0	15.0	1.0	0.0	1.0666666666666667e-05
14894.0	15.0	1.0	0.0	0.0
14909.0	15.0	1.0	0.0	2.0000000000000003e-06
14924.0	15.0	1.0	0.0	2.1333333333333335e-05
14939.0	15.0	1.0	0.0	2.666666666666667e-06
14954.0	15.0	1.0	0.0	0.00019066666666666668
14969.0	15.0	1.0	0.0	5.8e-05
739.0	15.0	1.0	0.0	6.666666666666667e-07
754.0	15.0	1.0	0.0	5.333333333333334e-06
769.0	15.0	1.0	0.0	4.933333333333334e-05
784.0	15.0	1.0	0.0	0.0
799.0	15.0	1.0	0.0	3.466666666666667e-05
814.0	15.0	1.0	0.0	3e-05
829.0	15.0	1.0	0.0	0.0006813333333333335
844.0	15.0	1.0	0.0	0.00016866666666666668
859.0	15.0	1.0	0.0	0.0014186666666666668
874.0	15.0	1.0	0.0	0.00019
889.0	15.0	1.0	0.0	8.200000000000001e-05
904.0	15.0	1.0	0.0	0.002554
919.0	15.0	1.0	0.0	0.0017999999999999995
934.0	15.0	1.0	0.0	0.0016906666666666667
949.0	15.0	1.0	0.0	6.466666666666666e-05
964.0	15.0	1.0	0.0	6.533333333333333e-05
979.0	15.0	1.0	0.0	5.5333333333333334e-05
994.0	15.0	1.0	0.0	0.0002786666666666667
1009.0	15.0	1.0	0.0	0.00019066666666666668
1024.0	15.0	1.0	0.0	0.00032533333333333334
1039.0	15.0	1.0	0.0	1.6666666666666667e-05
1054.0	15.0	1.0	0.0	0.00014733333333333333
1069.0	15.0	1.0	0.0	0.0003053333333333334
1084.0	15.0	1.0	0.0	8.933333333333334e-05
3290.0	15.0	1.0	0.0	4.4e-05
3305.0	15.0	1.0	0.0	6.6e-05
3320.0	15.0	1.0	0.0	0.0
3335.0	15.0	1.0	0.0	2.0666666666666666e-05
3350.0	15.0	1.0	0.0	0.00016
3365.0	15.0	1.0	0.0	0.00013800000000000002
3380.0	15.0	1.0	0.0	0.0014086666666666668
3395.0	15.0	1.0	0.0	0.003531333333333333
3410.0	15.0	1.0	0.0	0.003956666666666667
3425.0	15.0	1.0	0.0	0.007043999999999999
3440.0	15.0	1.0	0.0	0.0035659999999999993
3455.0	15.0	1.0	0.0	0.0006840000000000001
3470.0	15.0	1.0	0.0	0.0036593333333333326
3485.0	15.0	1.0	0.0	0.0013946666666666665
3500.0	15.0	1.0	0.0	0.0015906666666666667
3515.0	15.0	1.0	0.0	0.0013486666666666669
3530.0	15.0	1.0	0.0	0.0004106666666666666
3545.0	15.0	1.0	0.0	2.2e-05
3560.0	15.0	1.0	0.0	9.333333333333332e-05
3575.0	15.0	1.0	0.0	4.933333333333333e-05
3590.0	15.0	1.0	0.0	7.066666666666666e-05
3605.0	15.0	1.0	0.0	0.00032
3620.0	15.0	1.0	0.0	0.00020533333333333336
3635.0	15.0	1.0	0.0	8.866666666666666e-05
3650.0	15.0	1.0	0.0	3.3333333333333333e-06
4761.0	15.0	1.0	0.0	1.5333333333333334e-05
4776.0	15.0	1.0	0.0	2.066666666666667e-05
4791.0	15.0	1.0	0.0	0.00012733333333333333
4806.0	15.0	1.0	0.0	8e-06
4821.0	15.0	1.0	0.0	0.000112
4836.0	15.0	1.0	0.0	1.6666666666666667e-05
4851.0	15.0	1.0	0.0	0.000114
4866.0	15.0	1.0	0.0	0.00013599999999999997
4881.0	15.0	1.0	0.0	0.00027400000000000005
4896.0	15.0	1.0	0.0	0.00038466666666666673
4911.0	15.0	1.0	0.0	0.004026666666666666
4926.0	15.0	1.0	0.0	0.004757999999999999
4941.0	15.0	1.0	0.0	0.0010006666666666666
4956.0	15.0	1.0	0.0	0.0003953333333333333
4971.0	15.0	1.0	0.0	0.00013933333333333332
4986.0	15.0	1.0	0.0	0.0012886666666666667
5001.0	15.0	1.0	0.0	1.533333333333333e-05
5016.0	15.0	1.0	0.0	6e-05
5031.0	15.0	1.0	0.0	0.00017466666666666667
5046.0	15.0	1.0	0.0	0.00010666666666666665
5061.0	15.0	1.0	0.0	3.3333333333333333e-06
5076.0	15.0	1.0	0.0	0.0
5091.0	15.0	1.0	0.0	1.6666666666666667e-05
5106.0	15.0	1.0	0.0	8.666666666666666e-06
2565.0	15.0	1.0	0.0	3.533333333333333e-05
2580.0	15.0	1.0	0.0	4.666666666666667e-05
2595.0	15.0	1.0	0.0	0.0
2610.0	15.0	1.0	0.0	5.400000000000001e-05
2625.0	15.0	1.0	0.0	5.333333333333333e-05
2640.0	15.0	1.0	0.0	0.00020199999999999998
2655.0	15.0	1.0	0.0	0.0006606666666666667
2670.0	15.0	1.0	0.0	0.0011706666666666664
2685.0	15.0	1.0	0.0	0.0016873333333333332
2700.0	15.0	1.0	0.0	0.002565333333333334
2715.0	15.0	1.0	0.0	0.0013653333333333332
2730.0	15.0	1.0	0.0	0.003987333333333333
2745.0	15.0	1.0	0.0	0.004186666666666667
2760.0	15.0	1.0	0.0	0.003692666666666666
2775.0	15.0	1.0	0.0	0.0015706666666666668
2790.0	15.0	1.0	0.0	0.0032979999999999997
2805.0	15.0	1.0	0.0	0.0006086666666666668
2820.0	15.0	1.0	0.0	0.00034866666666666667
2835.0	15.0	1.0	0.0	0.0004093333333333334
2850.0	15.0	1.0	0.0	8.466666666666667e-05
2865.0	15.0	1.0	0.0	6.933333333333334e-05
2880.0	15.0	1.0	0.0	0.0002
2895.0	15.0	1.0	0.0	3.933333333333334e-05
2910.0	15.0	1.0	0.0	0.00014866666666666666
10960.0	15.0	1.0	0.0	2.2e-05
10975.0	15.0	1.0	0.0	1.866666666666667e-05
10990.0	15.0	1.0	0.0	2.1333333333333335e-05
11005.0	15.0	1.0	0.0	0.000166
11020.0	15.0	1.0	0.0	0.00043
11035.0	15.0	1.0	0.0	0.001324
11050.0	15.0	1.0	0.0	0.008692
11065.0	15.0	1.0	0.0	0.008547999999999998
11080.0	15.0	1.0	0.0	0.002541333333333333
11095.0	15.0	1.0	0.0	0.002634
11110.0	15.0	1.0	0.0	0.004086666666666666
11125.0	15.0	1.0	0.0	0.003657333333333333
11140.0	15.0	1.0	0.0	0.0038066666666666665
11155.0	15.0	1.0	0.0	0.000626
11170.0	15.0	1.0	0.0	0.00046
11185.0	15.0	1.0	0.0	0.005050666666666666
11200.0	15.0	1.0	0.0	0.0026259999999999994
11215.0	15.0	1.0	0.0	0.0005346666666666666
11230.0	15.0	1.0	0.0	0.0009813333333333334
11245.0	15.0	1.0	0.0	5.6666666666666664e-05
11260.0	15.0	1.0	0.0	6.666666666666667e-06
11275.0	15.0	1.0	0.0	9.333333333333334e-06
11290.0	15.0	1.0	0.0	6.666666666666667e-06
11305.0	15.0	1.0	0.0	4.733333333333334e-05
11320.0	15.0	1.0	0.0	4.466666666666667e-05
5491.0	15.0	1.0	0.0	6.133333333333334e-05
5506.0	15.0	1.0	0.0	2.2666666666666668e-05
5521.0	15.0	1.0	0.0	6.666666666666666e-06
5536.0	15.0	1.0	0.0	6.666666666666667e-06
5551.0	15.0	1.0	0.0	0.0
5566.0	15.0	1.0	0.0	6.600000000000002e-05
5581.0	15.0	1.0	0.0	2.7333333333333335e-05
5596.0	15.0	1.0	0.0	0.00020999999999999998
5611.0	15.0	1.0	0.0	0.00014800000000000002
5626.0	15.0	1.0	0.0	0.0005753333333333334
5641.0	15.0	1.0	0.0	0.0025013333333333337
5656.0	15.0	1.0	0.0	0.0018386666666666668
5671.0	15.0	1.0	0.0	0.0002926666666666666
5686.0	15.0	1.0	0.0	0.0011353333333333332
5701.0	15.0	1.0	0.0	0.0005313333333333334
5716.0	15.0	1.0	0.0	0.0026073333333333335
5731.0	15.0	1.0	0.0	0.0016373333333333333
5746.0	15.0	1.0	0.0	0.00048066666666666673
5761.0	15.0	1.0	0.0	0.00014666666666666666
5776.0	15.0	1.0	0.0	4.266666666666666e-05
5791.0	15.0	1.0	0.0	0.00022
5806.0	15.0	1.0	0.0	0.00012
5821.0	15.0	1.0	0.0	1.3333333333333333e-05
5836.0	15.0	1.0	0.0	8.666666666666668e-06
7312.0	15.0	1.0	0.0	2.066666666666667e-05
7327.0	15.0	1.0	0.0	6.666666666666667e-07
7342.0	15.0	1.0	0.0	6.666666666666667e-07
7357.0	15.0	1.0	0.0	1.8000000000000004e-05
7372.0	15.0	1.0	0.0	1.2e-05
7387.0	15.0	1.0	0.0	0.00047733333333333335
7402.0	15.0	1.0	0.0	0.00030533333333333335
7417.0	15.0	1.0	0.0	0.0007926666666666668
7432.0	15.0	1.0	0.0	0.0008253333333333334
7447.0	15.0	1.0	0.0	0.002628
7462.0	15.0	1.0	0.0	0.003395333333333333
7477.0	15.0	1.0	0.0	0.00065
7492.0	15.0	1.0	0.0	0.0007573333333333334
7507.0	15.0	1.0	0.0	0.0015266666666666668
7522.0	15.0	1.0	0.0	0.0005273333333333332
7537.0	15.0	1.0	0.0	0.00013666666666666664
7552.0	15.0	1.0	0.0	1.0666666666666667e-05
7567.0	15.0	1.0	0.0	0.00012933333333333332
7582.0	15.0	1.0	0.0	2.866666666666667e-05
7597.0	15.0	1.0	0.0	6.666666666666667e-07
7612.0	15.0	1.0	0.0	6.533333333333334e-05
7627.0	15.0	1.0	0.0	0.00010866666666666666
7642.0	15.0	1.0	0.0	2.2000000000000003e-05
7657.0	15.0	1.0	0.0	7.333333333333335e-06
4750.0	15.0	1.0	0.0	0.0
4765.0	15.0	1.0	0.0	1.5333333333333334e-05
4780.0	15.0	1.0	0.0	6.266666666666667e-05
4795.0	15.0	1.0	0.0	8.533333333333334e-05
4810.0	15.0	1.0	0.0	9.733333333333333e-05
4825.0	15.0	1.0	0.0	3.733333333333334e-05
4840.0	15.0	1.0	0.0	2e-06
4855.0	15.0	1.0	0.0	0.00018733333333333332
4870.0	15.0	1.0	0.0	0.00014466666666666667
4885.0	15.0	1.0	0.0	0.00019266666666666667
4900.0	15.0	1.0	0.0	0.0011700000000000002
4915.0	15.0	1.0	0.0	0.0044800000000000005
4930.0	15.0	1.0	0.0	0.004015333333333333
4945.0	15.0	1.0	0.0	0.0007666666666666666
4960.0	15.0	1.0	0.0	0.000192
4975.0	15.0	1.0	0.0	0.0002586666666666667
4990.0	15.0	1.0	0.0	0.0011246666666666668
5005.0	15.0	1.0	0.0	6.666666666666667e-07
5020.0	15.0	1.0	0.0	6.6e-05
5035.0	15.0	1.0	0.0	0.00024533333333333335
5050.0	15.0	1.0	0.0	3e-05
5065.0	15.0	1.0	0.0	3.3333333333333333e-06
5080.0	15.0	1.0	0.0	4e-06
5095.0	15.0	1.0	0.0	1.3333333333333333e-05
5110.0	15.0	1.0	0.0	1.3333333333333334e-06
5125.0	15.0	1.0	0.0	0.0
5140.0	15.0	1.0	0.0	9.333333333333334e-06
5155.0	15.0	1.0	0.0	9.733333333333333e-05
5170.0	15.0	1.0	0.0	0.00020133333333333334
5185.0	15.0	1.0	0.0	7.400000000000001e-05
5200.0	15.0	1.0	0.0	0.00024266666666666667
5215.0	15.0	1.0	0.0	0.001096
5230.0	15.0	1.0	0.0	0.0019106666666666668
5245.0	15.0	1.0	0.0	0.002673333333333333
5260.0	15.0	1.0	0.0	0.0024779999999999997
5275.0	15.0	1.0	0.0	0.0012746666666666666
5290.0	15.0	1.0	0.0	0.003048
5305.0	15.0	1.0	0.0	0.0017206666666666666
5320.0	15.0	1.0	0.0	0.0008613333333333334
5335.0	15.0	1.0	0.0	0.0011853333333333334
5350.0	15.0	1.0	0.0	0.0017426666666666667
5365.0	15.0	1.0	0.0	0.0010226666666666667
5380.0	15.0	1.0	0.0	0.00010200000000000001
5395.0	15.0	1.0	0.0	0.00010533333333333334
5410.0	15.0	1.0	0.0	5.933333333333333e-05
5425.0	15.0	1.0	0.0	4.266666666666666e-05
5440.0	15.0	1.0	0.0	7.333333333333334e-06
5455.0	15.0	1.0	0.0	2.5333333333333334e-05
5470.0	15.0	1.0	0.0	4.666666666666667e-06
1832.0	15.0	1.0	0.0	2.2e-05
1847.0	15.0	1.0	0.0	4e-06
1862.0	15.0	1.0	0.0	0.000162
1877.0	15.0	1.0	0.0	0.00013866666666666669
1892.0	15.0	1.0	0.0	4.666666666666667e-05
1907.0	15.0	1.0	0.0	0.000146
1922.0	15.0	1.0	0.0	0.0004586666666666666
1937.0	15.0	1.0	0.0	0.0011786666666666668
1952.0	15.0	1.0	0.0	0.0007006666666666668
1967.0	15.0	1.0	0.0	0.000136
1982.0	15.0	1.0	0.0	3e-05
1997.0	15.0	1.0	0.0	0.00019666666666666669
2012.0	15.0	1.0	0.0	0.0017373333333333334
2027.0	15.0	1.0	0.0	0.0006946666666666667
2042.0	15.0	1.0	0.0	0.00023266666666666667
2057.0	15.0	1.0	0.0	0.0006800000000000002
2072.0	15.0	1.0	0.0	3.733333333333333e-05
2087.0	15.0	1.0	0.0	0.0
2102.0	15.0	1.0	0.0	1.6e-05
2117.0	15.0	1.0	0.0	1.3333333333333334e-06
2132.0	15.0	1.0	0.0	0.0
2147.0	15.0	1.0	0.0	0.0
2162.0	15.0	1.0	0.0	7.333333333333335e-06
2177.0	15.0	1.0	0.0	1.4666666666666668e-05
5480.0	15.0	1.0	0.0	4e-05
5495.0	15.0	1.0	0.0	5.8e-05
5510.0	15.0	1.0	0.0	2.6666666666666663e-05
5525.0	15.0	1.0	0.0	6.666666666666667e-07
5540.0	15.0	1.0	0.0	6.666666666666667e-06
5555.0	15.0	1.0	0.0	6.666666666666667e-07
5570.0	15.0	1.0	0.0	7.133333333333335e-05
5585.0	15.0	1.0	0.0	9.666666666666665e-05
5600.0	15.0	1.0	0.0	0.00014333333333333334
5615.0	15.0	1.0	0.0	0.00018999999999999998
5630.0	15.0	1.0	0.0	0.001338
5645.0	15.0	1.0	0.0	0.0022960000000000003
5660.0	15.0	1.0	0.0	0.0012693333333333333
5675.0	15.0	1.0	0.0	0.00026733333333333334
5690.0	15.0	1.0	0.0	0.0012886666666666667
5705.0	15.0	1.0	0.0	0.0011393333333333333
5720.0	15.0	1.0	0.0	0.001948666666666667
5735.0	15.0	1.0	0.0	0.0017766666666666662
5750.0	15.0	1.0	0.0	0.00022600000000000002
5765.0	15.0	1.0	0.0	0.00014666666666666666
5780.0	15.0	1.0	0.0	7.199999999999999e-05
5795.0	15.0	1.0	0.0	0.00019133333333333334
5810.0	15.0	1.0	0.0	0.00013133333333333332
5825.0	15.0	1.0	0.0	4.666666666666667e-06
5840.0	15.0	1.0	0.0	3.3333333333333335e-05
6220.0	15.0	1.0	0.0	4.266666666666667e-05
6235.0	15.0	1.0	0.0	2.4e-05
6250.0	15.0	1.0	0.0	5.4000000000000005e-05
6265.0	15.0	1.0	0.0	0.00023133333333333334
6280.0	15.0	1.0	0.0	0.00034733333333333334
6295.0	15.0	1.0	0.0	0.0001366666666666667
6310.0	15.0	1.0	0.0	0.0022593333333333337
6325.0	15.0	1.0	0.0	0.00108
6340.0	15.0	1.0	0.0	0.0019080000000000004
6355.0	15.0	1.0	0.0	0.002700666666666666
6370.0	15.0	1.0	0.0	0.003034666666666667
6385.0	15.0	1.0	0.0	0.005342
6400.0	15.0	1.0	0.0	0.003922
6415.0	15.0	1.0	0.0	0.00016066666666666668
6430.0	15.0	1.0	0.0	0.001224
6445.0	15.0	1.0	0.0	0.0012686666666666666
6460.0	15.0	1.0	0.0	8.200000000000001e-05
6475.0	15.0	1.0	0.0	7.333333333333333e-05
6490.0	15.0	1.0	0.0	1.0666666666666667e-05
6505.0	15.0	1.0	0.0	0.00019266666666666664
6520.0	15.0	1.0	0.0	0.0
6535.0	15.0	1.0	0.0	4.266666666666667e-05
6550.0	15.0	1.0	0.0	4.4e-05
6565.0	15.0	1.0	0.0	3.066666666666667e-05
13885.0	15.0	1.0	0.0	1.9333333333333337e-05
13900.0	15.0	1.0	0.0	1.8666666666666665e-05
13915.0	15.0	1.0	0.0	9.333333333333334e-05
13930.0	15.0	1.0	0.0	6.933333333333333e-05
13945.0	15.0	1.0	0.0	6.4e-05
13960.0	15.0	1.0	0.0	0.00036666666666666667
13975.0	15.0	1.0	0.0	0.000664
13990.0	15.0	1.0	0.0	0.0020333333333333336
14005.0	15.0	1.0	0.0	0.003614666666666666
14020.0	15.0	1.0	0.0	0.000668
14035.0	15.0	1.0	0.0	0.00012133333333333333
14050.0	15.0	1.0	0.0	0.0034939999999999997
14065.0	15.0	1.0	0.0	0.0024386666666666667
14080.0	15.0	1.0	0.0	0.0002733333333333334
14095.0	15.0	1.0	0.0	0.0006380000000000001
14110.0	15.0	1.0	0.0	8.733333333333333e-05
14125.0	15.0	1.0	0.0	0.00013133333333333332
14140.0	15.0	1.0	0.0	0.00014266666666666667
14155.0	15.0	1.0	0.0	0.00015466666666666667
14170.0	15.0	1.0	0.0	9.4e-05
14185.0	15.0	1.0	0.0	0.00010466666666666666
14200.0	15.0	1.0	0.0	1.2e-05
14215.0	15.0	1.0	0.0	4.666666666666667e-06
14230.0	15.0	1.0	0.0	9.333333333333334e-06
14245.0	15.0	1.0	0.0	2e-05
2572.0	15.0	1.0	0.0	6.6e-05
2587.0	15.0	1.0	0.0	1.6e-05
2602.0	15.0	1.0	0.0	9.333333333333334e-06
2617.0	15.0	1.0	0.0	5.600000000000001e-05
2632.0	15.0	1.0	0.0	6.533333333333333e-05
2647.0	15.0	1.0	0.0	0.0003473333333333333
2662.0	15.0	1.0	0.0	0.0011986666666666667
2677.0	15.0	1.0	0.0	0.0014620000000000002
2692.0	15.0	1.0	0.0	0.0018239999999999999
2707.0	15.0	1.0	0.0	0.002184
2722.0	15.0	1.0	0.0	0.0018733333333333332
2737.0	15.0	1.0	0.0	0.004694666666666666
2752.0	15.0	1.0	0.0	0.004752666666666666
2767.0	15.0	1.0	0.0	0.0012939999999999998
2782.0	15.0	1.0	0.0	0.0032019999999999996
2797.0	15.0	1.0	0.0	0.0019459999999999998
2812.0	15.0	1.0	0.0	0.00022133333333333336
2827.0	15.0	1.0	0.0	0.0006786666666666666
2842.0	15.0	1.0	0.0	5.133333333333334e-05
2857.0	15.0	1.0	0.0	0.000112
2872.0	15.0	1.0	0.0	0.00013533333333333333
2887.0	15.0	1.0	0.0	0.000146
2902.0	15.0	1.0	0.0	1.4666666666666668e-05
2917.0	15.0	1.0	0.0	0.00014066666666666668
12794.0	15.0	1.0	0.0	6.866666666666668e-05
12809.0	15.0	1.0	0.0	1.3333333333333334e-06
12824.0	15.0	1.0	0.0	6e-06
12839.0	15.0	1.0	0.0	1.7333333333333336e-05
12854.0	15.0	1.0	0.0	0.00031866666666666664
12869.0	15.0	1.0	0.0	0.0003826666666666666
12884.0	15.0	1.0	0.0	0.00015466666666666667
12899.0	15.0	1.0	0.0	0.0019333333333333333
12914.0	15.0	1.0	0.0	0.001851333333333333
12929.0	15.0	1.0	0.0	0.0018093333333333334
12944.0	15.0	1.0	0.0	0.0018253333333333335
12959.0	15.0	1.0	0.0	0.0003466666666666666
12974.0	15.0	1.0	0.0	0.0007373333333333332
12989.0	15.0	1.0	0.0	0.0024259999999999998
13004.0	15.0	1.0	0.0	0.0012900000000000001
13019.0	15.0	1.0	0.0	0.0006666666666666665
13034.0	15.0	1.0	0.0	0.0001933333333333333
13049.0	15.0	1.0	0.0	0.00010800000000000001
13064.0	15.0	1.0	0.0	8.933333333333333e-05
13079.0	15.0	1.0	0.0	2.3333333333333336e-05
13094.0	15.0	1.0	0.0	6.666666666666667e-06
13109.0	15.0	1.0	0.0	4.666666666666667e-06
13124.0	15.0	1.0	0.0	6.666666666666667e-07
13139.0	15.0	1.0	0.0	3.266666666666666e-05
4023.0	15.0	1.0	0.0	0.00011933333333333332
4038.0	15.0	1.0	0.0	3.3333333333333333e-06
4053.0	15.0	1.0	0.0	4.2e-05
4068.0	15.0	1.0	0.0	0.0005273333333333333
4083.0	15.0	1.0	0.0	0.001395333333333333
4098.0	15.0	1.0	0.0	0.004321333333333333
4113.0	15.0	1.0	0.0	0.0006406666666666668
4128.0	15.0	1.0	0.0	0.0011266666666666669
4143.0	15.0	1.0	0.0	0.004086
4158.0	15.0	1.0	0.0	0.004012000000000001
4173.0	15.0	1.0	0.0	0.0034046666666666674
4188.0	15.0	1.0	0.0	0.0014846666666666663
4203.0	15.0	1.0	0.0	0.00024799999999999996
4218.0	15.0	1.0	0.0	0.0007473333333333332
4233.0	15.0	1.0	0.0	0.0017206666666666666
4248.0	15.0	1.0	0.0	0.0011226666666666668
4263.0	15.0	1.0	0.0	7.533333333333334e-05
4278.0	15.0	1.0	0.0	0.0
4293.0	15.0	1.0	0.0	0.0001
4308.0	15.0	1.0	0.0	9.266666666666666e-05
4323.0	15.0	1.0	0.0	0.00012333333333333334
4338.0	15.0	1.0	0.0	0.000166
4353.0	15.0	1.0	0.0	0.00016866666666666666
4368.0	15.0	1.0	0.0	0.00014000000000000001
4383.0	15.0	1.0	0.0	1.6e-05
10972.0	15.0	1.0	0.0	2.2666666666666668e-05
10987.0	15.0	1.0	0.0	2.0666666666666666e-05
11002.0	15.0	1.0	0.0	0.000108
11017.0	15.0	1.0	0.0	0.00042066666666666663
11032.0	15.0	1.0	0.0	0.0008806666666666666
11047.0	15.0	1.0	0.0	0.0071186666666666655
11062.0	15.0	1.0	0.0	0.009626
11077.0	15.0	1.0	0.0	0.003014
11092.0	15.0	1.0	0.0	0.002870666666666667
11107.0	15.0	1.0	0.0	0.003488666666666667
11122.0	15.0	1.0	0.0	0.003610666666666667
11137.0	15.0	1.0	0.0	0.004018666666666667
11152.0	15.0	1.0	0.0	0.0013033333333333332
11167.0	15.0	1.0	0.0	0.000268
11182.0	15.0	1.0	0.0	0.004221333333333333
11197.0	15.0	1.0	0.0	0.0034539999999999996
11212.0	15.0	1.0	0.0	0.0005713333333333333
11227.0	15.0	1.0	0.0	0.001192666666666667
11242.0	15.0	1.0	0.0	5.6666666666666664e-05
11257.0	15.0	1.0	0.0	6.666666666666667e-06
11272.0	15.0	1.0	0.0	9.333333333333334e-06
11287.0	15.0	1.0	0.0	4e-06
11302.0	15.0	1.0	0.0	5e-05
11317.0	15.0	1.0	0.0	9.999999999999999e-06
4757.0	15.0	1.0	0.0	1.5333333333333334e-05
4772.0	15.0	1.0	0.0	2.0000000000000003e-06
4787.0	15.0	1.0	0.0	0.000146
4802.0	15.0	1.0	0.0	6.666666666666667e-07
4817.0	15.0	1.0	0.0	0.00011933333333333335
4832.0	15.0	1.0	0.0	1.6666666666666667e-05
4847.0	15.0	1.0	0.0	1.3333333333333334e-06
4862.0	15.0	1.0	0.0	0.000186
4877.0	15.0	1.0	0.0	0.00025400000000000005
4892.0	15.0	1.0	0.0	0.0003
4907.0	15.0	1.0	0.0	0.002913333333333333
4922.0	15.0	1.0	0.0	0.004954
4937.0	15.0	1.0	0.0	0.0017546666666666663
4952.0	15.0	1.0	0.0	0.0007259999999999999
4967.0	15.0	1.0	0.0	5.933333333333333e-05
4982.0	15.0	1.0	0.0	0.0011593333333333336
4997.0	15.0	1.0	0.0	0.0002246666666666667
5012.0	15.0	1.0	0.0	2.6666666666666667e-05
5027.0	15.0	1.0	0.0	0.000114
5042.0	15.0	1.0	0.0	0.000196
5057.0	15.0	1.0	0.0	4.666666666666666e-06
5072.0	15.0	1.0	0.0	3.3333333333333333e-06
5087.0	15.0	1.0	0.0	1.6666666666666667e-05
5102.0	15.0	1.0	0.0	1.9333333333333333e-05
1100.0	15.0	1.0	0.0	7.400000000000001e-05
1115.0	15.0	1.0	0.0	2.1333333333333335e-05
1130.0	15.0	1.0	0.0	1.9333333333333333e-05
1145.0	15.0	1.0	0.0	0.0003966666666666667
1160.0	15.0	1.0	0.0	0.000198
1175.0	15.0	1.0	0.0	4.466666666666667e-05
1190.0	15.0	1.0	0.0	0.00019933333333333334
1205.0	15.0	1.0	0.0	0.00044
1220.0	15.0	1.0	0.0	0.002538
1235.0	15.0	1.0	0.0	0.002247333333333333
1250.0	15.0	1.0	0.0	0.0022173333333333333
1265.0	15.0	1.0	0.0	0.0010940000000000001
1280.0	15.0	1.0	0.0	0.0028640000000000002
1295.0	15.0	1.0	0.0	0.0014426666666666663
1310.0	15.0	1.0	0.0	0.0020920000000000005
1325.0	15.0	1.0	0.0	0.0017006666666666667
1340.0	15.0	1.0	0.0	1.7999999999999997e-05
1355.0	15.0	1.0	0.0	2.6666666666666667e-05
1370.0	15.0	1.0	0.0	2.933333333333333e-05
1385.0	15.0	1.0	0.0	3.533333333333333e-05
1400.0	15.0	1.0	0.0	8e-06
1415.0	15.0	1.0	0.0	9.133333333333332e-05
1430.0	15.0	1.0	0.0	1.2666666666666667e-05
1445.0	15.0	1.0	0.0	2.466666666666667e-05
1460.0	15.0	1.0	0.0	6.866666666666668e-05
9145.0	15.0	1.0	0.0	4.666666666666667e-06
9160.0	15.0	1.0	0.0	0.00011666666666666665
9175.0	15.0	1.0	0.0	0.00016333333333333336
9190.0	15.0	1.0	0.0	0.00011533333333333334
9205.0	15.0	1.0	0.0	3.1333333333333334e-05
9220.0	15.0	1.0	0.0	6e-05
9235.0	15.0	1.0	0.0	0.00020000000000000004
9250.0	15.0	1.0	0.0	0.00019066666666666668
9265.0	15.0	1.0	0.0	0.0006333333333333332
9280.0	15.0	1.0	0.0	0.0016800000000000003
9295.0	15.0	1.0	0.0	0.000632
9310.0	15.0	1.0	0.0	0.0006633333333333334
9325.0	15.0	1.0	0.0	0.0022953333333333337
9340.0	15.0	1.0	0.0	0.0010593333333333331
9355.0	15.0	1.0	0.0	0.00023600000000000002
9370.0	15.0	1.0	0.0	6.000000000000001e-05
9385.0	15.0	1.0	0.0	0.000192
9400.0	15.0	1.0	0.0	0.0001933333333333333
9415.0	15.0	1.0	0.0	0.00017600000000000002
9430.0	15.0	1.0	0.0	5.6e-05
9445.0	15.0	1.0	0.0	1.5333333333333334e-05
9460.0	15.0	1.0	0.0	2e-05
9475.0	15.0	1.0	0.0	2.666666666666667e-06
9490.0	15.0	1.0	0.0	0.0
5122.0	15.0	1.0	0.0	0.0
5137.0	15.0	1.0	0.0	7.333333333333334e-06
5152.0	15.0	1.0	0.0	3.933333333333334e-05
5167.0	15.0	1.0	0.0	0.00024933333333333334
5182.0	15.0	1.0	0.0	5.933333333333333e-05
5197.0	15.0	1.0	0.0	0.00021000000000000004
5212.0	15.0	1.0	0.0	0.0005113333333333334
5227.0	15.0	1.0	0.0	0.0022433333333333333
5242.0	15.0	1.0	0.0	0.0021046666666666666
5257.0	15.0	1.0	0.0	0.003127333333333334
5272.0	15.0	1.0	0.0	0.0008160000000000001
5287.0	15.0	1.0	0.0	0.0034386666666666667
5302.0	15.0	1.0	0.0	0.0018826666666666668
5317.0	15.0	1.0	0.0	0.000726
5332.0	15.0	1.0	0.0	0.0011033333333333333
5347.0	15.0	1.0	0.0	0.001788
5362.0	15.0	1.0	0.0	0.0013273333333333334
5377.0	15.0	1.0	0.0	0.00010599999999999999
5392.0	15.0	1.0	0.0	2.7999999999999996e-05
5407.0	15.0	1.0	0.0	0.000128
5422.0	15.0	1.0	0.0	3.266666666666666e-05
5437.0	15.0	1.0	0.0	2.6e-05
5452.0	15.0	1.0	0.0	2.4666666666666665e-05
5467.0	15.0	1.0	0.0	5.333333333333334e-06
2560.0	15.0	1.0	0.0	7.333333333333332e-06
2575.0	15.0	1.0	0.0	7.400000000000001e-05
2590.0	15.0	1.0	0.0	7.333333333333334e-06
2605.0	15.0	1.0	0.0	3.2000000000000005e-05
2620.0	15.0	1.0	0.0	3.3333333333333335e-05
2635.0	15.0	1.0	0.0	9.2e-05
2650.0	15.0	1.0	0.0	0.0005506666666666666
2665.0	15.0	1.0	0.0	0.0011986666666666667
2680.0	15.0	1.0	0.0	0.001576
2695.0	15.0	1.0	0.0	0.0021453333333333333
2710.0	15.0	1.0	0.0	0.0017786666666666667
2725.0	15.0	1.0	0.0	0.002512666666666666
2740.0	15.0	1.0	0.0	0.004228666666666667
2755.0	15.0	1.0	0.0	0.004902
2770.0	15.0	1.0	0.0	0.0010700000000000002
2785.0	15.0	1.0	0.0	0.003420666666666667
2800.0	15.0	1.0	0.0	0.0014186666666666662
2815.0	15.0	1.0	0.0	0.00027733333333333337
2830.0	15.0	1.0	0.0	0.000588
2845.0	15.0	1.0	0.0	4.266666666666667e-05
2860.0	15.0	1.0	0.0	0.00010533333333333334
2875.0	15.0	1.0	0.0	0.00013800000000000002
2890.0	15.0	1.0	0.0	0.00014333333333333334
2905.0	15.0	1.0	0.0	2.2e-05
2920.0	15.0	1.0	0.0	0.0002193333333333333
2935.0	15.0	1.0	0.0	0.0
2950.0	15.0	1.0	0.0	2.866666666666667e-05
2965.0	15.0	1.0	0.0	5.333333333333334e-06
2980.0	15.0	1.0	0.0	3.933333333333334e-05
2995.0	15.0	1.0	0.0	8e-06
3010.0	15.0	1.0	0.0	8e-06
3025.0	15.0	1.0	0.0	4.7999999999999994e-05
3040.0	15.0	1.0	0.0	0.000124
3055.0	15.0	1.0	0.0	0.00020266666666666661
3070.0	15.0	1.0	0.0	0.0005246666666666667
3085.0	15.0	1.0	0.0	0.0009833333333333335
3100.0	15.0	1.0	0.0	0.0027593333333333337
3115.0	15.0	1.0	0.0	0.004072
3130.0	15.0	1.0	0.0	0.0013666666666666666
3145.0	15.0	1.0	0.0	0.002984666666666667
3160.0	15.0	1.0	0.0	0.0012086666666666667
3175.0	15.0	1.0	0.0	0.0007519999999999998
3190.0	15.0	1.0	0.0	0.0008706666666666667
3205.0	15.0	1.0	0.0	0.0005686666666666666
3220.0	15.0	1.0	0.0	0.0014380000000000005
3235.0	15.0	1.0	0.0	4.600000000000001e-05
3250.0	15.0	1.0	0.0	3.3333333333333333e-06
3265.0	15.0	1.0	0.0	0.0
3280.0	15.0	1.0	0.0	3.5333333333333336e-05
12061.0	15.0	1.0	0.0	0.0
12076.0	15.0	1.0	0.0	0.0
12091.0	15.0	1.0	0.0	4e-06
12106.0	15.0	1.0	0.0	3.866666666666667e-05
12121.0	15.0	1.0	0.0	4.5333333333333335e-05
12136.0	15.0	1.0	0.0	7.8e-05
12151.0	15.0	1.0	0.0	0.000114
12166.0	15.0	1.0	0.0	0.00033400000000000004
12181.0	15.0	1.0	0.0	0.00016133333333333332
12196.0	15.0	1.0	0.0	0.0011826666666666665
12211.0	15.0	1.0	0.0	0.0038813333333333326
12226.0	15.0	1.0	0.0	0.0038466666666666666
12241.0	15.0	1.0	0.0	0.0003053333333333333
12256.0	15.0	1.0	0.0	0.00013733333333333336
12271.0	15.0	1.0	0.0	0.00031533333333333326
12286.0	15.0	1.0	0.0	0.00034333333333333335
12301.0	15.0	1.0	0.0	0.00010333333333333333
12316.0	15.0	1.0	0.0	0.000164
12331.0	15.0	1.0	0.0	0.00014533333333333333
12346.0	15.0	1.0	0.0	4.0666666666666675e-05
12361.0	15.0	1.0	0.0	8.666666666666668e-06
12376.0	15.0	1.0	0.0	6e-06
12391.0	15.0	1.0	0.0	0.00011333333333333333
12406.0	15.0	1.0	0.0	5.9333333333333343e-05
733.0	15.0	1.0	0.0	2.5333333333333337e-05
748.0	15.0	1.0	0.0	1.3333333333333334e-06
763.0	15.0	1.0	0.0	4.733333333333334e-05
778.0	15.0	1.0	0.0	6e-06
793.0	15.0	1.0	0.0	3.466666666666667e-05
808.0	15.0	1.0	0.0	2.133333333333333e-05
823.0	15.0	1.0	0.0	0.000238
838.0	15.0	1.0	0.0	0.0005166666666666666
853.0	15.0	1.0	0.0	0.001064
868.0	15.0	1.0	0.0	0.0006273333333333334
883.0	15.0	1.0	0.0	4.600000000000001e-05
898.0	15.0	1.0	0.0	0.0014559999999999998
913.0	15.0	1.0	0.0	0.0020853333333333336
928.0	15.0	1.0	0.0	0.0020900000000000003
943.0	15.0	1.0	0.0	0.0005353333333333334
958.0	15.0	1.0	0.0	2.9333333333333336e-05
973.0	15.0	1.0	0.0	8.866666666666666e-05
988.0	15.0	1.0	0.0	0.00013333333333333334
1003.0	15.0	1.0	0.0	0.00020200000000000003
1018.0	15.0	1.0	0.0	0.0003026666666666667
1033.0	15.0	1.0	0.0	0.00016
1048.0	15.0	1.0	0.0	0.00016333333333333334
1063.0	15.0	1.0	0.0	0.00014066666666666665
1078.0	15.0	1.0	0.0	0.00024
1093.0	15.0	1.0	0.0	2.4666666666666665e-05
1473.0	15.0	1.0	0.0	6.666666666666667e-07
1488.0	15.0	1.0	0.0	0.00015333333333333334
1503.0	15.0	1.0	0.0	0.0003646666666666666
1518.0	15.0	1.0	0.0	0.003434
1533.0	15.0	1.0	0.0	0.00491
1548.0	15.0	1.0	0.0	0.0028339999999999993
1563.0	15.0	1.0	0.0	0.004141333333333333
1578.0	15.0	1.0	0.0	0.0031706666666666667
1593.0	15.0	1.0	0.0	0.0013113333333333336
1608.0	15.0	1.0	0.0	0.0007940000000000001
1623.0	15.0	1.0	0.0	0.0007526666666666667
1638.0	15.0	1.0	0.0	0.002311333333333333
1653.0	15.0	1.0	0.0	0.0010446666666666664
1668.0	15.0	1.0	0.0	0.0013666666666666666
1683.0	15.0	1.0	0.0	0.0019793333333333334
1698.0	15.0	1.0	0.0	0.00226
1713.0	15.0	1.0	0.0	0.0011966666666666666
1728.0	15.0	1.0	0.0	5.066666666666667e-05
1743.0	15.0	1.0	0.0	0.00023733333333333332
1758.0	15.0	1.0	0.0	3.3333333333333335e-05
1773.0	15.0	1.0	0.0	5.933333333333333e-05
1788.0	15.0	1.0	0.0	2.666666666666667e-06
1803.0	15.0	1.0	0.0	2.1333333333333335e-05
1818.0	15.0	1.0	0.0	2.666666666666667e-06
10599.0	15.0	1.0	0.0	3.933333333333334e-05
10614.0	15.0	1.0	0.0	3.533333333333333e-05
10629.0	15.0	1.0	0.0	2.2666666666666664e-05
10644.0	15.0	1.0	0.0	0.00019866666666666663
10659.0	15.0	1.0	0.0	3.6e-05
10674.0	15.0	1.0	0.0	0.00033400000000000004
10689.0	15.0	1.0	0.0	0.00036200000000000007
10704.0	15.0	1.0	0.0	0.000422
10719.0	15.0	1.0	0.0	0.005304666666666666
10734.0	15.0	1.0	0.0	0.006952
10749.0	15.0	1.0	0.0	0.0021966666666666666
10764.0	15.0	1.0	0.0	0.0001726666666666667
10779.0	15.0	1.0	0.0	0.001964
10794.0	15.0	1.0	0.0	0.0021646666666666667
10809.0	15.0	1.0	0.0	0.00025600000000000004
10824.0	15.0	1.0	0.0	0.00023600000000000002
10839.0	15.0	1.0	0.0	0.00031066666666666666
10854.0	15.0	1.0	0.0	0.00021
10869.0	15.0	1.0	0.0	0.0003646666666666667
10884.0	15.0	1.0	0.0	0.00032933333333333333
10899.0	15.0	1.0	0.0	1.6e-05
10914.0	15.0	1.0	0.0	9.333333333333334e-06
10929.0	15.0	1.0	0.0	0.00011266666666666668
10944.0	15.0	1.0	0.0	6.8e-05
6942.0	15.0	1.0	0.0	1.1999999999999999e-05
6957.0	15.0	1.0	0.0	2.666666666666667e-06
6972.0	15.0	1.0	0.0	7.400000000000001e-05
6987.0	15.0	1.0	0.0	1.3333333333333334e-06
7002.0	15.0	1.0	0.0	8.000000000000001e-06
7017.0	15.0	1.0	0.0	1.5333333333333334e-05
7032.0	15.0	1.0	0.0	0.00024266666666666664
7047.0	15.0	1.0	0.0	4.5333333333333335e-05
7062.0	15.0	1.0	0.0	0.00015466666666666667
7077.0	15.0	1.0	0.0	0.00036933333333333333
7092.0	15.0	1.0	0.0	0.0006973333333333333
7107.0	15.0	1.0	0.0	0.002160666666666666
7122.0	15.0	1.0	0.0	0.0029440000000000004
7137.0	15.0	1.0	0.0	0.005611333333333333
7152.0	15.0	1.0	0.0	0.0003753333333333333
7167.0	15.0	1.0	0.0	3.266666666666666e-05
7182.0	15.0	1.0	0.0	0.00012133333333333333
7197.0	15.0	1.0	0.0	0.0001433333333333333
7212.0	15.0	1.0	0.0	2e-06
7227.0	15.0	1.0	0.0	8.000000000000001e-06
7242.0	15.0	1.0	0.0	1.9333333333333333e-05
7257.0	15.0	1.0	0.0	7.466666666666666e-05
7272.0	15.0	1.0	0.0	4.4000000000000006e-05
7287.0	15.0	1.0	0.0	0.0
7302.0	15.0	1.0	0.0	5.866666666666667e-05
742.0	15.0	1.0	0.0	6.666666666666667e-07
757.0	15.0	1.0	0.0	2.9333333333333336e-05
772.0	15.0	1.0	0.0	2.5333333333333334e-05
787.0	15.0	1.0	0.0	1.5333333333333334e-05
802.0	15.0	1.0	0.0	1.9333333333333333e-05
817.0	15.0	1.0	0.0	3.2e-05
832.0	15.0	1.0	0.0	0.0006839999999999999
847.0	15.0	1.0	0.0	0.0002586666666666667
862.0	15.0	1.0	0.0	0.0013933333333333337
877.0	15.0	1.0	0.0	0.00012066666666666668
892.0	15.0	1.0	0.0	0.00036066666666666663
907.0	15.0	1.0	0.0	0.0025439999999999994
922.0	15.0	1.0	0.0	0.001826
937.0	15.0	1.0	0.0	0.0014546666666666666
952.0	15.0	1.0	0.0	1.4e-05
967.0	15.0	1.0	0.0	7.266666666666667e-05
982.0	15.0	1.0	0.0	6.466666666666668e-05
997.0	15.0	1.0	0.0	0.0003066666666666666
1012.0	15.0	1.0	0.0	0.00019199999999999998
1027.0	15.0	1.0	0.0	0.00027133333333333333
1042.0	15.0	1.0	0.0	0.00011266666666666668
1057.0	15.0	1.0	0.0	0.00019199999999999998
1072.0	15.0	1.0	0.0	0.00020199999999999998
1087.0	15.0	1.0	0.0	4.733333333333334e-05
8407.0	15.0	1.0	0.0	2.466666666666667e-05
8422.0	15.0	1.0	0.0	1.3333333333333333e-05
8437.0	15.0	1.0	0.0	0.0004666666666666666
8452.0	15.0	1.0	0.0	0.0010433333333333334
8467.0	15.0	1.0	0.0	0.003928666666666667
8482.0	15.0	1.0	0.0	0.00042199999999999996
8497.0	15.0	1.0	0.0	0.0011553333333333333
8512.0	15.0	1.0	0.0	0.0003653333333333333
8527.0	15.0	1.0	0.0	0.0050733333333333325
8542.0	15.0	1.0	0.0	0.006082666666666666
8557.0	15.0	1.0	0.0	0.0045446666666666665
8572.0	15.0	1.0	0.0	0.003851333333333333
8587.0	15.0	1.0	0.0	0.0028153333333333337
8602.0	15.0	1.0	0.0	0.002542666666666666
8617.0	15.0	1.0	0.0	0.0006999999999999999
8632.0	15.0	1.0	0.0	0.0009506666666666667
8647.0	15.0	1.0	0.0	0.0031553333333333338
8662.0	15.0	1.0	0.0	0.0002
8677.0	15.0	1.0	0.0	0.0009933333333333333
8692.0	15.0	1.0	0.0	0.0038306666666666667
8707.0	15.0	1.0	0.0	0.0005553333333333332
8722.0	15.0	1.0	0.0	6.466666666666668e-05
8737.0	15.0	1.0	0.0	5.466666666666666e-05
8752.0	15.0	1.0	0.0	3.5333333333333336e-05
13150.0	15.0	1.0	0.0	6.666666666666667e-07
13165.0	15.0	1.0	0.0	4.466666666666667e-05
13180.0	15.0	1.0	0.0	0.00015066666666666665
13195.0	15.0	1.0	0.0	8.466666666666666e-05
13210.0	15.0	1.0	0.0	0.00014266666666666667
13225.0	15.0	1.0	0.0	0.000134
13240.0	15.0	1.0	0.0	2.3999999999999997e-05
13255.0	15.0	1.0	0.0	0.0003606666666666666
13270.0	15.0	1.0	0.0	0.0032959999999999995
13285.0	15.0	1.0	0.0	0.0025366666666666662
13300.0	15.0	1.0	0.0	0.001815333333333333
13315.0	15.0	1.0	0.0	0.001884
13330.0	15.0	1.0	0.0	0.0006079999999999999
13345.0	15.0	1.0	0.0	0.0027373333333333334
13360.0	15.0	1.0	0.0	0.002493333333333333
13375.0	15.0	1.0	0.0	0.00015333333333333337
13390.0	15.0	1.0	0.0	0.00013599999999999997
13405.0	15.0	1.0	0.0	4.2000000000000004e-05
13420.0	15.0	1.0	0.0	0.0001266666666666667
13435.0	15.0	1.0	0.0	0.00026
13450.0	15.0	1.0	0.0	9.066666666666667e-05
13465.0	15.0	1.0	0.0	0.0002386666666666667
13480.0	15.0	1.0	0.0	0.0002346666666666667
13495.0	15.0	1.0	0.0	0.00021533333333333333
13510.0	15.0	1.0	0.0	0.00010533333333333334
1107.0	15.0	1.0	0.0	3.3333333333333335e-05
1122.0	15.0	1.0	0.0	1e-05
1137.0	15.0	1.0	0.0	0.00025266666666666666
1152.0	15.0	1.0	0.0	0.00017866666666666668
1167.0	15.0	1.0	0.0	0.00021933333333333326
1182.0	15.0	1.0	0.0	0.00010466666666666669
1197.0	15.0	1.0	0.0	9.466666666666666e-05
1212.0	15.0	1.0	0.0	0.0016513333333333334
1227.0	15.0	1.0	0.0	0.002547333333333333
1242.0	15.0	1.0	0.0	0.0014513333333333336
1257.0	15.0	1.0	0.0	0.002522666666666667
1272.0	15.0	1.0	0.0	0.0011606666666666668
1287.0	15.0	1.0	0.0	0.0030006666666666667
1302.0	15.0	1.0	0.0	0.0012773333333333332
1317.0	15.0	1.0	0.0	0.0028153333333333324
1332.0	15.0	1.0	0.0	0.00022266666666666667
1347.0	15.0	1.0	0.0	4.666666666666666e-06
1362.0	15.0	1.0	0.0	4.266666666666667e-05
1377.0	15.0	1.0	0.0	2.4666666666666665e-05
1392.0	15.0	1.0	0.0	2.4000000000000004e-05
1407.0	15.0	1.0	0.0	1.3333333333333333e-05
1422.0	15.0	1.0	0.0	8.866666666666666e-05
1437.0	15.0	1.0	0.0	3.466666666666667e-05
1452.0	10.0	1.0	0.0	0.0
