stress_period	sp_length	time_step	study (0 : TS or 1 : SS)	rech
0.0	1.0	1.0	1.0	0.0009966886122156314
5845.0	21.0	1.0	0.0	3.4285714285714284e-05
5866.0	21.0	1.0	0.0	6.904761904761907e-05
5887.0	21.0	1.0	0.0	0.0001661904761904762
5908.0	21.0	1.0	0.0	0.00016095238095238096
5929.0	21.0	1.0	0.0	0.0003904761904761905
5950.0	21.0	1.0	0.0	0.0021942857142857137
5971.0	21.0	1.0	0.0	0.0028623809523809526
5992.0	21.0	1.0	0.0	0.003026666666666667
6013.0	21.0	1.0	0.0	6.809523809523808e-05
6034.0	21.0	1.0	0.0	0.0006619047619047617
6055.0	21.0	1.0	0.0	0.0007980952380952379
6076.0	21.0	1.0	0.0	0.001384761904761905
6097.0	21.0	1.0	0.0	5.5714285714285715e-05
6118.0	21.0	1.0	0.0	4.476190476190477e-05
6139.0	21.0	1.0	0.0	9.523809523809524e-05
6160.0	21.0	1.0	0.0	0.0001242857142857143
6181.0	21.0	1.0	0.0	0.00020952380952380954
6202.0	21.0	1.0	0.0	1.761904761904762e-05
13528.0	21.0	1.0	0.0	0.00018904761904761901
13549.0	21.0	1.0	0.0	1.5714285714285715e-05
13570.0	21.0	1.0	0.0	3.7142857142857143e-05
13591.0	21.0	1.0	0.0	1.9523809523809524e-05
13612.0	21.0	1.0	0.0	5.095238095238095e-05
13633.0	21.0	1.0	0.0	0.0003414285714285714
13654.0	21.0	1.0	0.0	0.00022333333333333333
13675.0	21.0	1.0	0.0	0.0018928571428571432
13696.0	21.0	1.0	0.0	0.0007180952380952382
13717.0	21.0	1.0	0.0	0.0003828571428571428
13738.0	21.0	1.0	0.0	0.0008685714285714284
13759.0	21.0	1.0	0.0	0.0002647619047619047
13780.0	21.0	1.0	0.0	0.00017952380952380954
13801.0	21.0	1.0	0.0	0.00039523809523809526
13822.0	21.0	1.0	0.0	3.0476190476190485e-05
13843.0	21.0	1.0	0.0	3.523809523809524e-05
13864.0	21.0	1.0	0.0	1.2857142857142857e-05
8041.0	21.0	1.0	0.0	6.857142857142858e-05
8062.0	21.0	1.0	0.0	0.00020190476190476195
8083.0	21.0	1.0	0.0	0.00016285714285714287
8104.0	21.0	1.0	0.0	0.0004004761904761904
8125.0	21.0	1.0	0.0	0.0022261904761904762
8146.0	21.0	1.0	0.0	0.005267142857142857
8167.0	21.0	1.0	0.0	0.001775238095238095
8188.0	21.0	1.0	0.0	0.0016952380952380951
8209.0	21.0	1.0	0.0	0.00043571428571428564
8230.0	21.0	1.0	0.0	8.571428571428571e-05
8251.0	21.0	1.0	0.0	1.9523809523809527e-05
8272.0	21.0	1.0	0.0	0.0003133333333333334
8293.0	21.0	1.0	0.0	0.00035857142857142864
8314.0	21.0	1.0	0.0	9.285714285714286e-05
8335.0	21.0	1.0	0.0	0.0013238095238095238
8356.0	21.0	1.0	0.0	0.0005180952380952382
8377.0	21.0	1.0	0.0	9.904761904761906e-05
8398.0	21.0	1.0	0.0	5.2380952380952384e-05
9880.0	21.0	1.0	0.0	5.047619047619047e-05
9901.0	21.0	1.0	0.0	4.7619047619047615e-06
9922.0	21.0	1.0	0.0	0.00010285714285714286
9943.0	21.0	1.0	0.0	0.00011095238095238096
9964.0	21.0	1.0	0.0	0.0002819047619047619
9985.0	21.0	1.0	0.0	0.0003733333333333333
10006.0	21.0	1.0	0.0	0.004383809523809523
10027.0	21.0	1.0	0.0	0.0016480952380952378
10048.0	21.0	1.0	0.0	7.666666666666667e-05
10069.0	21.0	1.0	0.0	0.00016952380952380957
10090.0	21.0	1.0	0.0	0.00016714285714285713
10111.0	21.0	1.0	0.0	0.002427619047619048
10132.0	21.0	1.0	0.0	0.0006928571428571428
10153.0	21.0	1.0	0.0	6.19047619047619e-05
10174.0	21.0	1.0	0.0	0.0001585714285714286
10195.0	21.0	1.0	0.0	3.761904761904763e-05
10216.0	21.0	1.0	0.0	3.761904761904762e-05
4393.0	21.0	1.0	0.0	8.666666666666667e-05
4414.0	21.0	1.0	0.0	2.761904761904762e-05
4435.0	21.0	1.0	0.0	0.00047666666666666663
4456.0	21.0	1.0	0.0	0.0029185714285714292
4477.0	21.0	1.0	0.0	0.0026314285714285715
4498.0	21.0	1.0	0.0	0.0030952380952380953
4519.0	21.0	1.0	0.0	0.00598904761904762
4540.0	21.0	1.0	0.0	0.0010933333333333333
4561.0	21.0	1.0	0.0	0.001641428571428571
4582.0	21.0	1.0	0.0	0.0008357142857142857
4603.0	21.0	1.0	0.0	0.00047142857142857137
4624.0	21.0	1.0	0.0	0.0009985714285714285
4645.0	21.0	1.0	0.0	0.0009471428571428572
4666.0	21.0	1.0	0.0	0.001730952380952381
4687.0	21.0	1.0	0.0	1.5714285714285715e-05
4708.0	21.0	1.0	0.0	2.3333333333333332e-05
4729.0	21.0	1.0	0.0	1.904761904761905e-06
13151.0	21.0	1.0	0.0	1.6190476190476193e-05
13172.0	21.0	1.0	0.0	3.2380952380952386e-05
13193.0	21.0	1.0	0.0	0.0001838095238095238
13214.0	21.0	1.0	0.0	0.00015095238095238096
13235.0	21.0	1.0	0.0	3.9523809523809526e-05
13256.0	21.0	1.0	0.0	0.0004976190476190475
13277.0	21.0	1.0	0.0	0.0038547619047619047
13298.0	21.0	1.0	0.0	0.0016176190476190476
13319.0	21.0	1.0	0.0	0.001301904761904762
13340.0	21.0	1.0	0.0	0.0023257142857142856
13361.0	21.0	1.0	0.0	0.0017204761904761902
13382.0	21.0	1.0	0.0	0.00011238095238095239
13403.0	21.0	1.0	0.0	7.476190476190476e-05
13424.0	21.0	1.0	0.0	0.00019047619047619048
13445.0	21.0	1.0	0.0	0.00011095238095238096
13466.0	21.0	1.0	0.0	0.00027
13487.0	21.0	1.0	0.0	0.00022190476190476192
13508.0	21.0	1.0	0.0	2.047619047619048e-05
6589.0	21.0	1.0	0.0	7.38095238095238e-05
6610.0	21.0	1.0	0.0	1.7142857142857145e-05
6631.0	21.0	1.0	0.0	0.0001533333333333333
6652.0	21.0	1.0	0.0	3.238095238095238e-05
6673.0	21.0	1.0	0.0	5.333333333333334e-05
6694.0	21.0	1.0	0.0	0.0003371428571428571
6715.0	21.0	1.0	0.0	0.00012285714285714287
6736.0	21.0	1.0	0.0	0.0005261904761904762
6757.0	21.0	1.0	0.0	0.00021333333333333336
6778.0	21.0	1.0	0.0	0.0036952380952380947
6799.0	21.0	1.0	0.0	0.0017485714285714277
6820.0	21.0	1.0	0.0	0.00014285714285714287
6841.0	21.0	1.0	0.0	7.285714285714285e-05
6862.0	21.0	1.0	0.0	2.380952380952381e-05
6883.0	21.0	1.0	0.0	1e-05
6904.0	21.0	1.0	0.0	7.19047619047619e-05
6925.0	21.0	1.0	0.0	5.2380952380952384e-06
9868.0	21.0	1.0	0.0	3.2380952380952386e-05
9889.0	21.0	1.0	0.0	3.2857142857142864e-05
9910.0	21.0	1.0	0.0	7.142857142857142e-06
9931.0	21.0	1.0	0.0	9.666666666666667e-05
9952.0	21.0	1.0	0.0	0.00017000000000000007
9973.0	21.0	1.0	0.0	0.0003533333333333333
9994.0	21.0	1.0	0.0	0.0018766666666666667
10015.0	21.0	1.0	0.0	0.0039014285714285717
10036.0	21.0	1.0	0.0	0.0005142857142857142
10057.0	21.0	1.0	0.0	0.0001261904761904762
10078.0	21.0	1.0	0.0	0.00010666666666666668
10099.0	21.0	1.0	0.0	0.0008714285714285713
10120.0	21.0	1.0	0.0	0.0024052380952380953
10141.0	21.0	1.0	0.0	6.1904761904761914e-06
10162.0	21.0	1.0	0.0	0.00021095238095238095
10183.0	21.0	1.0	0.0	1.8571428571428575e-05
10204.0	21.0	1.0	0.0	4e-05
10225.0	21.0	1.0	0.0	7.61904761904762e-06
1845.0	21.0	1.0	0.0	1.1428571428571429e-05
1866.0	21.0	1.0	0.0	0.00018857142857142862
1887.0	21.0	1.0	0.0	5.952380952380954e-05
1908.0	21.0	1.0	0.0	0.00011952380952380955
1929.0	21.0	1.0	0.0	0.0009266666666666668
1950.0	21.0	1.0	0.0	0.0007285714285714285
1971.0	21.0	1.0	0.0	0.00011476190476190477
1992.0	21.0	1.0	0.0	0.00014380952380952384
2013.0	21.0	1.0	0.0	0.0016604761904761903
2034.0	21.0	1.0	0.0	0.00017380952380952383
2055.0	21.0	1.0	0.0	0.0005547619047619049
2076.0	21.0	1.0	0.0	2.6666666666666663e-05
2097.0	21.0	1.0	0.0	1.1428571428571427e-05
2118.0	21.0	1.0	0.0	9.523809523809525e-07
2139.0	21.0	1.0	0.0	0.0
2160.0	21.0	1.0	0.0	1.5714285714285715e-05
2181.0	21.0	1.0	0.0	1.5714285714285715e-05
9873.0	21.0	1.0	0.0	4.380952380952381e-05
9894.0	21.0	1.0	0.0	1.1428571428571427e-05
9915.0	21.0	1.0	0.0	3.476190476190476e-05
9936.0	21.0	1.0	0.0	6.857142857142858e-05
9957.0	21.0	1.0	0.0	0.0002066666666666667
9978.0	21.0	1.0	0.0	0.0003338095238095237
9999.0	21.0	1.0	0.0	0.003227142857142857
10020.0	21.0	1.0	0.0	0.002946666666666666
10041.0	21.0	1.0	0.0	0.00010333333333333334
10062.0	21.0	1.0	0.0	0.0001823809523809524
10083.0	21.0	1.0	0.0	8.428571428571429e-05
10104.0	21.0	1.0	0.0	0.001663809523809524
10125.0	21.0	1.0	0.0	0.001583333333333333
10146.0	21.0	1.0	0.0	3.142857142857143e-05
10167.0	21.0	1.0	0.0	0.00017952380952380954
10188.0	21.0	1.0	0.0	3.857142857142858e-05
10209.0	21.0	1.0	0.0	2.0476190476190476e-05
10960.0	21.0	1.0	0.0	2.0476190476190476e-05
10981.0	21.0	1.0	0.0	2.1904761904761906e-05
11002.0	21.0	1.0	0.0	0.00012190476190476191
11023.0	21.0	1.0	0.0	0.0006695238095238096
11044.0	21.0	1.0	0.0	0.0067904761904761905
11065.0	21.0	1.0	0.0	0.0069228571428571395
11086.0	21.0	1.0	0.0	0.002665714285714286
11107.0	21.0	1.0	0.0	0.0035619047619047622
11128.0	21.0	1.0	0.0	0.0037304761904761907
11149.0	21.0	1.0	0.0	0.0016190476190476191
11170.0	21.0	1.0	0.0	0.0014066666666666667
11191.0	21.0	1.0	0.0	0.004228095238095237
11212.0	21.0	1.0	0.0	0.0008752380952380953
11233.0	21.0	1.0	0.0	0.00042523809523809533
11254.0	21.0	1.0	0.0	4.761904761904762e-06
11275.0	21.0	1.0	0.0	6.6666666666666675e-06
11296.0	21.0	1.0	0.0	3.857142857142858e-05
11317.0	21.0	1.0	0.0	9.904761904761904e-05
4033.0	21.0	1.0	0.0	1.3809523809523813e-05
4054.0	21.0	1.0	0.0	0.0003866666666666666
4075.0	21.0	1.0	0.0	0.0007304761904761905
4096.0	21.0	1.0	0.0	0.0036276190476190475
4117.0	21.0	1.0	0.0	0.0005595238095238095
4138.0	21.0	1.0	0.0	0.003638571428571429
4159.0	21.0	1.0	0.0	0.003626666666666668
4180.0	21.0	1.0	0.0	0.002393333333333334
4201.0	21.0	1.0	0.0	0.0004057142857142857
4222.0	21.0	1.0	0.0	0.0011023809523809523
4243.0	21.0	1.0	0.0	0.0013000000000000002
4264.0	21.0	1.0	0.0	5.380952380952382e-05
4285.0	21.0	1.0	0.0	6.80952380952381e-05
4306.0	21.0	1.0	0.0	8.190476190476189e-05
4327.0	21.0	1.0	0.0	0.00017714285714285716
4348.0	21.0	1.0	0.0	0.0001376190476190476
4369.0	21.0	1.0	0.0	0.00012333333333333337
4390.0	21.0	1.0	0.0	8.571428571428573e-05
4411.0	21.0	1.0	0.0	1.2857142857142857e-05
4432.0	21.0	1.0	0.0	0.00029904761904761903
4453.0	21.0	1.0	0.0	0.0029538095238095235
4474.0	21.0	1.0	0.0	0.0022580952380952387
4495.0	21.0	1.0	0.0	0.0029599999999999995
4516.0	21.0	1.0	0.0	0.006331904761904763
4537.0	21.0	1.0	0.0	0.0013914285714285715
4558.0	21.0	1.0	0.0	0.0014757142857142855
4579.0	21.0	1.0	0.0	0.0009899999999999998
4600.0	21.0	1.0	0.0	0.00036238095238095235
4621.0	21.0	1.0	0.0	0.001008095238095238
4642.0	21.0	1.0	0.0	0.0009433333333333334
4663.0	21.0	1.0	0.0	0.0018728571428571427
4684.0	21.0	1.0	0.0	1.6666666666666667e-05
4705.0	21.0	1.0	0.0	2.3333333333333332e-05
4726.0	21.0	1.0	0.0	9.523809523809525e-07
4747.0	21.0	1.0	0.0	9.523809523809525e-07
7690.0	21.0	1.0	0.0	5.238095238095238e-06
7711.0	21.0	1.0	0.0	7.428571428571429e-05
7732.0	21.0	1.0	0.0	0.00010571428571428572
7753.0	21.0	1.0	0.0	0.00031
7774.0	21.0	1.0	0.0	0.0007857142857142857
7795.0	21.0	1.0	0.0	0.0004504761904761905
7816.0	21.0	1.0	0.0	0.0006676190476190476
7837.0	21.0	1.0	0.0	0.00016809523809523816
7858.0	21.0	1.0	0.0	0.0005576190476190476
7879.0	21.0	1.0	0.0	4.142857142857143e-05
7900.0	21.0	1.0	0.0	0.00020333333333333336
7921.0	21.0	1.0	0.0	0.0002038095238095238
7942.0	21.0	1.0	0.0	0.00010428571428571428
7963.0	21.0	1.0	0.0	0.00014523809523809522
7984.0	21.0	1.0	0.0	3.666666666666667e-05
8005.0	21.0	1.0	0.0	6.380952380952382e-05
8026.0	21.0	1.0	0.0	4.7619047619047623e-07
2203.0	21.0	1.0	0.0	6.6666666666666675e-06
2224.0	21.0	1.0	0.0	9.333333333333336e-05
2245.0	21.0	1.0	0.0	0.0004252380952380953
2266.0	21.0	1.0	0.0	0.0017109523809523811
2287.0	21.0	1.0	0.0	0.0018385714285714286
2308.0	21.0	1.0	0.0	0.004714761904761904
2329.0	21.0	1.0	0.0	0.001153809523809524
2350.0	21.0	1.0	0.0	0.002452380952380952
2371.0	21.0	1.0	0.0	0.003212380952380952
2392.0	21.0	1.0	0.0	0.0018876190476190473
2413.0	21.0	1.0	0.0	0.0013266666666666665
2434.0	21.0	1.0	0.0	0.0006671428571428573
2455.0	21.0	1.0	0.0	0.0002304761904761905
2476.0	21.0	1.0	0.0	0.0001485714285714286
2497.0	21.0	1.0	0.0	0.00018333333333333336
2518.0	21.0	1.0	0.0	7.761904761904762e-05
2539.0	21.0	1.0	0.0	0.00011619047619047618
8769.0	21.0	1.0	0.0	0.0001538095238095238
8790.0	21.0	1.0	0.0	0.00028380952380952374
8811.0	21.0	1.0	0.0	0.0011433333333333334
8832.0	21.0	1.0	0.0	0.00019476190476190475
8853.0	21.0	1.0	0.0	0.005181904761904762
8874.0	21.0	1.0	0.0	0.002392857142857143
8895.0	21.0	1.0	0.0	0.0024
8916.0	21.0	1.0	0.0	0.0030161904761904766
8937.0	21.0	1.0	0.0	0.006914761904761904
8958.0	21.0	1.0	0.0	0.0037238095238095233
8979.0	21.0	1.0	0.0	0.00267
9000.0	21.0	1.0	0.0	0.00031761904761904754
9021.0	21.0	1.0	0.0	0.00018571428571428574
9042.0	21.0	1.0	0.0	0.00011190476190476191
9063.0	21.0	1.0	0.0	4.523809523809524e-05
9084.0	21.0	1.0	0.0	7.38095238095238e-05
9105.0	21.0	1.0	0.0	9.047619047619049e-06
9126.0	21.0	1.0	0.0	0.00014904761904761904
8782.0	21.0	1.0	0.0	0.00023380952380952377
8803.0	21.0	1.0	0.0	0.0010057142857142858
8824.0	21.0	1.0	0.0	0.00020428571428571428
8845.0	21.0	1.0	0.0	0.003096666666666667
8866.0	21.0	1.0	0.0	0.004290476190476191
8887.0	21.0	1.0	0.0	0.0019433333333333334
8908.0	21.0	1.0	0.0	0.0032119047619047617
8929.0	21.0	1.0	0.0	0.0052528571428571424
8950.0	21.0	1.0	0.0	0.004651428571428572
8971.0	21.0	1.0	0.0	0.0032328571428571432
8992.0	21.0	1.0	0.0	0.00113
9013.0	21.0	1.0	0.0	0.00014666666666666666
9034.0	21.0	1.0	0.0	0.00013714285714285716
9055.0	21.0	1.0	0.0	5.9523809523809524e-05
9076.0	21.0	1.0	0.0	5.190476190476191e-05
9097.0	21.0	1.0	0.0	3.2857142857142864e-05
9118.0	21.0	1.0	0.0	2.9047619047619045e-05
14253.0	21.0	1.0	0.0	1.904761904761905e-06
14274.0	21.0	1.0	0.0	1.5238095238095238e-05
14295.0	21.0	1.0	0.0	5.523809523809525e-05
14316.0	21.0	1.0	0.0	4.047619047619048e-05
14337.0	21.0	1.0	0.0	0.0012752380952380956
14358.0	21.0	1.0	0.0	0.003184285714285714
14379.0	21.0	1.0	0.0	0.0022552380952380957
14400.0	21.0	1.0	0.0	0.002097142857142857
14421.0	21.0	1.0	0.0	0.0013376190476190476
14442.0	21.0	1.0	0.0	0.00251047619047619
14463.0	21.0	1.0	0.0	0.0003366666666666667
14484.0	21.0	1.0	0.0	0.00011809523809523809
14505.0	21.0	1.0	0.0	6.1904761904761914e-06
14526.0	21.0	1.0	0.0	1.285714285714286e-05
14547.0	21.0	1.0	0.0	1.8571428571428572e-05
14568.0	21.0	1.0	0.0	0.0
14589.0	21.0	1.0	0.0	9.523809523809525e-07
14610.0	21.0	1.0	0.0	2.333333333333334e-05
13900.0	21.0	1.0	0.0	4.761904761904762e-05
13921.0	21.0	1.0	0.0	4.047619047619048e-05
13942.0	21.0	1.0	0.0	0.00011904761904761905
13963.0	21.0	1.0	0.0	0.0004885714285714286
13984.0	21.0	1.0	0.0	0.001668095238095238
14005.0	21.0	1.0	0.0	0.0029957142857142856
14026.0	21.0	1.0	0.0	0.00013142857142857143
14047.0	21.0	1.0	0.0	0.002861904761904762
14068.0	21.0	1.0	0.0	0.0015476190476190477
14089.0	21.0	1.0	0.0	0.0004976190476190476
14110.0	21.0	1.0	0.0	8.238095238095238e-05
14131.0	21.0	1.0	0.0	0.00015714285714285713
14152.0	21.0	1.0	0.0	0.00013190476190476193
14173.0	21.0	1.0	0.0	0.00013857142857142857
14194.0	21.0	1.0	0.0	9.047619047619049e-06
14215.0	21.0	1.0	0.0	4.285714285714286e-06
14236.0	21.0	1.0	0.0	3.428571428571429e-05
14257.0	21.0	1.0	0.0	4.7619047619047623e-07
14278.0	21.0	1.0	0.0	2.095238095238095e-05
14299.0	21.0	1.0	0.0	5.333333333333334e-05
14320.0	21.0	1.0	0.0	0.00023190476190476186
14341.0	21.0	1.0	0.0	0.0015152380952380953
14362.0	21.0	1.0	0.0	0.003211904761904761
14383.0	21.0	1.0	0.0	0.0020590476190476188
14404.0	21.0	1.0	0.0	0.002235238095238095
14425.0	21.0	1.0	0.0	0.0010095238095238098
14446.0	21.0	1.0	0.0	0.0026628571428571426
14467.0	21.0	1.0	0.0	0.00016904761904761907
14488.0	21.0	1.0	0.0	5.619047619047619e-05
14509.0	21.0	1.0	0.0	1.0476190476190477e-05
14530.0	21.0	1.0	0.0	1.6190476190476193e-05
14551.0	21.0	1.0	0.0	1.0952380952380951e-05
14572.0	21.0	1.0	0.0	0.0
14593.0	21.0	1.0	0.0	9.523809523809525e-07
9135.0	21.0	1.0	0.0	5.047619047619049e-05
9156.0	21.0	1.0	0.0	0.00013666666666666666
9177.0	21.0	1.0	0.0	0.00014761904761904763
9198.0	21.0	1.0	0.0	2.238095238095238e-05
9219.0	21.0	1.0	0.0	0.00010809523809523809
9240.0	21.0	1.0	0.0	0.00021333333333333336
9261.0	21.0	1.0	0.0	0.000581904761904762
9282.0	21.0	1.0	0.0	0.0014019047619047618
9303.0	21.0	1.0	0.0	0.0004952380952380952
9324.0	21.0	1.0	0.0	0.002306666666666667
9345.0	21.0	1.0	0.0	0.00028666666666666657
9366.0	21.0	1.0	0.0	0.00011857142857142858
9387.0	21.0	1.0	0.0	0.00020714285714285713
9408.0	21.0	1.0	0.0	0.0001547619047619048
9429.0	21.0	1.0	0.0	7.38095238095238e-05
9450.0	21.0	1.0	0.0	1.9523809523809527e-05
9471.0	21.0	1.0	0.0	7.61904761904762e-06
9492.0	21.0	1.0	0.0	2.142857142857143e-05
6226.0	21.0	1.0	0.0	4.047619047619048e-05
6247.0	21.0	1.0	0.0	4.476190476190477e-05
6268.0	21.0	1.0	0.0	0.00032714285714285717
6289.0	21.0	1.0	0.0	0.0001838095238095238
6310.0	21.0	1.0	0.0	0.001978095238095238
6331.0	21.0	1.0	0.0	0.0014457142857142856
6352.0	21.0	1.0	0.0	0.0028638095238095237
6373.0	21.0	1.0	0.0	0.0035380952380952378
6394.0	21.0	1.0	0.0	0.004636190476190477
6415.0	21.0	1.0	0.0	0.00011523809523809525
6436.0	21.0	1.0	0.0	0.0017600000000000003
6457.0	21.0	1.0	0.0	7.857142857142858e-05
6478.0	21.0	1.0	0.0	5.7619047619047626e-05
6499.0	21.0	1.0	0.0	0.00014
6520.0	21.0	1.0	0.0	0.0
6541.0	21.0	1.0	0.0	6.19047619047619e-05
6562.0	21.0	1.0	0.0	1.238095238095238e-05
3661.0	21.0	1.0	0.0	2.8095238095238096e-05
3682.0	21.0	1.0	0.0	2.571428571428572e-05
3703.0	21.0	1.0	0.0	0.0003776190476190476
3724.0	21.0	1.0	0.0	0.0002414285714285714
3745.0	21.0	1.0	0.0	0.0010476190476190477
3766.0	21.0	1.0	0.0	0.0016614285714285713
3787.0	21.0	1.0	0.0	0.0037471428571428564
3808.0	21.0	1.0	0.0	0.0033690476190476187
3829.0	21.0	1.0	0.0	0.0015680952380952382
3850.0	21.0	1.0	0.0	0.0014185714285714285
3871.0	21.0	1.0	0.0	0.0018342857142857143
3892.0	21.0	1.0	0.0	0.0014666666666666671
3913.0	21.0	1.0	0.0	0.0005838095238095238
3934.0	21.0	1.0	0.0	0.0035395238095238097
3955.0	21.0	1.0	0.0	0.002363809523809524
3976.0	21.0	1.0	0.0	6.714285714285715e-05
3997.0	21.0	1.0	0.0	0.00012571428571428572
4018.0	21.0	1.0	0.0	4.4761904761904754e-05
3308.0	21.0	1.0	0.0	4.380952380952381e-05
3329.0	21.0	1.0	0.0	1.4761904761904761e-05
3350.0	21.0	1.0	0.0	0.00015285714285714287
3371.0	21.0	1.0	0.0	0.0004523809523809525
3392.0	21.0	1.0	0.0	0.0031857142857142856
3413.0	21.0	1.0	0.0	0.006376666666666667
3434.0	21.0	1.0	0.0	0.003978571428571427
3455.0	21.0	1.0	0.0	0.00143
3476.0	21.0	1.0	0.0	0.0025857142857142854
3497.0	21.0	1.0	0.0	0.0015252380952380951
3518.0	21.0	1.0	0.0	0.0009504761904761906
3539.0	21.0	1.0	0.0	1.5714285714285715e-05
3560.0	21.0	1.0	0.0	7.714285714285713e-05
3581.0	21.0	1.0	0.0	5.476190476190476e-05
3602.0	21.0	1.0	0.0	0.0002595238095238096
3623.0	21.0	1.0	0.0	0.00019761904761904763
3644.0	21.0	1.0	0.0	6.19047619047619e-05
11701.0	21.0	1.0	0.0	1.380952380952381e-05
11722.0	21.0	1.0	0.0	0.00010809523809523807
11743.0	21.0	1.0	0.0	3.857142857142858e-05
11764.0	21.0	1.0	0.0	0.000439047619047619
11785.0	21.0	1.0	0.0	0.0024304761904761904
11806.0	21.0	1.0	0.0	0.002103333333333334
11827.0	21.0	1.0	0.0	0.0038961904761904763
11848.0	21.0	1.0	0.0	0.0017252380952380954
11869.0	21.0	1.0	0.0	0.0023814285714285717
11890.0	21.0	1.0	0.0	0.0008557142857142857
11911.0	21.0	1.0	0.0	7.714285714285714e-05
11932.0	21.0	1.0	0.0	2.380952380952381e-06
11953.0	21.0	1.0	0.0	3.2380952380952386e-05
11974.0	21.0	1.0	0.0	9.476190476190476e-05
11995.0	21.0	1.0	0.0	1.2857142857142857e-05
12016.0	21.0	1.0	0.0	9.523809523809525e-07
12037.0	21.0	1.0	0.0	1.8571428571428575e-05
1466.0	21.0	1.0	0.0	1.8095238095238097e-05
1487.0	21.0	1.0	0.0	0.0001261904761904762
1508.0	21.0	1.0	0.0	0.0015966666666666666
1529.0	21.0	1.0	0.0	0.004962857142857143
1550.0	21.0	1.0	0.0	0.0031847619047619046
1571.0	21.0	1.0	0.0	0.0036642857142857145
1592.0	21.0	1.0	0.0	0.0012666666666666668
1613.0	21.0	1.0	0.0	0.00044
1634.0	21.0	1.0	0.0	0.0020652380952380957
1655.0	21.0	1.0	0.0	0.0008085714285714285
1676.0	21.0	1.0	0.0	0.0022295238095238097
1697.0	21.0	1.0	0.0	0.002049047619047619
1718.0	21.0	1.0	0.0	0.0004999999999999999
1739.0	21.0	1.0	0.0	0.0001923809523809524
1760.0	21.0	1.0	0.0	3.095238095238095e-05
1781.0	21.0	1.0	0.0	3.142857142857143e-05
1802.0	21.0	1.0	0.0	1.523809523809524e-05
1823.0	21.0	1.0	0.0	1.8095238095238097e-05
3670.0	21.0	1.0	0.0	1.6190476190476193e-05
3691.0	21.0	1.0	0.0	0.00011476190476190475
3712.0	21.0	1.0	0.0	0.00035714285714285714
3733.0	21.0	1.0	0.0	0.00020761904761904763
3754.0	21.0	1.0	0.0	0.0018776190476190472
3775.0	21.0	1.0	0.0	0.002313333333333333
3796.0	21.0	1.0	0.0	0.0035700000000000003
3817.0	21.0	1.0	0.0	0.0027700000000000003
3838.0	21.0	1.0	0.0	0.0009647619047619048
3859.0	21.0	1.0	0.0	0.0023457142857142856
3880.0	21.0	1.0	0.0	0.0016828571428571426
3901.0	21.0	1.0	0.0	0.0006885714285714287
3922.0	21.0	1.0	0.0	0.002108095238095238
3943.0	21.0	1.0	0.0	0.0038657142857142857
3964.0	21.0	1.0	0.0	0.00038333333333333324
3985.0	21.0	1.0	0.0	7.095238095238096e-05
4006.0	21.0	1.0	0.0	0.00013523809523809525
4392.0	21.0	1.0	0.0	8.80952380952381e-05
4413.0	21.0	1.0	0.0	1.380952380952381e-05
4434.0	21.0	1.0	0.0	0.0004338095238095238
4455.0	21.0	1.0	0.0	0.002935238095238096
4476.0	21.0	1.0	0.0	0.002505714285714286
4497.0	21.0	1.0	0.0	0.003027142857142857
4518.0	21.0	1.0	0.0	0.006124285714285714
4539.0	21.0	1.0	0.0	0.0011747619047619048
4560.0	21.0	1.0	0.0	0.0016085714285714282
4581.0	21.0	1.0	0.0	0.0008795238095238094
4602.0	21.0	1.0	0.0	0.00044047619047619046
4623.0	21.0	1.0	0.0	0.0010019047619047618
4644.0	21.0	1.0	0.0	0.0009252380952380952
4665.0	21.0	1.0	0.0	0.0017866666666666667
4686.0	21.0	1.0	0.0	1.5714285714285715e-05
4707.0	21.0	1.0	0.0	2.3333333333333332e-05
4728.0	21.0	1.0	0.0	1.904761904761905e-06
2558.0	21.0	1.0	0.0	2.9999999999999997e-05
2579.0	21.0	1.0	0.0	3.3333333333333335e-05
2600.0	21.0	1.0	0.0	2.285714285714286e-05
2621.0	21.0	1.0	0.0	5.857142857142858e-05
2642.0	21.0	1.0	0.0	0.0002780952380952381
2663.0	21.0	1.0	0.0	0.0011109523809523809
2684.0	21.0	1.0	0.0	0.001724285714285714
2705.0	21.0	1.0	0.0	0.0021500000000000004
2726.0	21.0	1.0	0.0	0.0035247619047619042
2747.0	21.0	1.0	0.0	0.004486190476190475
2768.0	21.0	1.0	0.0	0.0016233333333333334
2789.0	21.0	1.0	0.0	0.0027842857142857144
2810.0	21.0	1.0	0.0	0.00028142857142857147
2831.0	21.0	1.0	0.0	0.00042714285714285716
2852.0	21.0	1.0	0.0	8e-05
2873.0	21.0	1.0	0.0	0.00015523809523809525
2894.0	21.0	1.0	0.0	4.714285714285714e-05
2915.0	21.0	1.0	0.0	0.0001061904761904762
10241.0	21.0	1.0	0.0	4.2857142857142856e-05
10262.0	21.0	1.0	0.0	0.00013761904761904766
10283.0	21.0	1.0	0.0	0.00019952380952380954
10304.0	21.0	1.0	0.0	0.0033152380952380946
10325.0	21.0	1.0	0.0	0.0028238095238095244
10346.0	21.0	1.0	0.0	0.0029347619047619053
10367.0	21.0	1.0	0.0	0.003747619047619048
10388.0	21.0	1.0	0.0	0.0031809523809523802
10409.0	21.0	1.0	0.0	0.0018123809523809523
10430.0	21.0	1.0	0.0	0.003297619047619047
10451.0	21.0	1.0	0.0	0.0003247619047619048
10472.0	21.0	1.0	0.0	0.000389047619047619
10493.0	21.0	1.0	0.0	0.0004361904761904762
10514.0	21.0	1.0	0.0	0.00019952380952380954
10535.0	21.0	1.0	0.0	3.952380952380953e-05
10556.0	21.0	1.0	0.0	1.904761904761905e-05
10577.0	21.0	1.0	0.0	0.0
2197.0	21.0	1.0	0.0	3.80952380952381e-06
2218.0	21.0	1.0	0.0	7.238095238095239e-05
2239.0	21.0	1.0	0.0	0.0003928571428571428
2260.0	21.0	1.0	0.0	0.00133
2281.0	21.0	1.0	0.0	0.0019304761904761908
2302.0	21.0	1.0	0.0	0.003901904761904762
2323.0	21.0	1.0	0.0	0.0019680952380952375
2344.0	21.0	1.0	0.0	0.00201
2365.0	21.0	1.0	0.0	0.0030952380952380953
2386.0	21.0	1.0	0.0	0.002575714285714286
2407.0	21.0	1.0	0.0	0.0010885714285714285
2428.0	21.0	1.0	0.0	0.0011209523809523811
2449.0	21.0	1.0	0.0	0.00012142857142857144
2470.0	21.0	1.0	0.0	0.0002576190476190476
2491.0	21.0	1.0	0.0	0.00018095238095238098
2512.0	21.0	1.0	0.0	1.6666666666666667e-05
2533.0	21.0	1.0	0.0	0.00017285714285714287
2554.0	21.0	1.0	0.0	9.857142857142856e-05
4036.0	21.0	1.0	0.0	1.3809523809523813e-05
4057.0	21.0	1.0	0.0	0.0003876190476190475
4078.0	21.0	1.0	0.0	0.0012914285714285714
4099.0	21.0	1.0	0.0	0.003132380952380952
4120.0	21.0	1.0	0.0	0.0007747619047619047
4141.0	21.0	1.0	0.0	0.004089047619047619
4162.0	21.0	1.0	0.0	0.0035719047619047622
4183.0	21.0	1.0	0.0	0.0018019047619047615
4204.0	21.0	1.0	0.0	0.0003838095238095238
4225.0	21.0	1.0	0.0	0.0013304761904761903
4246.0	21.0	1.0	0.0	0.0010276190476190476
4267.0	21.0	1.0	0.0	3.380952380952381e-05
4288.0	21.0	1.0	0.0	7.142857142857143e-05
4309.0	21.0	1.0	0.0	7.857142857142857e-05
4330.0	21.0	1.0	0.0	0.0001942857142857143
4351.0	21.0	1.0	0.0	0.00012047619047619046
4372.0	21.0	1.0	0.0	0.0002280952380952381
8776.0	21.0	1.0	0.0	6.333333333333333e-05
8797.0	21.0	1.0	0.0	0.000609047619047619
8818.0	21.0	1.0	0.0	0.0007804761904761906
8839.0	21.0	1.0	0.0	0.0014642857142857142
8860.0	21.0	1.0	0.0	0.005431904761904762
8881.0	21.0	1.0	0.0	0.0018790476190476187
8902.0	21.0	1.0	0.0	0.002899047619047619
8923.0	21.0	1.0	0.0	0.003487142857142858
8944.0	21.0	1.0	0.0	0.006190476190476191
8965.0	21.0	1.0	0.0	0.003577619047619047
8986.0	21.0	1.0	0.0	0.0018452380952380949
9007.0	21.0	1.0	0.0	8.238095238095239e-05
9028.0	21.0	1.0	0.0	0.00014047619047619049
9049.0	21.0	1.0	0.0	0.00013333333333333334
9070.0	21.0	1.0	0.0	7.380952380952382e-05
9091.0	21.0	1.0	0.0	2.5238095238095243e-05
9112.0	21.0	1.0	0.0	1.9523809523809527e-05
4385.0	21.0	1.0	0.0	6.380952380952382e-05
4406.0	21.0	1.0	0.0	5.809523809523811e-05
4427.0	21.0	1.0	0.0	0.0002176190476190476
4448.0	21.0	1.0	0.0	0.002402857142857143
4469.0	21.0	1.0	0.0	0.0020414285714285716
4490.0	21.0	1.0	0.0	0.0029104761904761903
4511.0	21.0	1.0	0.0	0.006351428571428573
4532.0	21.0	1.0	0.0	0.0021590476190476195
4553.0	21.0	1.0	0.0	0.0010909523809523808
4574.0	21.0	1.0	0.0	0.001183809523809524
4595.0	21.0	1.0	0.0	0.0004847619047619048
4616.0	21.0	1.0	0.0	0.0010352380952380954
4637.0	21.0	1.0	0.0	0.0008142857142857143
4658.0	21.0	1.0	0.0	0.00201
4679.0	21.0	1.0	0.0	0.00016142857142857143
4700.0	21.0	1.0	0.0	1.8571428571428572e-05
4721.0	21.0	1.0	0.0	4.761904761904762e-06
4742.0	21.0	1.0	0.0	1.2857142857142857e-05
8050.0	21.0	1.0	0.0	0.00021523809523809522
8071.0	21.0	1.0	0.0	0.00011047619047619047
8092.0	21.0	1.0	0.0	0.0001242857142857143
8113.0	21.0	1.0	0.0	0.0006366666666666668
8134.0	21.0	1.0	0.0	0.004569047619047618
8155.0	21.0	1.0	0.0	0.004008571428571429
8176.0	21.0	1.0	0.0	0.00044999999999999993
8197.0	21.0	1.0	0.0	0.002096666666666667
8218.0	21.0	1.0	0.0	1.4761904761904765e-05
8239.0	21.0	1.0	0.0	8.285714285714287e-05
8260.0	21.0	1.0	0.0	6.523809523809524e-05
8281.0	21.0	1.0	0.0	0.000448095238095238
8302.0	21.0	1.0	0.0	0.00020714285714285718
8323.0	21.0	1.0	0.0	0.00013000000000000002
8344.0	21.0	1.0	0.0	0.0017433333333333335
8365.0	21.0	1.0	0.0	8.238095238095239e-05
8386.0	21.0	1.0	0.0	0.0001580952380952381
371.0	21.0	1.0	0.0	8.904761904761906e-05
392.0	21.0	1.0	0.0	3.142857142857143e-05
413.0	21.0	1.0	0.0	1.761904761904762e-05
434.0	21.0	1.0	0.0	3.666666666666667e-05
455.0	21.0	1.0	0.0	0.0002014285714285714
476.0	21.0	1.0	0.0	0.001084285714285714
497.0	21.0	1.0	0.0	0.000369047619047619
518.0	21.0	1.0	0.0	0.0015442857142857144
539.0	21.0	1.0	0.0	0.004425238095238096
560.0	21.0	1.0	0.0	0.0032295238095238093
581.0	21.0	1.0	0.0	0.001471428571428571
602.0	21.0	1.0	0.0	0.0005828571428571429
623.0	21.0	1.0	0.0	0.0004985714285714286
644.0	21.0	1.0	0.0	0.0008333333333333333
665.0	21.0	1.0	0.0	0.0002395238095238095
686.0	21.0	1.0	0.0	6.380952380952382e-05
707.0	21.0	1.0	0.0	2.333333333333334e-05
728.0	21.0	1.0	0.0	3.0000000000000008e-05
1845.0	21.0	1.0	0.0	1.1428571428571429e-05
1866.0	21.0	1.0	0.0	0.00018857142857142862
1887.0	21.0	1.0	0.0	5.952380952380954e-05
1908.0	21.0	1.0	0.0	0.00011952380952380955
1929.0	21.0	1.0	0.0	0.0009266666666666668
1950.0	21.0	1.0	0.0	0.0007285714285714285
1971.0	21.0	1.0	0.0	0.00011476190476190477
1992.0	21.0	1.0	0.0	0.00014380952380952384
2013.0	21.0	1.0	0.0	0.0016604761904761903
2034.0	21.0	1.0	0.0	0.00017380952380952383
2055.0	21.0	1.0	0.0	0.0005547619047619049
2076.0	21.0	1.0	0.0	2.6666666666666663e-05
2097.0	21.0	1.0	0.0	1.1428571428571427e-05
2118.0	21.0	1.0	0.0	9.523809523809525e-07
2139.0	21.0	1.0	0.0	0.0
2160.0	21.0	1.0	0.0	1.5714285714285715e-05
2181.0	21.0	1.0	0.0	1.5714285714285715e-05
10603.0	21.0	1.0	0.0	3.9523809523809526e-05
10624.0	21.0	1.0	0.0	1.8095238095238094e-05
10645.0	21.0	1.0	0.0	0.00014904761904761904
10666.0	21.0	1.0	0.0	0.00019428571428571425
10687.0	21.0	1.0	0.0	0.0003557142857142857
10708.0	21.0	1.0	0.0	0.0022157142857142853
10729.0	21.0	1.0	0.0	0.007023333333333334
10750.0	21.0	1.0	0.0	0.0013780952380952382
10771.0	21.0	1.0	0.0	0.0011104761904761906
10792.0	21.0	1.0	0.0	0.0020952380952380953
10813.0	21.0	1.0	0.0	9.571428571428571e-05
10834.0	21.0	1.0	0.0	0.0003185714285714286
10855.0	21.0	1.0	0.0	0.0003280952380952381
10876.0	21.0	1.0	0.0	0.00031523809523809526
10897.0	21.0	1.0	0.0	1.6190476190476193e-05
10918.0	21.0	1.0	0.0	7.619047619047618e-05
10939.0	21.0	1.0	0.0	5.476190476190477e-05
10960.0	21.0	1.0	0.0	2.0476190476190476e-05
10981.0	21.0	1.0	0.0	2.1904761904761906e-05
11002.0	21.0	1.0	0.0	0.00012190476190476191
11023.0	21.0	1.0	0.0	0.0006695238095238096
11044.0	21.0	1.0	0.0	0.0067904761904761905
11065.0	21.0	1.0	0.0	0.0069228571428571395
11086.0	21.0	1.0	0.0	0.002665714285714286
11107.0	21.0	1.0	0.0	0.0035619047619047622
11128.0	21.0	1.0	0.0	0.0037304761904761907
11149.0	21.0	1.0	0.0	0.0016190476190476191
11170.0	21.0	1.0	0.0	0.0014066666666666667
11191.0	21.0	1.0	0.0	0.004228095238095237
11212.0	21.0	1.0	0.0	0.0008752380952380953
11233.0	21.0	1.0	0.0	0.00042523809523809533
11254.0	21.0	1.0	0.0	4.761904761904762e-06
11275.0	21.0	1.0	0.0	6.6666666666666675e-06
11296.0	21.0	1.0	0.0	3.857142857142858e-05
11317.0	21.0	1.0	0.0	6.476190476190476e-05
11703.0	21.0	1.0	0.0	1.380952380952381e-05
11724.0	21.0	1.0	0.0	0.00010809523809523807
11745.0	21.0	1.0	0.0	7.666666666666667e-05
11766.0	21.0	1.0	0.0	0.0005319047619047619
11787.0	21.0	1.0	0.0	0.0023966666666666667
11808.0	21.0	1.0	0.0	0.002161428571428572
11829.0	21.0	1.0	0.0	0.0039785714285714285
11850.0	21.0	1.0	0.0	0.0016847619047619053
11871.0	21.0	1.0	0.0	0.002197619047619048
11892.0	21.0	1.0	0.0	0.0008809523809523809
11913.0	21.0	1.0	0.0	3.9047619047619055e-05
11934.0	21.0	1.0	0.0	3.3333333333333337e-06
11955.0	21.0	1.0	0.0	3.2857142857142864e-05
11976.0	21.0	1.0	0.0	0.00010047619047619048
11997.0	21.0	1.0	0.0	5.7142857142857145e-06
12018.0	21.0	1.0	0.0	1.2380952380952383e-05
12039.0	21.0	1.0	0.0	1.3333333333333335e-05
8773.0	21.0	1.0	0.0	0.00018476190476190478
8794.0	21.0	1.0	0.0	0.0004471428571428571
8815.0	21.0	1.0	0.0	0.0009423809523809524
8836.0	21.0	1.0	0.0	0.0006666666666666666
8857.0	21.0	1.0	0.0	0.00568904761904762
8878.0	21.0	1.0	0.0	0.0020323809523809526
8899.0	21.0	1.0	0.0	0.0027552380952380953
8920.0	21.0	1.0	0.0	0.0029166666666666672
8941.0	21.0	1.0	0.0	0.0067371428571428565
8962.0	21.0	1.0	0.0	0.003605714285714285
8983.0	21.0	1.0	0.0	0.002288571428571428
9004.0	21.0	1.0	0.0	0.00012047619047619049
9025.0	21.0	1.0	0.0	0.00018571428571428574
9046.0	21.0	1.0	0.0	0.00012238095238095237
9067.0	21.0	1.0	0.0	8.476190476190476e-05
9088.0	21.0	1.0	0.0	2.380952380952381e-05
9109.0	21.0	1.0	0.0	2.0952380952380957e-05
9130.0	21.0	1.0	0.0	9.047619047619047e-06
6960.0	21.0	1.0	0.0	1.904761904761905e-06
6981.0	21.0	1.0	0.0	5.333333333333334e-05
7002.0	21.0	1.0	0.0	7.1428571428571436e-06
7023.0	21.0	1.0	0.0	0.00018285714285714286
7044.0	21.0	1.0	0.0	3.2380952380952386e-05
7065.0	21.0	1.0	0.0	0.00035714285714285714
7086.0	21.0	1.0	0.0	0.0005152380952380952
7107.0	21.0	1.0	0.0	0.0023842857142857142
7128.0	21.0	1.0	0.0	0.005019047619047619
7149.0	21.0	1.0	0.0	0.0005190476190476191
7170.0	21.0	1.0	0.0	5.3333333333333326e-05
7191.0	21.0	1.0	0.0	0.00015904761904761904
7212.0	21.0	1.0	0.0	3.3333333333333337e-06
7233.0	21.0	1.0	0.0	1.6666666666666667e-05
7254.0	21.0	1.0	0.0	5.9047619047619046e-05
7275.0	21.0	1.0	0.0	2.666666666666667e-05
7296.0	10.0	1.0	0.0	1.0000000000000002e-06
