stress_period	sp_length	time_step	study (0 : TS or 1 : SS)	rech
0.0	1.0	1.0	1.0	0.00224415601329198
1.0	21.0	1.0	0.0	0.0028733869280133614
22.0	21.0	1.0	0.0	0.004275907970610081
43.0	21.0	1.0	0.0	0.007120534261067686
64.0	21.0	1.0	0.0	0.005251877557663666
85.0	21.0	1.0	0.0	0.004647873651413666
106.0	21.0	1.0	0.0	0.0024049798874627624
127.0	21.0	1.0	0.0	0.002093035016741048
148.0	21.0	1.0	0.0	0.0020743611653645574
169.0	21.0	1.0	0.0	0.005346612839471713
190.0	21.0	1.0	0.0	0.0020951741536458335
211.0	21.0	1.0	0.0	0.0015997386205763523
232.0	21.0	1.0	0.0	0.0005320822397867333
253.0	21.0	1.0	0.0	0.00026028605869834765
274.0	21.0	1.0	0.0	0.0006553104945591
295.0	21.0	1.0	0.0	0.0007292756580170619
316.0	21.0	1.0	0.0	0.001989926656087176
337.0	21.0	1.0	0.0	0.0028210107712518242
358.0	21.0	1.0	0.0	0.005394076392764091
379.0	21.0	1.0	0.0	0.006473653157552041
400.0	21.0	1.0	0.0	0.0035617559523809187
421.0	21.0	1.0	0.0	0.004658711751302061
442.0	21.0	1.0	0.0	0.005550345284598186
463.0	21.0	1.0	0.0	0.002411769321986585
484.0	21.0	1.0	0.0	0.0019398745582217098
505.0	21.0	1.0	0.0	0.002646809895833305
526.0	21.0	1.0	0.0	0.0003457699730282429
547.0	21.0	1.0	0.0	0.0001409185500371762
568.0	21.0	1.0	0.0	0.0005080056871686286
589.0	21.0	1.0	0.0	0.0005905290331158905
610.0	21.0	1.0	0.0	0.0003515725816998572
631.0	21.0	1.0	0.0	0.002087446031116257
652.0	21.0	1.0	0.0	0.002208509172712014
673.0	21.0	1.0	0.0	0.005671199980236176
694.0	21.0	1.0	0.0	0.0055530976795014515
715.0	21.0	1.0	0.0	0.006924248105003679
736.0	21.0	1.0	0.0	0.0015490010579426808
757.0	21.0	1.0	0.0	0.0009292340959821191
778.0	21.0	1.0	0.0	0.004975510370163676
799.0	21.0	1.0	0.0	0.004115184965587777
820.0	21.0	1.0	0.0	0.0021592465355282377
841.0	21.0	1.0	0.0	0.0015539027622767617
862.0	21.0	1.0	0.0	0.0013521583193824096
883.0	21.0	1.0	0.0	0.0005972086588541379
904.0	21.0	1.0	0.0	0.0002371303013392715
925.0	21.0	1.0	0.0	7.168287535507998e-05
946.0	21.0	1.0	0.0	4.542769491672516e-05
967.0	21.0	1.0	0.0	6.948127065385269e-05
988.0	21.0	1.0	0.0	0.0001508075282686799
1009.0	21.0	1.0	0.0	0.0012494592893691002
1030.0	21.0	1.0	0.0	0.0035879027957007475
1051.0	21.0	1.0	0.0	0.0060484215872627966
1072.0	21.0	1.0	0.0	0.001960409255254809
1093.0	21.0	1.0	0.0	0.006427157447451591
1114.0	21.0	1.0	0.0	0.0016889721098399808
1135.0	21.0	1.0	0.0	0.0008278256370907333
1156.0	21.0	1.0	0.0	0.002604952857607838
1177.0	21.0	1.0	0.0	0.00342915271577379
1198.0	21.0	1.0	0.0	0.003515784853980628
1219.0	21.0	1.0	0.0	0.0033966180710565293
1240.0	21.0	1.0	0.0	0.0014761672247023568
1261.0	21.0	1.0	0.0	0.00041400437127973817
1282.0	21.0	1.0	0.0	0.00027494594029015717
1303.0	21.0	1.0	0.0	0.00045751137960520466
1324.0	21.0	1.0	0.0	0.00017883566447662855
1345.0	21.0	1.0	0.0	0.00011925116039454983
1366.0	21.0	1.0	0.0	0.00014158244360056667
1387.0	21.0	1.0	0.0	0.0010570829482305143
1408.0	21.0	1.0	0.0	0.0040773787725538945
1429.0	21.0	1.0	0.0	0.002137579781668476
1450.0	21.0	1.0	0.0	0.0037121988932291195
1471.0	21.0	1.0	0.0	0.003351756504603757
1492.0	21.0	1.0	0.0	0.004417781284877195
1513.0	21.0	1.0	0.0	0.004015808105468723
1534.0	21.0	1.0	0.0	0.004018721807570662
1555.0	21.0	1.0	0.0	0.005163132440476161
1576.0	21.0	1.0	0.0	0.0022854875837053333
1597.0	21.0	1.0	0.0	0.0008661440894716906
1618.0	21.0	1.0	0.0	0.0016272379557291476
1639.0	21.0	1.0	0.0	0.001072437104724676
1660.0	21.0	1.0	0.0	0.00048533428282961896
1681.0	21.0	1.0	0.0	0.00022348297209960952
1702.0	21.0	1.0	0.0	7.817826952252396e-05
1723.0	21.0	1.0	0.0	0.0001096245901925026
1744.0	21.0	1.0	0.0	0.00014741961161290475
1765.0	21.0	1.0	0.0	0.0016100366229102286
1786.0	21.0	1.0	0.0	0.007577426365443581
1807.0	21.0	1.0	0.0	0.0034455428350538995
1828.0	21.0	1.0	0.0	0.0011096859886532242
1849.0	21.0	1.0	0.0	0.005651121593656948
1870.0	21.0	1.0	0.0	0.003492716471354123
1891.0	21.0	1.0	0.0	0.0029378124418712524
1912.0	21.0	1.0	0.0	0.0020072486514136714
1933.0	21.0	1.0	0.0	0.0008023100353422334
1954.0	21.0	1.0	0.0	0.0005845075334821239
1975.0	21.0	1.0	0.0	0.0005901460193452142
1996.0	21.0	1.0	0.0	0.0002787940615699143
2017.0	21.0	1.0	0.0	9.369187127975713e-05
2038.0	21.0	1.0	0.0	4.19338686125619e-05
2059.0	21.0	1.0	0.0	3.0080343995775495e-05
2080.0	21.0	1.0	0.0	9.339730512527298e-05
2101.0	21.0	1.0	0.0	0.00032585069111410353
2122.0	21.0	1.0	0.0	0.005958007403782386
2143.0	21.0	1.0	0.0	0.005248515537806876
2164.0	21.0	1.0	0.0	0.002414407639276376
2185.0	21.0	1.0	0.0	0.001734787713913657
2206.0	21.0	1.0	0.0	0.005095306396484344
2227.0	21.0	1.0	0.0	0.0062121117001487924
2248.0	21.0	1.0	0.0	0.004324061802455323
2269.0	21.0	1.0	0.0	0.006416474841889858
2290.0	21.0	1.0	0.0	0.00430044991629462
2311.0	21.0	1.0	0.0	0.005803295317150271
2332.0	21.0	1.0	0.0	0.005104111444382438
2353.0	21.0	1.0	0.0	0.001330083937872024
2374.0	21.0	1.0	0.0	0.00025755092075892863
2395.0	21.0	1.0	0.0	0.00017889924844102857
2416.0	21.0	1.0	0.0	0.00010997356119607541
2437.0	21.0	1.0	0.0	9.642178671699551e-05
2458.0	21.0	1.0	0.0	0.00010398142678393533
2479.0	21.0	1.0	0.0	0.00014257499149866984
2500.0	21.0	1.0	0.0	0.008493748437790586
2521.0	21.0	1.0	0.0	0.0036412418910434898
2542.0	21.0	1.0	0.0	0.001962794712611567
2563.0	21.0	1.0	0.0	0.005937935965401743
2584.0	21.0	1.0	0.0	0.001985726492745501
2605.0	21.0	1.0	0.0	0.0016223493303570953
2626.0	21.0	1.0	0.0	0.001471413748604886
2647.0	21.0	1.0	0.0	0.0006850702194940191
2668.0	21.0	1.0	0.0	0.0025183483305431286
2689.0	21.0	1.0	0.0	0.0010085710797990762
2710.0	21.0	1.0	0.0	0.0005390189034598048
2731.0	21.0	1.0	0.0	0.00019462658110116663
2752.0	21.0	1.0	0.0	9.699530118986007e-05
2773.0	21.0	1.0	0.0	6.690306464830501e-05
2794.0	21.0	1.0	0.0	7.408668881370235e-05
2815.0	21.0	1.0	0.0	7.62271313440232e-05
2836.0	21.0	1.0	0.0	0.0005050493649073506
2857.0	21.0	1.0	0.0	0.004566100983392566
2878.0	21.0	1.0	0.0	0.003399648393903414
2899.0	21.0	1.0	0.0	0.006500303722563219
2920.0	21.0	1.0	0.0	0.0038035481770833037
2941.0	21.0	1.0	0.0	0.003747095017206048
2962.0	21.0	1.0	0.0	0.0055565330868675225
2983.0	21.0	1.0	0.0	0.00515899367559521
3004.0	21.0	1.0	0.0	0.005914280482700866
3025.0	21.0	1.0	0.0	0.005349699474516343
3046.0	21.0	1.0	0.0	0.004493254162016348
3067.0	21.0	1.0	0.0	0.0015703473772321428
3088.0	21.0	1.0	0.0	0.00043906366257440485
3109.0	21.0	1.0	0.0	0.0001377011253720238
3130.0	21.0	1.0	0.0	6.014231273106166e-05
3151.0	21.0	1.0	0.0	7.135821524119744e-05
3172.0	21.0	1.0	0.0	0.000111749456042318
3193.0	21.0	1.0	0.0	9.315561112903412e-05
3214.0	21.0	1.0	0.0	0.002713408174968838
3235.0	21.0	1.0	0.0	0.003452584039597229
3256.0	21.0	1.0	0.0	0.005406130109514456
3277.0	21.0	1.0	0.0	0.0012729906354631384
3298.0	21.0	1.0	0.0	0.0021678408668154288
3319.0	21.0	1.0	0.0	0.001036233084542362
3340.0	21.0	1.0	0.0	0.001680409749348919
3361.0	21.0	1.0	0.0	0.0038665756952194525
3382.0	21.0	1.0	0.0	0.006805328369140593
3403.0	21.0	1.0	0.0	0.0029998314267112767
3424.0	21.0	1.0	0.0	0.0023963303338913476
3445.0	21.0	1.0	0.0	0.0012008289155505762
3466.0	21.0	1.0	0.0	0.0002710600353422285
3487.0	21.0	1.0	0.0	0.00020774886721652857
3508.0	21.0	1.0	0.0	0.0005691479728334953
3529.0	21.0	1.0	0.0	0.0009746135984147764
3550.0	21.0	1.0	0.0	0.0005211141677129285
3571.0	21.0	1.0	0.0	0.00021630060105090956
3592.0	21.0	1.0	0.0	0.00020171937488368572
3613.0	21.0	1.0	0.0	0.0037975865318661197
3634.0	21.0	1.0	0.0	0.006489541916620114
3655.0	21.0	1.0	0.0	0.0037537071591331474
3676.0	21.0	1.0	0.0	0.007784220377604128
3697.0	21.0	1.0	0.0	0.004188046409970221
3718.0	21.0	1.0	0.0	0.0011440109979538428
3739.0	21.0	1.0	0.0	0.0030844842819940277
3760.0	21.0	1.0	0.0	0.0033807431175595054
3781.0	21.0	1.0	0.0	0.0022414260137648572
3802.0	21.0	1.0	0.0	0.0011063058035714
3823.0	21.0	1.0	0.0	0.0005305640811011714
3844.0	21.0	1.0	0.0	0.000298970540364562
3865.0	21.0	1.0	0.0	0.00018161628359834961
3886.0	21.0	1.0	0.0	6.286891301472981e-05
3907.0	21.0	1.0	0.0	3.10688927060082e-05
3928.0	21.0	1.0	0.0	2.444085620698475e-05
3949.0	21.0	1.0	0.0	0.0013650099663506938
3970.0	21.0	1.0	0.0	0.005192655290876062
3991.0	21.0	1.0	0.0	0.0057816278366815
4012.0	21.0	1.0	0.0	0.00402395629882809
4033.0	21.0	1.0	0.0	0.0011012573242187194
4054.0	21.0	1.0	0.0	0.001970668247767824
4075.0	21.0	1.0	0.0	0.0019892941429501144
4096.0	21.0	1.0	0.0	0.005761928013392825
4117.0	21.0	1.0	0.0	0.0028258289155505666
4138.0	21.0	1.0	0.0	0.0009494105747767619
4159.0	21.0	1.0	0.0	0.0020773373558407478
4180.0	21.0	1.0	0.0	0.001525870186941938
4201.0	21.0	1.0	0.0	0.00018504696800593094
4222.0	21.0	1.0	0.0	6.214614709218343e-05
4243.0	21.0	1.0	0.0	3.867451917557086e-05
4264.0	21.0	1.0	0.0	5.378229277474076e-05
4285.0	21.0	1.0	0.0	7.002573921565869e-05
4306.0	21.0	1.0	0.0	0.00018434940065652753
4327.0	21.0	1.0	0.0	0.005908098084585958
4348.0	21.0	1.0	0.0	0.003307306198846686
4369.0	21.0	1.0	0.0	0.004725908551897277
4390.0	21.0	1.0	0.0	0.004629084995814696
4411.0	21.0	1.0	0.0	0.0018600202287946048
4432.0	21.0	1.0	0.0	0.004393926711309491
4453.0	21.0	1.0	0.0	0.0022139950706844998
4474.0	21.0	1.0	0.0	0.0011334722609746808
4495.0	21.0	1.0	0.0	0.0013569859095981904
4516.0	21.0	1.0	0.0	0.0020351998465401476
4537.0	21.0	1.0	0.0	0.004010739281063967
4558.0	21.0	1.0	0.0	0.0018593517485118814
4579.0	21.0	1.0	0.0	0.0003139650254022095
4600.0	21.0	1.0	0.0	0.0007265921093168191
4621.0	21.0	1.0	0.0	0.0014723968505858855
4642.0	21.0	1.0	0.0	0.0005170387994674904
4663.0	21.0	1.0	0.0	0.0013861263820102716
4684.0	21.0	1.0	0.0	0.0061088740030924
4705.0	21.0	1.0	0.0	0.002696533929733957
4726.0	21.0	1.0	0.0	0.003723711286272286
4747.0	21.0	1.0	0.0	0.0028219066801524898
4768.0	21.0	1.0	0.0	0.001048631940569162
4789.0	21.0	1.0	0.0	0.0010820370628719855
4810.0	21.0	1.0	0.0	0.004642463320777496
4831.0	21.0	1.0	0.0	0.0014328584216889617
4852.0	21.0	1.0	0.0	0.003897091820126467
4873.0	21.0	1.0	0.0	0.0028170049758184136
4894.0	21.0	1.0	0.0	0.0008658505394344906
4915.0	21.0	1.0	0.0	0.0003330601283481857
4936.0	21.0	1.0	0.0	0.00042676362537199993
4957.0	21.0	1.0	0.0	0.00017179556120005716
4978.0	21.0	1.0	0.0	0.00010092400369188809
4999.0	21.0	1.0	0.0	0.00011233375186009061
5020.0	21.0	1.0	0.0	0.00027762213207421896
5041.0	21.0	1.0	0.0	0.001146190052940681
5062.0	21.0	1.0	0.0	0.005748916625976513
5083.0	21.0	1.0	0.0	0.007570926484607471
5104.0	21.0	1.0	0.0	0.0025840003603980195
5125.0	21.0	1.0	0.0	0.006992976597377186
5146.0	21.0	1.0	0.0	0.0030105271112350956
5167.0	21.0	1.0	0.0	0.005727297828310986
5188.0	21.0	1.0	0.0	0.0024771670386904477
5209.0	21.0	1.0	0.0	0.002249706449962776
5230.0	21.0	1.0	0.0	0.004034095400855618
5251.0	21.0	1.0	0.0	0.0013857625325520574
5272.0	21.0	1.0	0.0	0.0006833321707588999
5293.0	21.0	1.0	0.0	0.00015226818266365953
5314.0	21.0	1.0	0.0	8.023062206449723e-05
5335.0	21.0	1.0	0.0	5.6888012658982046e-05
5356.0	21.0	1.0	0.0	6.12478596823534e-05
5377.0	21.0	1.0	0.0	0.0001080594857533488
5398.0	21.0	1.0	0.0	0.0009707494690304237
5419.0	21.0	1.0	0.0	0.005399144944690476
5440.0	21.0	1.0	0.0	0.007909948439825105
5461.0	21.0	1.0	0.0	0.0016795436314173812
5482.0	21.0	1.0	0.0	0.004839037214006647
5503.0	21.0	1.0	0.0	0.0038205827985490757
5524.0	21.0	1.0	0.0	0.0011772925967261714
5545.0	21.0	1.0	0.0	0.005080316452752948
5566.0	21.0	1.0	0.0	0.008634440104166648
5587.0	21.0	1.0	0.0	0.0034457804361978863
5608.0	21.0	1.0	0.0	0.0031512538364955197
5629.0	21.0	1.0	0.0	0.0019304228283109953
5650.0	21.0	1.0	0.0	0.0010776483444940334
5671.0	21.0	1.0	0.0	0.0002669968377976191
5692.0	21.0	1.0	0.0	0.00013493839899693808
5713.0	21.0	1.0	0.0	0.0002922235897608645
5734.0	21.0	1.0	0.0	0.0014722811381021716
5755.0	21.0	1.0	0.0	0.0012402281988234236
5776.0	21.0	1.0	0.0	0.005780198960077153
5797.0	21.0	1.0	0.0	0.0075888490222748945
5818.0	21.0	1.0	0.0	0.005830996558779724
5839.0	21.0	1.0	0.0	0.003807038806733604
5860.0	21.0	1.0	0.0	0.0028305111839657528
5881.0	21.0	1.0	0.0	0.009224408830915146
5902.0	21.0	1.0	0.0	0.0032229149228050376
5923.0	21.0	1.0	0.0	0.006314569382440443
5944.0	21.0	1.0	0.0	0.0033879103887648754
5965.0	21.0	1.0	0.0	0.0015009126209077383
5986.0	21.0	1.0	0.0	0.0014129522414434523
6007.0	21.0	1.0	0.0	0.0012991420200892856
6028.0	21.0	1.0	0.0	0.0006818615141369048
6049.0	21.0	1.0	0.0	0.00025515845843720943
6070.0	21.0	1.0	0.0	0.00011528011730736851
6091.0	21.0	1.0	0.0	0.00012773298081896053
6112.0	21.0	1.0	0.0	0.00036221951530088095
6133.0	21.0	1.0	0.0	0.0005678096044630763
6154.0	21.0	1.0	0.0	0.0032091287885393
6175.0	21.0	1.0	0.0	0.0023559806460425525
6196.0	21.0	1.0	0.0	0.0015978931245349288
6217.0	21.0	1.0	0.0	0.0020331936790829236
6238.0	21.0	1.0	0.0	0.0029747997465587477
6259.0	21.0	1.0	0.0	0.002787516276041619
6280.0	21.0	1.0	0.0	0.007077363513764844
6301.0	21.0	1.0	0.0	0.004551115490141343
6322.0	21.0	1.0	0.0	0.0018930547805059283
6343.0	21.0	1.0	0.0	0.003229779924665157
6364.0	21.0	1.0	0.0	0.0043797171456472946
6385.0	21.0	1.0	0.0	0.0009713745117187238
6406.0	21.0	1.0	0.0	0.00017618303071881972
6427.0	21.0	1.0	0.0	6.069644292195637e-05
6448.0	21.0	1.0	0.0	2.91551635378883e-05
6469.0	21.0	1.0	0.0	2.352238836742583e-05
6490.0	21.0	1.0	0.0	5.394149961925205e-05
6511.0	21.0	1.0	0.0	0.00010870860871810561
6532.0	21.0	1.0	0.0	0.0011021716481162953
6553.0	21.0	1.0	0.0	0.002978156226021853
6574.0	21.0	1.0	0.0	0.005327683585030643
6595.0	21.0	1.0	0.0	0.0057642233712332245
6616.0	21.0	1.0	0.0	0.0026268513997395474
6637.0	21.0	1.0	0.0	0.0017436770484560665
6658.0	21.0	1.0	0.0	0.002212611607142829
6679.0	21.0	1.0	0.0	0.0029620288667224336
6700.0	21.0	1.0	0.0	0.0008566371372767572
6721.0	21.0	1.0	0.0	0.0010399489629836047
6742.0	21.0	1.0	0.0	0.00022342936197913816
6763.0	21.0	1.0	0.0	8.926827566963093e-05
6784.0	21.0	1.0	0.0	4.583837588628133e-05
6805.0	21.0	1.0	0.0	2.8249561786651615e-05
6826.0	21.0	1.0	0.0	4.394840058825873e-05
6847.0	21.0	1.0	0.0	0.00018993613833470034
6868.0	21.0	1.0	0.0	0.0026064951079231855
6889.0	21.0	1.0	0.0	0.003569653828938757
6910.0	21.0	1.0	0.0	0.0018803274972097857
6931.0	21.0	1.0	0.0	0.0019431835356212286
6952.0	21.0	1.0	0.0	0.0035693439301989907
6973.0	21.0	1.0	0.0	0.005228567940848176
6994.0	21.0	1.0	0.0	0.006113984607514853
7015.0	21.0	1.0	0.0	0.004112109956287172
7036.0	21.0	1.0	0.0	0.0028081490652901624
7057.0	21.0	1.0	0.0	0.0024033522832961093
7078.0	21.0	1.0	0.0	0.0006648094540550379
7099.0	21.0	1.0	0.0	0.000411281040736581
7120.0	21.0	1.0	0.0	0.0003500220889136619
7141.0	21.0	1.0	0.0	9.839533908025844e-05
7162.0	21.0	1.0	0.0	4.541078919456118e-05
7183.0	21.0	1.0	0.0	9.861694063457887e-05
7204.0	21.0	1.0	0.0	8.492981819879443e-05
7225.0	21.0	1.0	0.0	9.356541860669788e-05
7246.0	21.0	1.0	0.0	0.001235113529931881
7267.0	21.0	1.0	0.0	0.0029894269307454095
7288.0	21.0	1.0	0.0	0.004376300266810776
7309.0	21.0	1.0	0.0	0.004785695393880173
7330.0	21.0	1.0	0.0	0.003345354352678524
7351.0	21.0	1.0	0.0	0.0027093084426152818
7372.0	21.0	1.0	0.0	0.003080605643136123
7393.0	21.0	1.0	0.0	0.002513703845796095
7414.0	21.0	1.0	0.0	0.0029540143694196143
7435.0	21.0	1.0	0.0	0.0012626807803199189
7456.0	21.0	1.0	0.0	0.0003982718331472905
7477.0	21.0	1.0	0.0	0.0002790004185267667
7498.0	21.0	1.0	0.0	0.00015218927746724287
7519.0	21.0	1.0	0.0	0.0001093560286930317
7540.0	21.0	1.0	0.0	8.811781519934597e-05
7561.0	21.0	1.0	0.0	6.679498581659227e-05
7582.0	21.0	1.0	0.0	4.759132294427781e-05
7603.0	21.0	1.0	0.0	4.952258155458745e-05
7624.0	21.0	1.0	0.0	0.0030880922135852313
7645.0	21.0	1.0	0.0	0.005698050362723181
7666.0	21.0	1.0	0.0	0.001010982695079938
7687.0	21.0	1.0	0.0	0.0032881912958054
7708.0	21.0	1.0	0.0	0.0029233543759300197
7729.0	21.0	1.0	0.0	0.004219979422433003
7750.0	21.0	1.0	0.0	0.002407911028180776
7771.0	21.0	1.0	0.0	0.008116587320963509
7792.0	21.0	1.0	0.0	0.004023754301525272
7813.0	21.0	1.0	0.0	0.001611089797246995
7834.0	21.0	1.0	0.0	0.0004987037295386668
7855.0	21.0	1.0	0.0	0.0006433192661830095
7876.0	21.0	1.0	0.0	0.0011697578430175382
7897.0	21.0	1.0	0.0	0.0003858947753905809
7918.0	21.0	1.0	0.0	0.0001575668879917095
7939.0	21.0	1.0	0.0	0.00023642994108649524
7960.0	21.0	1.0	0.0	0.0014471353803361666
7981.0	21.0	1.0	0.0	0.00825234731038406
8002.0	21.0	1.0	0.0	0.004869310651506663
8023.0	21.0	1.0	0.0	0.004415318080357096
8044.0	21.0	1.0	0.0	0.0032342296781993616
8065.0	21.0	1.0	0.0	0.0023691537039620234
8086.0	21.0	1.0	0.0	0.0047102486746651625
8107.0	21.0	1.0	0.0	0.005397170293898791
8128.0	21.0	1.0	0.0	0.0028740699404761574
8149.0	21.0	1.0	0.0	0.0014067411876859904
8170.0	21.0	1.0	0.0	0.001704142252604143
8191.0	21.0	1.0	0.0	0.0006449846540178284
8212.0	21.0	1.0	0.0	0.00018804350353419995
8233.0	21.0	1.0	0.0	7.352802299317861e-05
8254.0	21.0	1.0	0.0	4.234494481767928e-05
8275.0	21.0	1.0	0.0	4.3580344745083886e-05
8296.0	21.0	1.0	0.0	5.965969676062982e-05
8317.0	21.0	1.0	0.0	4.205878575642904e-05
8338.0	21.0	1.0	0.0	4.229043778919039e-05
8359.0	21.0	1.0	0.0	0.0007317212649753724
8380.0	21.0	1.0	0.0	0.00344352068219861
8401.0	21.0	1.0	0.0	0.0064839175996325915
8422.0	21.0	1.0	0.0	0.00219190179733999
8443.0	21.0	1.0	0.0	0.004597500755673333
8464.0	21.0	1.0	0.0	0.004156459263392813
8485.0	21.0	1.0	0.0	0.004585909888857853
8506.0	21.0	1.0	0.0	0.004608212425595218
8527.0	21.0	1.0	0.0	0.0009882434663318188
8548.0	21.0	1.0	0.0	0.0008415614536830046
8569.0	21.0	1.0	0.0	0.000367286318824381
8590.0	21.0	1.0	0.0	0.0002611694335937143
8611.0	21.0	1.0	0.0	0.000442368121374181
8632.0	21.0	1.0	0.0	0.0003412858645120666
8653.0	21.0	1.0	0.0	0.00018470691499250952
8674.0	21.0	1.0	0.0	7.507932753789696e-05
8695.0	21.0	1.0	0.0	8.52560315813197e-05
8716.0	21.0	1.0	0.0	0.0008993964422316381
8737.0	21.0	1.0	0.0	0.008095958346412257
8758.0	21.0	1.0	0.0	0.002447197323753681
8779.0	21.0	1.0	0.0	0.0055717628115699
8800.0	21.0	1.0	0.0	0.006319344656807991
8821.0	21.0	1.0	0.0	0.00600591459728421
8842.0	21.0	1.0	0.0	0.001592802501860095
8863.0	21.0	1.0	0.0	0.006183701288132419
8884.0	21.0	1.0	0.0	0.0041331990559895625
8905.0	21.0	1.0	0.0	0.0050192493257068035
8926.0	21.0	1.0	0.0	0.000761724562872
8947.0	21.0	1.0	0.0	0.00019677734374997144
8968.0	21.0	1.0	0.0	0.00012545194512318092
8989.0	21.0	1.0	0.0	0.00020375656513936194
9010.0	21.0	1.0	0.0	0.0010838502702258382
9031.0	21.0	1.0	0.0	0.0011367827824183285
9052.0	21.0	1.0	0.0	0.002488388969784638
9073.0	21.0	1.0	0.0	0.0023603435698009334
9094.0	21.0	1.0	0.0	0.004764649164108957
9115.0	21.0	1.0	0.0	0.005461737496512242
9136.0	21.0	1.0	0.0	0.004529652913411414
9157.0	21.0	1.0	0.0	0.0045198189871651475
9178.0	21.0	1.0	0.0	0.0053302583240327096
9199.0	21.0	1.0	0.0	0.004296209426153247
9220.0	21.0	1.0	0.0	0.004294491722470219
9241.0	21.0	1.0	0.0	0.0017647036597842
9262.0	21.0	1.0	0.0	0.0007481166294642523
9283.0	21.0	1.0	0.0	0.0005408325195312238
9304.0	21.0	1.0	0.0	0.00015453229631694527
9325.0	21.0	1.0	0.0	7.04517417720386e-05
9346.0	21.0	1.0	0.0	4.394623814593789e-05
9367.0	21.0	1.0	0.0	5.876411710466302e-05
9388.0	21.0	1.0	0.0	6.070510546366374e-05
9409.0	21.0	1.0	0.0	6.876921653747559e-05
9430.0	21.0	1.0	0.0	0.0005216439565022285
9451.0	21.0	1.0	0.0	0.0024401904060726526
9472.0	21.0	1.0	0.0	0.004490199134463309
9493.0	21.0	1.0	0.0	0.0018045014880952001
9514.0	21.0	1.0	0.0	0.0024996977306547146
9535.0	21.0	1.0	0.0	0.0010180976504370809
9556.0	21.0	1.0	0.0	0.005399225144159182
9577.0	21.0	1.0	0.0	0.0030903523763020483
9598.0	21.0	1.0	0.0	0.003124120803106361
9619.0	21.0	1.0	0.0	0.0012867111932663379
9640.0	21.0	1.0	0.0	0.004532685779389857
9661.0	21.0	1.0	0.0	0.0009935709635416428
9682.0	21.0	1.0	0.0	0.00013455054873509997
9703.0	21.0	1.0	0.0	7.061438617251642e-05
9724.0	21.0	1.0	0.0	4.1348778066180994e-05
9745.0	21.0	1.0	0.0	5.7911640121816286e-05
9766.0	21.0	1.0	0.0	0.00012232809975029532
9787.0	21.0	1.0	0.0	0.00010347636540727191
9808.0	21.0	1.0	0.0	0.0011188025928678654
9829.0	21.0	1.0	0.0	0.003068111419677695
9850.0	21.0	1.0	0.0	0.00405401211693169
9871.0	21.0	1.0	0.0	0.006934904552641329
9892.0	21.0	1.0	0.0	0.0031159856887090333
9913.0	21.0	1.0	0.0	0.0009899132138206476
9934.0	21.0	1.0	0.0	0.0013760797409783812
9955.0	21.0	1.0	0.0	0.003707718622116781
9976.0	21.0	1.0	0.0	0.003718947637648786
9997.0	21.0	1.0	0.0	0.0020571463448660473
10018.0	21.0	1.0	0.0	0.0005365048363094952
10039.0	21.0	1.0	0.0	0.00025145903087795703
10060.0	21.0	1.0	0.0	0.00014712326015741434
10081.0	21.0	1.0	0.0	8.182048513775779e-05
10102.0	21.0	1.0	0.0	4.650620051792691e-05
10123.0	21.0	1.0	0.0	2.597062928336007e-05
10144.0	21.0	1.0	0.0	0.00021304148719422672
10165.0	21.0	1.0	0.0	0.003824464707147458
10186.0	21.0	1.0	0.0	0.008688111804780463
10207.0	21.0	1.0	0.0	0.00784600975399922
10228.0	21.0	1.0	0.0	0.004579838344028981
10249.0	21.0	1.0	0.0	0.006358863467261886
10270.0	21.0	1.0	0.0	0.0034554792131696196
10291.0	21.0	1.0	0.0	0.0015857921781993807
10312.0	21.0	1.0	0.0	0.001355410621279738
10333.0	21.0	1.0	0.0	0.002205092657180033
10354.0	21.0	1.0	0.0	0.0009026634579612904
10375.0	21.0	1.0	0.0	0.0002376505533854
10396.0	21.0	1.0	0.0	0.00014320300874253334
10417.0	21.0	1.0	0.0	7.932826450892618e-05
10438.0	21.0	1.0	0.0	4.7337041014716726e-05
10459.0	21.0	1.0	0.0	9.726982173464949e-05
10480.0	21.0	1.0	0.0	0.00010971680141629292
10501.0	21.0	1.0	0.0	0.00020522510437733334
10522.0	21.0	1.0	0.0	0.0011853194463820283
10543.0	21.0	1.0	0.0	0.004123738788423034
10564.0	21.0	1.0	0.0	0.006564947219121986
10585.0	21.0	1.0	0.0	0.005892687116350409
10606.0	21.0	1.0	0.0	0.0056723254975818
10627.0	21.0	1.0	0.0	0.0027020016624813813
10648.0	21.0	1.0	0.0	0.0021855149042038424
10669.0	21.0	1.0	0.0	0.005189147949218733
10690.0	21.0	1.0	0.0	0.004359880719866048
10711.0	21.0	1.0	0.0	0.006842511858258902
10732.0	21.0	1.0	0.0	0.00322278703962051
10753.0	21.0	1.0	0.0	0.001809134347098205
10774.0	21.0	1.0	0.0	0.0008342633928571429
10795.0	21.0	1.0	0.0	0.0002531147003173476
10816.0	21.0	1.0	0.0	8.076249985466304e-05
10837.0	21.0	1.0	0.0	3.832219895862398e-05
10858.0	21.0	1.0	0.0	7.375671750021819e-05
10879.0	21.0	1.0	0.0	4.71541995093936e-05
10900.0	21.0	1.0	0.0	0.00025493251709706865
10921.0	21.0	1.0	0.0	0.005658768108912825
10942.0	21.0	1.0	0.0	0.0035505734398251043
10963.0	21.0	1.0	0.0	0.001987721761067662
10984.0	21.0	1.0	0.0	0.002304077148437462
11005.0	21.0	1.0	0.0	0.0016419270833333004
11026.0	21.0	1.0	0.0	0.0015283217657179667
11047.0	21.0	1.0	0.0	0.0038157871791294332
11068.0	21.0	1.0	0.0	0.002796258835565434
11089.0	21.0	1.0	0.0	0.002944622221447148
11110.0	21.0	1.0	0.0	0.0008904041108630667
11131.0	21.0	1.0	0.0	0.001148361932663662
11152.0	21.0	1.0	0.0	0.0007501636033966142
11173.0	21.0	1.0	0.0	0.0001625399788220358
11194.0	21.0	1.0	0.0	0.00010029640651883357
11215.0	21.0	1.0	0.0	0.00010264905293778804
11236.0	21.0	1.0	0.0	9.09259886968602e-05
11257.0	21.0	1.0	0.0	0.002332394282023062
11278.0	21.0	1.0	0.0	0.004042031606038362
11299.0	21.0	1.0	0.0	0.005241335187639486
11320.0	21.0	1.0	0.0	0.006772633143833666
11341.0	21.0	1.0	0.0	0.005419764927455323
11362.0	21.0	1.0	0.0	0.002651723225911424
11383.0	21.0	1.0	0.0	0.004532581147693423
11404.0	21.0	1.0	0.0	0.0026114095052083047
11425.0	21.0	1.0	0.0	0.0014932192847842047
11446.0	21.0	1.0	0.0	0.0014325038364955238
11467.0	21.0	1.0	0.0	0.003085155668712772
11488.0	21.0	1.0	0.0	0.0005385364350818237
11509.0	21.0	1.0	0.0	0.00015559023902527147
11530.0	21.0	1.0	0.0	9.262994925180819e-05
11551.0	21.0	1.0	0.0	8.019739673250827e-05
11572.0	21.0	1.0	0.0	6.60900729043125e-05
11593.0	21.0	1.0	0.0	0.00043807953879941797
11614.0	21.0	1.0	0.0	0.002116823559715581
11635.0	21.0	1.0	0.0	0.004435353415352905
11656.0	21.0	1.0	0.0	0.006933051699683747
11677.0	21.0	1.0	0.0	0.004839082263764847
11698.0	21.0	1.0	0.0	0.0018827587309337428
11719.0	21.0	1.0	0.0	0.0008405500139508571
11740.0	21.0	1.0	0.0	0.0005649646577380571
11761.0	21.0	1.0	0.0	0.0010459391276041287
11782.0	21.0	1.0	0.0	0.003081576392764114
11803.0	21.0	1.0	0.0	0.0021014724004836047
11824.0	21.0	1.0	0.0	0.001327517554873495
11845.0	21.0	1.0	0.0	0.0005742565336681284
11866.0	21.0	1.0	0.0	0.00012028285435266904
11887.0	21.0	1.0	0.0	6.023091219720147e-05
11908.0	21.0	1.0	0.0	3.8314786695298693e-05
11929.0	21.0	1.0	0.0	2.636619408925374e-05
11950.0	21.0	1.0	0.0	6.401442913780643e-05
11971.0	21.0	1.0	0.0	3.787758236839658e-05
11992.0	21.0	1.0	0.0	0.0005393772238776422
12013.0	21.0	1.0	0.0	0.003411583764212433
12034.0	21.0	1.0	0.0	0.008441127232142815
12055.0	21.0	1.0	0.0	0.0022380400158109764
12076.0	21.0	1.0	0.0	0.002525612967354871
12097.0	21.0	1.0	0.0	0.007059538341703834
12118.0	21.0	1.0	0.0	0.003805236816406224
12139.0	21.0	1.0	0.0	0.004875459216889867
12160.0	21.0	1.0	0.0	0.003262355259486581
12181.0	21.0	1.0	0.0	0.0013605550130208145
12202.0	21.0	1.0	0.0	0.0005037841796874809
12223.0	21.0	1.0	0.0	0.0002487618582589142
12244.0	21.0	1.0	0.0	0.00010329473586308332
12265.0	21.0	1.0	0.0	9.351250671203875e-05
12286.0	21.0	1.0	0.0	5.012261867523193e-05
12307.0	21.0	1.0	0.0	8.414358184449915e-05
12328.0	21.0	1.0	0.0	0.00010756015777587072
12349.0	21.0	1.0	0.0	0.0007676627749488
12370.0	21.0	1.0	0.0	0.0014735130128405811
12391.0	21.0	1.0	0.0	0.004002345675513819
12412.0	21.0	1.0	0.0	0.0023553408668154333
12433.0	21.0	1.0	0.0	0.003722525460379409
12454.0	21.0	1.0	0.0	0.00602712576729907
12475.0	21.0	1.0	0.0	0.0024920538039434094
12496.0	21.0	1.0	0.0	0.004599179222470194
12517.0	21.0	1.0	0.0	0.003677746000744024
12538.0	21.0	1.0	0.0	0.001913777669270805
12559.0	21.0	1.0	0.0	0.001787202380952357
12580.0	21.0	1.0	0.0	0.0018976527622767668
12601.0	21.0	1.0	0.0	0.00042640322730652376
12622.0	21.0	1.0	0.0	9.95320706140332e-05
12643.0	21.0	1.0	0.0	4.4236745153154635e-05
12664.0	21.0	1.0	0.0	3.6154196375887787e-05
12685.0	21.0	1.0	0.0	2.711142812456403e-05
12706.0	21.0	1.0	0.0	2.3553984505789622e-05
12727.0	21.0	1.0	0.0	8.479337465193255e-05
12748.0	21.0	1.0	0.0	0.003006106717245881
12769.0	21.0	1.0	0.0	0.003728814624604681
12790.0	21.0	1.0	0.0	0.00699024890718001
12811.0	21.0	1.0	0.0	0.006477701822916631
12832.0	21.0	1.0	0.0	0.0036382548014322526
12853.0	21.0	1.0	0.0	0.002938560849144323
12874.0	21.0	1.0	0.0	0.0017113821847097998
12895.0	21.0	1.0	0.0	0.0014340907505580142
12916.0	21.0	1.0	0.0	0.00025543794177825235
12937.0	21.0	1.0	0.0	8.85329473586238e-05
12958.0	21.0	1.0	0.0	4.3332054501488085e-05
12979.0	21.0	1.0	0.0	2.392937792908578e-05
13000.0	21.0	1.0	0.0	1.743536566694578e-05
13021.0	21.0	1.0	0.0	2.4109332334427273e-05
13042.0	21.0	1.0	0.0	0.0003102282597904691
13063.0	21.0	1.0	0.0	0.002035967985788933
13084.0	21.0	1.0	0.0	0.0030178526015508193
13105.0	21.0	1.0	0.0	0.003005952744256842
13126.0	21.0	1.0	0.0	0.0036032693045479525
13147.0	21.0	1.0	0.0	0.0082765219552176
13168.0	21.0	1.0	0.0	0.005160897391183
13189.0	21.0	1.0	0.0	0.005475173223586291
13210.0	21.0	1.0	0.0	0.004057471865699376
13231.0	21.0	1.0	0.0	0.0024898303803943087
13252.0	21.0	1.0	0.0	0.0013376116071428335
13273.0	21.0	1.0	0.0	0.0017520315987722954
13294.0	21.0	1.0	0.0	0.0005329328264508667
13315.0	21.0	1.0	0.0	0.00015938313802080955
13336.0	21.0	1.0	0.0	7.653517950148572e-05
13357.0	21.0	1.0	0.0	8.510996614182751e-05
13378.0	21.0	1.0	0.0	0.0001173467125211193
13399.0	21.0	1.0	0.0	0.0001243710972013429
13420.0	21.0	1.0	0.0	0.00014255946023119045
13441.0	21.0	1.0	0.0	0.0015606337047758048
13462.0	21.0	1.0	0.0	0.004868075779506086
13483.0	21.0	1.0	0.0	0.004360644385928157
13504.0	21.0	1.0	0.0	0.005790893554687458
13525.0	21.0	1.0	0.0	0.0019568859281993713
13546.0	21.0	1.0	0.0	0.0017675752185639425
13567.0	21.0	1.0	0.0	0.0030949794224329904
13588.0	21.0	1.0	0.0	0.002962886265345957
13609.0	21.0	1.0	0.0	0.003892485119047586
13630.0	21.0	1.0	0.0	0.0027773234049478855
13651.0	21.0	1.0	0.0	0.005420506068638369
13672.0	21.0	1.0	0.0	0.002707005092075867
13693.0	21.0	1.0	0.0	0.002971717471168129
13714.0	21.0	1.0	0.0	0.0009882123356773286
13735.0	21.0	1.0	0.0	0.0007028505007425428
13756.0	21.0	1.0	0.0	0.0003638126736594953
13777.0	21.0	1.0	0.0	0.00012761288597467417
13798.0	21.0	1.0	0.0	0.00019287218366345718
13819.0	21.0	1.0	0.0	0.0017376630873906715
13840.0	21.0	1.0	0.0	0.0074439817156109955
13861.0	21.0	1.0	0.0	0.005391842796688957
13882.0	21.0	1.0	0.0	0.003794501894996238
13903.0	21.0	1.0	0.0	0.0010764697846911806
13924.0	21.0	1.0	0.0	0.0009717087518600762
13945.0	21.0	1.0	0.0	0.0013261776878719812
13966.0	21.0	1.0	0.0	0.0018630414690289907
13987.0	21.0	1.0	0.0	0.0018296654110862855
14008.0	21.0	1.0	0.0	0.0011185709635416477
14029.0	21.0	1.0	0.0	0.00038885788690473335
14050.0	21.0	1.0	0.0	0.00011290341331844522
14071.0	21.0	1.0	0.0	5.726550874255715e-05
14092.0	21.0	1.0	0.0	3.328858670734223e-05
14113.0	21.0	1.0	0.0	3.908063684191022e-05
14134.0	21.0	1.0	0.0	3.758369173322105e-05
14155.0	21.0	1.0	0.0	3.095672244117373e-05
14176.0	21.0	1.0	0.0	0.00019829637663703267
14197.0	21.0	1.0	0.0	0.0026904356366111667
14218.0	21.0	1.0	0.0	0.008554791041782887
14239.0	21.0	1.0	0.0	0.0063649400983537534
14260.0	21.0	1.0	0.0	0.005203595842633895
14281.0	21.0	1.0	0.0	0.0035248296828496754
14302.0	21.0	1.0	0.0	0.005267813546316943
14323.0	21.0	1.0	0.0	0.004821768624441939
14344.0	21.0	1.0	0.0	0.0012816191173734956
14365.0	21.0	1.0	0.0	0.0006700701032365858
14386.0	21.0	1.0	0.0	0.0007911580403645665
14407.0	21.0	1.0	0.0	0.0002018810453868714
14428.0	21.0	1.0	0.0	0.0001544102260044429
14449.0	21.0	1.0	0.0	8.462604454585008e-05
14470.0	21.0	1.0	0.0	4.5339090483529226e-05
14491.0	21.0	1.0	0.0	2.6394798642113097e-05
14512.0	21.0	1.0	0.0	1.659535226367769e-05
14533.0	21.0	1.0	0.0	2.7159861155918668e-05
14554.0	21.0	1.0	0.0	0.00048826495806371877
14575.0	21.0	1.0	0.0	0.0036120654514857193
14596.0	21.0	1.0	0.0	0.0051368480864024905
14617.0	21.0	1.0	0.0	0.005683223179408438
14638.0	21.0	1.0	0.0	0.003534529913039396
14659.0	21.0	1.0	0.0	0.002072947184244752
14680.0	21.0	1.0	0.0	0.0013740990048362713
14701.0	21.0	1.0	0.0	0.0030700494675408763
14722.0	21.0	1.0	0.0	0.004224164690290152
14743.0	21.0	1.0	0.0	0.004489304315476167
14764.0	21.0	1.0	0.0	0.0010744919549850955
14785.0	21.0	1.0	0.0	0.0008688209170386619
14806.0	21.0	1.0	0.0	0.00023435292925150003
14827.0	21.0	1.0	0.0	9.138458115711441e-05
14848.0	21.0	1.0	0.0	4.236250831967308e-05
14869.0	21.0	1.0	0.0	3.687889235359817e-05
14890.0	21.0	1.0	0.0	8.540521349224375e-05
14911.0	21.0	1.0	0.0	0.00016301457087196651
14932.0	21.0	1.0	0.0	0.005726776940481948
14953.0	21.0	1.0	0.0	0.00498982384091327
14974.0	21.0	1.0	0.0	0.004856228783017068
14995.0	21.0	1.0	0.0	0.00293592616489951
15016.0	21.0	1.0	0.0	0.005365347726004414
15037.0	21.0	1.0	0.0	0.0016642005557105377
15058.0	21.0	1.0	0.0	0.0012362322126115808
15079.0	21.0	1.0	0.0	0.0014116443452380715
15100.0	21.0	1.0	0.0	0.0009507765997023573
15121.0	21.0	1.0	0.0	0.0004605276925222998
15142.0	21.0	1.0	0.0	0.00012394496372765957
15163.0	21.0	1.0	0.0	7.814825148809285e-05
15184.0	21.0	1.0	0.0	4.959901173909503e-05
15205.0	21.0	1.0	0.0	3.740781261807397e-05
15226.0	21.0	1.0	0.0	2.841183685121082e-05
15247.0	21.0	1.0	0.0	0.0001581254459562562
15268.0	21.0	1.0	0.0	0.0012450378281728999
15289.0	21.0	1.0	0.0	0.0018574807303291952
15310.0	21.0	1.0	0.0	0.005350092933291438
15331.0	21.0	1.0	0.0	0.006590385800316183
15352.0	21.0	1.0	0.0	0.005894500732421843
15373.0	21.0	1.0	0.0	0.0037879086449032384
15394.0	21.0	1.0	0.0	0.002084565662202343
15415.0	21.0	1.0	0.0	0.005786539713541643
15436.0	21.0	1.0	0.0	0.00477181280226932
15457.0	21.0	1.0	0.0	0.005364830380394328
15478.0	21.0	1.0	0.0	0.003642113095238066
15499.0	21.0	1.0	0.0	0.0016140776134672425
15520.0	21.0	1.0	0.0	0.00028069777715770955
15541.0	21.0	1.0	0.0	8.44000237328594e-05
15562.0	21.0	1.0	0.0	4.045010748363675e-05
15583.0	21.0	1.0	0.0	5.0419608751929344e-05
15604.0	21.0	1.0	0.0	2.976719538370769e-05
15625.0	21.0	1.0	0.0	0.00010478853044054068
15646.0	21.0	1.0	0.0	0.0008776868865602905
15667.0	21.0	1.0	0.0	0.008405868530273405
15688.0	21.0	1.0	0.0	0.004599272228422586
15709.0	21.0	1.0	0.0	0.0024527180989583047
15730.0	21.0	1.0	0.0	0.004228473481677795
15751.0	21.0	1.0	0.0	0.008017585391089998
15772.0	21.0	1.0	0.0	0.0037864263625371803
15793.0	21.0	1.0	0.0	0.003629612513950866
15814.0	21.0	1.0	0.0	0.004342325846354142
15835.0	21.0	1.0	0.0	0.006233633858816924
15856.0	21.0	1.0	0.0	0.0007160208565847951
15877.0	21.0	1.0	0.0	0.00034699067615324763
15898.0	21.0	1.0	0.0	0.0011762782505580192
15919.0	21.0	1.0	0.0	0.0004136296680994859
15940.0	21.0	1.0	0.0	0.0001690823691231429
15961.0	21.0	1.0	0.0	9.671847025550997e-05
15982.0	21.0	1.0	0.0	8.220540909538333e-05
16003.0	21.0	1.0	0.0	0.0013198939732142372
16024.0	21.0	1.0	0.0	0.0016798004876999236
16045.0	21.0	1.0	0.0	0.000950933910551481
16066.0	21.0	1.0	0.0	0.011344890776134623
16087.0	21.0	1.0	0.0	0.005918948218935967
16108.0	21.0	1.0	0.0	0.005003932407924062
16129.0	21.0	1.0	0.0	0.006196355910528251
16150.0	21.0	1.0	0.0	0.004719252813430048
16171.0	21.0	1.0	0.0	0.0013116716657365808
16192.0	21.0	1.0	0.0	0.0008716198149181238
16213.0	21.0	1.0	0.0	0.0002020350864955095
16234.0	21.0	1.0	0.0	7.996768043154287e-05
16255.0	21.0	1.0	0.0	3.923979259672619e-05
16276.0	21.0	1.0	0.0	2.1353589636938915e-05
16297.0	21.0	1.0	0.0	1.387848598616464e-05
16318.0	21.0	1.0	0.0	1.1137434414454869e-05
16339.0	21.0	1.0	0.0	7.094386078062511e-06
16360.0	21.0	1.0	0.0	0.0003983131533576918
16381.0	21.0	1.0	0.0	0.0004492912292480048
16402.0	21.0	1.0	0.0	0.0009661760784330382
16423.0	21.0	1.0	0.0	0.004823769523983867
16444.0	21.0	1.0	0.0	0.007592341831752183
16465.0	21.0	1.0	0.0	0.003247509184337767
16486.0	21.0	1.0	0.0	0.0043586004348027865
16507.0	21.0	1.0	0.0	0.0038833385649181228
16528.0	21.0	1.0	0.0	0.001260759626116038
16549.0	21.0	1.0	0.0	0.0014295479910714046
16570.0	21.0	1.0	0.0	0.0030773431687127714
16591.0	21.0	1.0	0.0	0.0014238368443080143
16612.0	21.0	1.0	0.0	0.00028938511439730475
16633.0	21.0	1.0	0.0	7.499407302765621e-05
16654.0	21.0	1.0	0.0	4.607116892223908e-05
16675.0	21.0	1.0	0.0	3.7172527540292885e-05
16696.0	21.0	1.0	0.0	2.044824759165446e-05
16717.0	21.0	1.0	0.0	0.0002114914598918826
16738.0	21.0	1.0	0.0	0.0025160765193757003
16759.0	21.0	1.0	0.0	0.0033165584745860712
16780.0	21.0	1.0	0.0	0.002317102341424814
16801.0	21.0	1.0	0.0	0.00695120166596909
16822.0	21.0	1.0	0.0	0.0038294256301152855
16843.0	21.0	1.0	0.0	0.002601523263113805
16864.0	21.0	1.0	0.0	0.003635685511997733
16885.0	21.0	1.0	0.0	0.0010501505533853997
16906.0	21.0	1.0	0.0	0.0007641892206100999
16927.0	21.0	1.0	0.0	0.0012821655273437236
16948.0	21.0	1.0	0.0	0.000421793619791638
16969.0	21.0	1.0	0.0	8.280726841517142e-05
16990.0	21.0	1.0	0.0	3.645542689732143e-05
17011.0	21.0	1.0	0.0	1.9884383394604636e-05
17032.0	21.0	1.0	0.0	1.3687631913593837e-05
17053.0	21.0	1.0	0.0	0.0001007252080099779
17074.0	21.0	1.0	0.0	0.00010363990919928613
17095.0	21.0	1.0	0.0	0.0002484264146713476
17116.0	21.0	1.0	0.0	0.0049031824384416335
17137.0	21.0	1.0	0.0	0.006655197870163652
17158.0	21.0	1.0	0.0	0.010717508225213881
17179.0	21.0	1.0	0.0	0.004978177025204584
17200.0	21.0	1.0	0.0	0.003328037806919614
17221.0	21.0	1.0	0.0	0.0037194940476190184
17242.0	21.0	1.0	0.0	0.0020189935593377807
17263.0	21.0	1.0	0.0	0.0005387456984746762
17284.0	21.0	1.0	0.0	0.000186424618675581
17305.0	21.0	1.0	0.0	7.763090587797143e-05
17326.0	21.0	1.0	0.0	6.005859374999524e-05
17347.0	21.0	1.0	0.0	6.60313197544619e-05
17368.0	21.0	1.0	0.0	3.8577892950602946e-05
17389.0	21.0	1.0	0.0	4.204262296358426e-05
17410.0	21.0	1.0	0.0	2.7444198018026347e-05
17431.0	21.0	1.0	0.0	0.00014528336411427306
17452.0	21.0	1.0	0.0	0.00024090980348126672
17473.0	21.0	1.0	0.0	0.0025980160122825524
17494.0	21.0	1.0	0.0	0.005477538699195448
17515.0	21.0	1.0	0.0	0.008461943126860081
17536.0	21.0	1.0	0.0	0.004497103736514092
17557.0	21.0	1.0	0.0	0.0026841793968563612
17578.0	21.0	1.0	0.0	0.0071106305803571145
17599.0	21.0	1.0	0.0	0.0035328252883184193
17620.0	21.0	1.0	0.0	0.005109526134672596
17641.0	21.0	1.0	0.0	0.003233436221168133
17662.0	21.0	1.0	0.0	0.0023278459821428287
17683.0	21.0	1.0	0.0	0.0010799647739955097
17704.0	21.0	1.0	0.0	0.0003319324311755619
17725.0	21.0	1.0	0.0	0.00017972048762296666
17746.0	21.0	1.0	0.0	0.00022021462165169528
17767.0	21.0	1.0	0.0	0.00011637390227541811
17788.0	21.0	1.0	0.0	6.11391067504859e-05
17809.0	21.0	1.0	0.0	3.40835934593564e-05
17830.0	21.0	1.0	0.0	0.00013782569340295013
17851.0	21.0	1.0	0.0	0.0014893743424188046
17872.0	21.0	1.0	0.0	0.003553637186686147
17893.0	21.0	1.0	0.0	0.005145557585216662
17914.0	21.0	1.0	0.0	0.0018277101062592572
17935.0	21.0	1.0	0.0	0.0037327721005393907
17956.0	21.0	1.0	0.0	0.004318526495070643
17977.0	21.0	1.0	0.0	0.0020986953008742186
17998.0	21.0	1.0	0.0	0.0040461934407551815
18019.0	21.0	1.0	0.0	0.001668172200520805
18040.0	21.0	1.0	0.0	0.0006260899135044429
18061.0	21.0	1.0	0.0	0.00015729050409224758
18082.0	21.0	1.0	0.0	5.703590029761905e-05
18103.0	21.0	1.0	0.0	3.459179827145168e-05
18124.0	21.0	1.0	0.0	1.8537125417164395e-05
18145.0	21.0	1.0	0.0	1.2407739957173668e-05
18166.0	21.0	1.0	0.0	9.13832868848528e-06
18187.0	21.0	1.0	0.0	7.628497623260813e-05
18208.0	21.0	1.0	0.0	0.001213759149823825
18229.0	21.0	1.0	0.0	0.010687794367472291
18250.0	13.0	1.0	0.0	0.0027188204251802463
