stress_period	sp_length	time_step	study (0 : TS or 1 : SS)	rech
0.0	1.0	1.0	1.0	0.0008355622188905548
5480.0	45.0	1.0	0.0	4.155555555555556e-05
5525.0	45.0	1.0	0.0	2.666666666666667e-06
5570.0	45.0	1.0	0.0	0.00010377777777777775
5615.0	45.0	1.0	0.0	0.0012746666666666668
5660.0	45.0	1.0	0.0	0.0009417777777777779
5705.0	45.0	1.0	0.0	0.0016215555555555553
5750.0	45.0	1.0	0.0	0.00014822222222222222
5795.0	45.0	1.0	0.0	0.0001091111111111111
5840.0	45.0	1.0	0.0	6.111111111111112e-05
1502.0	45.0	1.0	0.0	0.0027980000000000006
1547.0	45.0	1.0	0.0	0.0034671111111111113
1592.0	45.0	1.0	0.0	0.0009173333333333332
1637.0	45.0	1.0	0.0	0.001546888888888889
1682.0	45.0	1.0	0.0	0.001892222222222222
1727.0	45.0	1.0	0.0	0.00010933333333333333
1772.0	45.0	1.0	0.0	2.777777777777778e-05
1817.0	45.0	1.0	0.0	1.3111111111111111e-05
3688.0	45.0	1.0	0.0	0.00022311111111111113
3733.0	45.0	1.0	0.0	0.0011073333333333332
3778.0	45.0	1.0	0.0	0.0030168888888888875
3823.0	45.0	1.0	0.0	0.0017419999999999996
3868.0	45.0	1.0	0.0	0.001730888888888888
3913.0	45.0	1.0	0.0	0.002317333333333333
3958.0	45.0	1.0	0.0	0.0007433333333333338
4003.0	45.0	1.0	0.0	0.00015044444444444445
13544.0	45.0	1.0	0.0	2.4888888888888886e-05
13589.0	45.0	1.0	0.0	3.444444444444444e-05
13634.0	45.0	1.0	0.0	0.0003708888888888888
13679.0	45.0	1.0	0.0	0.0011433333333333334
13724.0	45.0	1.0	0.0	0.0006408888888888891
13769.0	45.0	1.0	0.0	0.00020399999999999997
13814.0	45.0	1.0	0.0	0.0001242222222222222
13859.0	45.0	1.0	0.0	5.777777777777778e-05
4043.0	45.0	1.0	0.0	0.00022066666666666662
4088.0	45.0	1.0	0.0	0.002161333333333333
4133.0	45.0	1.0	0.0	0.0033386666666666677
4178.0	45.0	1.0	0.0	0.0014651111111111115
4223.0	45.0	1.0	0.0	0.0011257777777777776
4268.0	45.0	1.0	0.0	4.8e-05
4313.0	45.0	1.0	0.0	0.00012044444444444444
4358.0	45.0	1.0	0.0	0.00012977777777777776
11708.0	45.0	1.0	0.0	6.488888888888888e-05
11753.0	45.0	1.0	0.0	0.001055111111111111
11798.0	45.0	1.0	0.0	0.002581333333333334
11843.0	45.0	1.0	0.0	0.0024091111111111106
11888.0	45.0	1.0	0.0	0.0004553333333333333
11933.0	45.0	1.0	0.0	2.466666666666667e-05
11978.0	45.0	1.0	0.0	4.177777777777778e-05
12023.0	45.0	1.0	0.0	2.822222222222223e-05
745.0	45.0	1.0	0.0	1.8444444444444445e-05
790.0	45.0	1.0	0.0	6.333333333333333e-05
835.0	45.0	1.0	0.0	0.0007504444444444443
880.0	45.0	1.0	0.0	0.0010864444444444446
925.0	45.0	1.0	0.0	0.0010144444444444443
970.0	45.0	1.0	0.0	0.0001413333333333333
1015.0	45.0	1.0	0.0	0.00019155555555555554
1060.0	45.0	1.0	0.0	0.00016155555555555557
14984.0	45.0	1.0	0.0	7.377777777777779e-05
15029.0	45.0	1.0	0.0	2.2444444444444447e-05
15074.0	45.0	1.0	0.0	0.0007395555555555555
15119.0	45.0	1.0	0.0	0.0018997777777777778
15164.0	45.0	1.0	0.0	0.00013177777777777778
15209.0	45.0	1.0	0.0	0.00015888888888888886
15254.0	45.0	1.0	0.0	0.00014644444444444443
15299.0	45.0	1.0	0.0	8.066666666666667e-05
2926.0	45.0	1.0	0.0	3.288888888888889e-05
2971.0	45.0	1.0	0.0	1.755555555555556e-05
3016.0	45.0	1.0	0.0	9.400000000000001e-05
3061.0	45.0	1.0	0.0	0.0006902222222222223
3106.0	45.0	1.0	0.0	0.0031242222222222214
3151.0	45.0	1.0	0.0	0.0012671111111111112
3196.0	45.0	1.0	0.0	0.0008080000000000002
3241.0	45.0	1.0	0.0	6.4444444444444445e-06
3286.0	45.0	1.0	0.0	3.8222222222222226e-05
2601.0	45.0	1.0	0.0	4.3555555555555565e-05
2646.0	45.0	1.0	0.0	0.0009539999999999999
2691.0	45.0	1.0	0.0	0.0019122222222222218
2736.0	45.0	1.0	0.0	0.0036766666666666675
2781.0	45.0	1.0	0.0	0.0017904444444444448
2826.0	45.0	1.0	0.0	0.00028066666666666664
2871.0	45.0	1.0	0.0	9.444444444444443e-05
2916.0	45.0	1.0	0.0	6.311111111111112e-05
9535.0	45.0	1.0	0.0	4.9777777777777785e-05
9580.0	45.0	1.0	0.0	0.0008828888888888888
9625.0	45.0	1.0	0.0	0.0011171111111111106
9670.0	45.0	1.0	0.0	0.0012102222222222223
9715.0	45.0	1.0	0.0	1.3777777777777778e-05
9760.0	45.0	1.0	0.0	0.00010866666666666667
9805.0	45.0	1.0	0.0	0.00010799999999999997
9850.0	45.0	1.0	0.0	1.8444444444444448e-05
8434.0	45.0	1.0	0.0	0.0016782222222222222
8479.0	45.0	1.0	0.0	0.0007191111111111111
8524.0	45.0	1.0	0.0	0.005069777777777779
8569.0	45.0	1.0	0.0	0.0031337777777777774
8614.0	45.0	1.0	0.0	0.0016562222222222221
8659.0	45.0	1.0	0.0	0.0017013333333333333
8704.0	45.0	1.0	0.0	0.00030577777777777775
8749.0	45.0	1.0	0.0	1.2888888888888889e-05
12081.0	45.0	1.0	0.0	2.0222222222222225e-05
12126.0	45.0	1.0	0.0	0.00012222222222222224
12171.0	45.0	1.0	0.0	0.0007377777777777777
12216.0	45.0	1.0	0.0	0.0024515555555555545
12261.0	45.0	1.0	0.0	0.00027155555555555554
12306.0	45.0	1.0	0.0	0.00013000000000000002
12351.0	45.0	1.0	0.0	3.244444444444445e-05
12396.0	45.0	1.0	0.0	4.955555555555557e-05
5867.0	45.0	1.0	0.0	0.00010866666666666667
5912.0	45.0	1.0	0.0	0.0006282222222222222
5957.0	45.0	1.0	0.0	0.002987333333333333
6002.0	45.0	1.0	0.0	0.000607111111111111
6047.0	45.0	1.0	0.0	0.001099333333333333
6092.0	45.0	1.0	0.0	0.0001137777777777778
6137.0	45.0	1.0	0.0	0.00010244444444444443
6182.0	45.0	1.0	0.0	0.00010088888888888886
6592.0	45.0	1.0	0.0	4.355555555555555e-05
6637.0	45.0	1.0	0.0	8.511111111111113e-05
6682.0	45.0	1.0	0.0	0.00018955555555555547
6727.0	45.0	1.0	0.0	0.0003204444444444445
6772.0	45.0	1.0	0.0	0.002601777777777778
6817.0	45.0	1.0	0.0	0.00011399999999999998
6862.0	45.0	1.0	0.0	1.755555555555556e-05
6907.0	45.0	1.0	0.0	3.911111111111111e-05
9874.0	45.0	1.0	0.0	2.5777777777777778e-05
9919.0	45.0	1.0	0.0	9.977777777777777e-05
9964.0	45.0	1.0	0.0	0.00043533333333333325
10009.0	45.0	1.0	0.0	0.0026937777777777784
10054.0	45.0	1.0	0.0	0.00010866666666666667
10099.0	45.0	1.0	0.0	0.001532
10144.0	45.0	1.0	0.0	9.844444444444444e-05
10189.0	45.0	1.0	0.0	2.8444444444444447e-05
10599.0	45.0	1.0	0.0	3.244444444444444e-05
10644.0	45.0	1.0	0.0	0.00018955555555555555
10689.0	45.0	1.0	0.0	0.0020295555555555553
10734.0	45.0	1.0	0.0	0.0031071111111111104
10779.0	45.0	1.0	0.0	0.0014615555555555554
10824.0	45.0	1.0	0.0	0.00025222222222222226
10869.0	45.0	1.0	0.0	0.00023666666666666665
10914.0	45.0	1.0	0.0	6.333333333333335e-05
10594.0	45.0	1.0	0.0	2.7555555555555555e-05
10639.0	45.0	1.0	0.0	0.00014933333333333335
10684.0	45.0	1.0	0.0	0.0012175555555555555
10729.0	45.0	1.0	0.0	0.003928666666666666
10774.0	45.0	1.0	0.0	0.001498
10819.0	45.0	1.0	0.0	0.00025222222222222226
10864.0	45.0	1.0	0.0	0.00023666666666666665
10909.0	45.0	1.0	0.0	5.5111111111111124e-05
10954.0	45.0	1.0	0.0	3.755555555555557e-05
772.0	45.0	1.0	0.0	2e-05
817.0	45.0	1.0	0.0	0.0003248888888888889
862.0	45.0	1.0	0.0	0.0006248888888888889
907.0	45.0	1.0	0.0	0.0019415555555555555
952.0	45.0	1.0	0.0	5.044444444444445e-05
997.0	45.0	1.0	0.0	0.0002566666666666666
1042.0	45.0	1.0	0.0	0.00016888888888888889
1087.0	45.0	1.0	0.0	2.2444444444444447e-05
14281.0	45.0	1.0	0.0	3.711111111111111e-05
14326.0	45.0	1.0	0.0	0.0013917777777777776
14371.0	45.0	1.0	0.0	0.0023973333333333333
14416.0	45.0	1.0	0.0	0.001996
14461.0	45.0	1.0	0.0	0.0003488888888888889
14506.0	45.0	1.0	0.0	1.2444444444444443e-05
14551.0	45.0	1.0	0.0	5.555555555555556e-06
14596.0	45.0	1.0	0.0	5.1111111111111115e-06
4779.0	45.0	1.0	0.0	6.666666666666666e-05
4824.0	45.0	1.0	0.0	9.066666666666667e-05
4869.0	45.0	1.0	0.0	0.00040444444444444447
4914.0	45.0	1.0	0.0	0.003169111111111111
4959.0	45.0	1.0	0.0	0.0005413333333333334
5004.0	45.0	1.0	0.0	9.844444444444444e-05
5049.0	45.0	1.0	0.0	1.7777777777777777e-05
5094.0	45.0	1.0	0.0	5.777777777777779e-06
7696.0	45.0	1.0	0.0	4.066666666666667e-05
7741.0	45.0	1.0	0.0	0.0003759999999999999
7786.0	45.0	1.0	0.0	0.0005566666666666667
7831.0	45.0	1.0	0.0	0.00048244444444444447
7876.0	45.0	1.0	0.0	0.000116
7921.0	45.0	1.0	0.0	0.00014466666666666667
7966.0	45.0	1.0	0.0	0.00010111111111111109
8011.0	45.0	1.0	0.0	2.355555555555556e-05
13900.0	45.0	1.0	0.0	6.044444444444445e-05
13945.0	45.0	1.0	0.0	0.0003648888888888889
13990.0	45.0	1.0	0.0	0.002105333333333334
14035.0	45.0	1.0	0.0	0.002018
14080.0	45.0	1.0	0.0	0.0003328888888888889
14125.0	45.0	1.0	0.0	0.0001428888888888889
14170.0	45.0	1.0	0.0	7.022222222222224e-05
14215.0	45.0	1.0	0.0	9.11111111111111e-06
12068.0	45.0	1.0	0.0	1.777777777777778e-06
12113.0	45.0	1.0	0.0	6.511111111111112e-05
12158.0	45.0	1.0	0.0	0.00026777777777777775
12203.0	45.0	1.0	0.0	0.002988444444444444
12248.0	45.0	1.0	0.0	0.0002495555555555556
12293.0	45.0	1.0	0.0	0.00016066666666666665
12338.0	45.0	1.0	0.0	1.8000000000000004e-05
12383.0	45.0	1.0	0.0	4.755555555555557e-05
10237.0	45.0	1.0	0.0	8.266666666666667e-05
10282.0	45.0	1.0	0.0	0.0018126666666666664
10327.0	45.0	1.0	0.0	0.002919777777777778
10372.0	45.0	1.0	0.0	0.0030739999999999995
10417.0	45.0	1.0	0.0	0.002274
10462.0	45.0	1.0	0.0	0.00039266666666666665
10507.0	45.0	1.0	0.0	0.00012222222222222224
10552.0	45.0	1.0	0.0	1.2e-05
8406.0	45.0	1.0	0.0	0.00016088888888888888
8451.0	45.0	1.0	0.0	0.0018037777777777778
8496.0	45.0	1.0	0.0	0.002035111111111111
8541.0	45.0	1.0	0.0	0.004917999999999999
8586.0	45.0	1.0	0.0	0.002077111111111111
8631.0	45.0	1.0	0.0	0.001450222222222222
8676.0	45.0	1.0	0.0	0.001793111111111111
8721.0	45.0	1.0	0.0	5.155555555555555e-05
8766.0	45.0	1.0	0.0	3.2000000000000005e-05
775.0	45.0	1.0	0.0	2.1555555555555555e-05
820.0	45.0	1.0	0.0	0.000462
865.0	45.0	1.0	0.0	0.0006248888888888889
910.0	45.0	1.0	0.0	0.0018022222222222224
955.0	45.0	1.0	0.0	7.999999999999999e-05
1000.0	45.0	1.0	0.0	0.00022533333333333335
1045.0	45.0	1.0	0.0	0.00018088888888888888
1090.0	45.0	1.0	0.0	4.600000000000001e-05
5883.0	45.0	1.0	0.0	0.0001488888888888889
5928.0	45.0	1.0	0.0	0.0012495555555555554
5973.0	45.0	1.0	0.0	0.002712222222222222
6018.0	45.0	1.0	0.0	0.0006173333333333331
6063.0	45.0	1.0	0.0	0.0007597777777777778
6108.0	45.0	1.0	0.0	4.133333333333334e-05
6153.0	45.0	1.0	0.0	0.00016488888888888892
6198.0	45.0	1.0	0.0	3.377777777777779e-05
10261.0	45.0	1.0	0.0	0.00018755555555555558
10306.0	45.0	1.0	0.0	0.0031277777777777775
10351.0	45.0	1.0	0.0	0.0033726666666666666
10396.0	45.0	1.0	0.0	0.002656444444444444
10441.0	45.0	1.0	0.0	0.0009244444444444447
10486.0	45.0	1.0	0.0	0.0003668888888888888
10531.0	45.0	1.0	0.0	4.266666666666666e-05
10576.0	45.0	1.0	0.0	8.888888888888888e-06
14274.0	45.0	1.0	0.0	3.488888888888889e-05
14319.0	45.0	1.0	0.0	0.0009262222222222223
14364.0	45.0	1.0	0.0	0.002412888888888889
14409.0	45.0	1.0	0.0	0.0016317777777777782
14454.0	45.0	1.0	0.0	0.0011662222222222226
14499.0	45.0	1.0	0.0	8.222222222222222e-06
14544.0	45.0	1.0	0.0	9.333333333333334e-06
14589.0	45.0	1.0	0.0	6.000000000000001e-06
9520.0	45.0	1.0	0.0	3.1555555555555564e-05
9565.0	45.0	1.0	0.0	0.00016577777777777782
9610.0	45.0	1.0	0.0	0.001832888888888889
9655.0	45.0	1.0	0.0	0.0009542222222222222
9700.0	45.0	1.0	0.0	0.000298
9745.0	45.0	1.0	0.0	9.866666666666668e-05
9790.0	45.0	1.0	0.0	0.00011799999999999997
9835.0	45.0	1.0	0.0	1.4e-05
8419.0	45.0	1.0	0.0	0.00033733333333333337
8464.0	45.0	1.0	0.0	0.001935111111111111
8509.0	45.0	1.0	0.0	0.0035022222222222225
8554.0	45.0	1.0	0.0	0.003962
8599.0	45.0	1.0	0.0	0.0014800000000000004
8644.0	45.0	1.0	0.0	0.001274
8689.0	45.0	1.0	0.0	0.0017446666666666665
8734.0	45.0	1.0	0.0	5.822222222222224e-05
4396.0	45.0	1.0	0.0	5.822222222222223e-05
4441.0	45.0	1.0	0.0	0.001843999999999999
4486.0	45.0	1.0	0.0	0.004511555555555556
4531.0	45.0	1.0	0.0	0.0017386666666666668
4576.0	45.0	1.0	0.0	0.0007695555555555554
4621.0	45.0	1.0	0.0	0.0009773333333333335
4666.0	45.0	1.0	0.0	0.0008151111111111111
4711.0	45.0	1.0	0.0	4.577777777777778e-05
373.0	45.0	1.0	0.0	5.666666666666668e-05
418.0	45.0	1.0	0.0	3.733333333333334e-05
463.0	45.0	1.0	0.0	0.000651111111111111
508.0	45.0	1.0	0.0	0.0023157777777777773
553.0	45.0	1.0	0.0	0.0027715555555555558
598.0	45.0	1.0	0.0	0.0004768888888888888
643.0	45.0	1.0	0.0	0.0005311111111111109
688.0	45.0	1.0	0.0	4.955555555555556e-05
6577.0	45.0	1.0	0.0	3.7555555555555554e-05
6622.0	45.0	1.0	0.0	9.177777777777776e-05
6667.0	45.0	1.0	0.0	0.00018199999999999998
6712.0	45.0	1.0	0.0	0.00030311111111111115
6757.0	45.0	1.0	0.0	0.0019853333333333333
6802.0	45.0	1.0	0.0	0.000738222222222222
6847.0	45.0	1.0	0.0	3.2888888888888894e-05
6892.0	45.0	1.0	0.0	3.355555555555556e-05
6937.0	45.0	1.0	0.0	4.133333333333333e-05
3329.0	45.0	1.0	0.0	8.622222222222222e-05
3374.0	45.0	1.0	0.0	0.0019155555555555555
3419.0	45.0	1.0	0.0	0.004756444444444444
3464.0	45.0	1.0	0.0	0.0019386666666666662
3509.0	45.0	1.0	0.0	0.0009408888888888887
3554.0	45.0	1.0	0.0	6.222222222222222e-05
3599.0	45.0	1.0	0.0	0.00022
3644.0	45.0	1.0	0.0	1.6000000000000003e-05
14647.0	45.0	1.0	0.0	0.0001248888888888889
14692.0	45.0	1.0	0.0	0.0014164444444444443
14737.0	45.0	1.0	0.0	0.0016740000000000006
14782.0	45.0	1.0	0.0	0.0008286666666666668
14827.0	45.0	1.0	0.0	5.6222222222222237e-05
14872.0	45.0	1.0	0.0	3.555555555555556e-06
14917.0	45.0	1.0	0.0	4.755555555555557e-05
14962.0	45.0	1.0	0.0	3.355555555555556e-05
14277.0	45.0	1.0	0.0	3.488888888888889e-05
14322.0	45.0	1.0	0.0	0.0011215555555555555
14367.0	45.0	1.0	0.0	0.0023693333333333327
14412.0	45.0	1.0	0.0	0.0018437777777777775
14457.0	45.0	1.0	0.0	0.0008024444444444445
14502.0	45.0	1.0	0.0	8.88888888888889e-06
14547.0	45.0	1.0	0.0	8.666666666666666e-06
14592.0	45.0	1.0	0.0	1.1333333333333334e-05
10984.0	45.0	1.0	0.0	0.0001488888888888889
11029.0	45.0	1.0	0.0	0.005410444444444444
11074.0	45.0	1.0	0.0	0.0033
11119.0	45.0	1.0	0.0	0.0032988888888888894
11164.0	45.0	1.0	0.0	0.002463777777777778
11209.0	45.0	1.0	0.0	0.0007948888888888888
11254.0	45.0	1.0	0.0	6.4444444444444445e-06
11299.0	45.0	1.0	0.0	2.7555555555555555e-05
13170.0	45.0	1.0	0.0	0.00010355555555555556
13215.0	45.0	1.0	0.0	0.00011133333333333339
13260.0	45.0	1.0	0.0	0.002229777777777777
13305.0	45.0	1.0	0.0	0.0016064444444444442
13350.0	45.0	1.0	0.0	0.0014731111111111108
13395.0	45.0	1.0	0.0	8.777777777777778e-05
13440.0	45.0	1.0	0.0	0.0001731111111111111
13485.0	45.0	1.0	0.0	0.0001668888888888889
5495.0	45.0	1.0	0.0	2.8444444444444447e-05
5540.0	45.0	1.0	0.0	2.6222222222222222e-05
5585.0	45.0	1.0	0.0	0.0001433333333333333
5630.0	45.0	1.0	0.0	0.001634444444444445
5675.0	45.0	1.0	0.0	0.0008984444444444443
5720.0	45.0	1.0	0.0	0.0013171111111111111
5765.0	45.0	1.0	0.0	0.0001366666666666667
5810.0	45.0	1.0	0.0	5.644444444444446e-05
6220.0	45.0	1.0	0.0	4.022222222222223e-05
6265.0	45.0	1.0	0.0	0.00023844444444444445
6310.0	45.0	1.0	0.0	0.0017491111111111112
6355.0	45.0	1.0	0.0	0.003692444444444444
6400.0	45.0	1.0	0.0	0.0017688888888888893
6445.0	45.0	1.0	0.0	0.00047466666666666653
6490.0	45.0	1.0	0.0	6.777777777777777e-05
6535.0	40.0	1.0	0.0	3.9e-05
