stress_period	sp_length	time_step	study (0 : TS or 1 : SS)	rech
0.0	1.0	1.0	1.0	0.00019278781999037598
1.0	125.0	1.0	0.0	0.0003324190673827697
126.0	125.0	1.0	0.0	5.153264808654542e-05
251.0	125.0	1.0	0.0	2.15528182983378e-05
376.0	125.0	1.0	0.0	0.00011398013114927394
501.0	125.0	1.0	0.0	2.997983717918071e-05
626.0	125.0	1.0	0.0	0.00011830718064305892
751.0	125.0	1.0	0.0	0.00019602908325193358
876.0	125.0	1.0	0.0	1.1417600572108174e-05
1001.0	125.0	1.0	0.0	4.067960548400357e-05
1126.0	125.0	1.0	0.0	3.023302459716482e-05
1251.0	125.0	1.0	0.0	3.675123214721679e-06
1376.0	125.0	1.0	0.0	5.085294532775217e-05
1501.0	125.0	1.0	0.0	0.00012864976501463293
1626.0	125.0	1.0	0.0	4.2462695598599514e-05
1751.0	125.0	1.0	0.0	0.0003188987236022669
1876.0	125.0	1.0	0.0	0.00013814672851560574
2001.0	125.0	1.0	0.0	7.026759338378427e-05
2126.0	125.0	1.0	0.0	0.0004223437957763225
2251.0	125.0	1.0	0.0	0.00037670108032222084
2376.0	125.0	1.0	0.0	1.4331301212310784e-05
2501.0	125.0	1.0	0.0	0.0001605187211036508
2626.0	125.0	1.0	0.0	1.8428222656249673e-05
2751.0	125.0	1.0	0.0	0.0001163704606592559
2876.0	125.0	1.0	0.0	0.0009614772415160643
3001.0	125.0	1.0	0.0	0.00024253894042966382
3126.0	125.0	1.0	0.0	3.119029235839382e-05
3251.0	125.0	1.0	0.0	0.0013085356597899915
3376.0	125.0	1.0	0.0	0.0003087851772606207
3501.0	125.0	1.0	0.0	5.7987458676093145e-05
3626.0	125.0	1.0	0.0	0.0005925667800902927
3751.0	125.0	1.0	0.0	9.60411366522152e-05
3876.0	125.0	1.0	0.0	7.284826764463625e-05
4001.0	125.0	1.0	0.0	0.0002279447326659841
4126.0	125.0	1.0	0.0	1.3517580866812899e-05
4251.0	125.0	1.0	0.0	9.129494202136151e-05
4376.0	125.0	1.0	0.0	0.00035974637603755215
4501.0	125.0	1.0	0.0	2.8125713825221276e-05
4626.0	125.0	1.0	0.0	0.0004522815432548286
4751.0	125.0	1.0	0.0	0.0007005674743651902
4876.0	125.0	1.0	0.0	7.402559542655012e-05
5001.0	125.0	1.0	0.0	6.298829007148257e-05
5126.0	125.0	1.0	0.0	0.00021169927978511818
5251.0	125.0	1.0	0.0	8.910304427146914e-06
5376.0	125.0	1.0	0.0	0.0005162777143716519
5501.0	125.0	1.0	0.0	0.0005299660644530984
5626.0	125.0	1.0	0.0	5.2672614574429806e-05
5751.0	125.0	1.0	0.0	4.4278793334956815e-05
5876.0	125.0	1.0	0.0	0.00019574817657467912
6001.0	125.0	1.0	0.0	9.646896123885458e-06
6126.0	125.0	1.0	0.0	3.788542580604004e-05
6251.0	125.0	1.0	0.0	5.506317138671872e-06
6376.0	125.0	1.0	0.0	1.7542181015014642e-06
6501.0	125.0	1.0	0.0	0.0008785266312360505
6626.0	125.0	1.0	0.0	0.0003031459350585724
6751.0	125.0	1.0	0.0	6.861182403563871e-05
6876.0	125.0	1.0	0.0	0.0005066298751830675
7001.0	125.0	1.0	0.0	0.0004555117187499761
7126.0	125.0	1.0	0.0	7.399299144744579e-06
7251.0	125.0	1.0	0.0	0.00022256328630444874
7376.0	125.0	1.0	0.0	6.587207031248519e-05
7501.0	125.0	1.0	0.0	1.0057596206663672e-05
7626.0	125.0	1.0	0.0	6.484207725524028e-05
7751.0	125.0	1.0	0.0	2.7257034301755365e-05
7876.0	125.0	1.0	0.0	2.8071168899532397e-05
8001.0	125.0	1.0	0.0	0.00010983698081968694
8126.0	125.0	1.0	0.0	2.6920381575820497e-05
8251.0	125.0	1.0	0.0	1.4540889739988603e-05
8376.0	125.0	1.0	0.0	5.0153543472284095e-05
8501.0	125.0	1.0	0.0	1.0237691879272462e-05
8626.0	125.0	1.0	0.0	4.170336723326924e-05
8751.0	125.0	1.0	0.0	0.0002431871910094882
8876.0	125.0	1.0	0.0	3.817918622493026e-05
9001.0	125.0	1.0	0.0	0.0005721452461480845
9126.0	125.0	1.0	0.0	0.001046611267089813
9251.0	125.0	1.0	0.0	1.1391422331333159e-05
9376.0	125.0	1.0	0.0	4.817808908223244e-05
9501.0	125.0	1.0	0.0	3.209203338623047e-05
9626.0	125.0	1.0	0.0	3.7284333944315476e-05
9751.0	125.0	1.0	0.0	5.707192087172765e-05
9876.0	125.0	1.0	0.0	4.4836555480953236e-05
10001.0	125.0	1.0	0.0	4.247841000556944e-06
10126.0	125.0	1.0	0.0	0.0005156993104219182
10251.0	125.0	1.0	0.0	0.0001194549560546669
10376.0	125.0	1.0	0.0	1.0983832120894818e-05
10501.0	125.0	1.0	0.0	8.198632907866125e-05
10626.0	125.0	1.0	0.0	9.782392120359095e-05
10751.0	125.0	1.0	0.0	5.564144611358642e-06
10876.0	125.0	1.0	0.0	0.00014483453702925732
11001.0	125.0	1.0	0.0	0.0003429620666503617
11126.0	125.0	1.0	0.0	4.7424960613245475e-05
11251.0	125.0	1.0	0.0	0.0004104746360778544
11376.0	125.0	1.0	0.0	0.00014611334228513832
11501.0	125.0	1.0	0.0	4.533958196640015e-06
11626.0	125.0	1.0	0.0	3.0512993097303128e-05
11751.0	125.0	1.0	0.0	6.7413978576660175e-06
11876.0	125.0	1.0	0.0	2.603251057863198e-05
12001.0	125.0	1.0	0.0	0.00027616436576838874
12126.0	125.0	1.0	0.0	7.45175170898238e-05
12251.0	125.0	1.0	0.0	2.446795463561839e-05
12376.0	125.0	1.0	0.0	7.258567237852665e-05
12501.0	125.0	1.0	0.0	7.350049591062569e-05
12626.0	125.0	1.0	0.0	1.3996938705444231e-05
12751.0	125.0	1.0	0.0	0.0005976886997222445
12876.0	125.0	1.0	0.0	5.890999667345619e-05
13001.0	125.0	1.0	0.0	5.446890667080627e-06
13126.0	125.0	1.0	0.0	1.246134424209485e-05
13251.0	125.0	1.0	0.0	8.573029294610016e-06
13376.0	125.0	1.0	0.0	9.655990824103148e-06
13501.0	125.0	1.0	0.0	8.480647754667893e-05
13626.0	125.0	1.0	0.0	3.240445882081699e-05
13751.0	125.0	1.0	0.0	2.1808990657327925e-05
13876.0	125.0	1.0	0.0	5.4018552780144355e-05
14001.0	125.0	1.0	0.0	6.998713254928588e-06
14126.0	125.0	1.0	0.0	0.0006090725983381005
14251.0	125.0	1.0	0.0	0.0001670604248046499
14376.0	125.0	1.0	0.0	5.940389394760133e-06
14501.0	125.0	1.0	0.0	4.097174286842026e-05
14626.0	125.0	1.0	0.0	0.00014598213958736615
14751.0	125.0	1.0	0.0	7.885383129119867e-06
14876.0	125.0	1.0	0.0	0.0003704755787849174
15001.0	125.0	1.0	0.0	0.00044544284057614146
15126.0	125.0	1.0	0.0	2.7878797650334367e-05
15251.0	125.0	1.0	0.0	0.0014535657825469482
15376.0	125.0	1.0	0.0	0.0017960021972655902
15501.0	125.0	1.0	0.0	3.7051647186276624e-05
15626.0	125.0	1.0	0.0	0.0011371893215179024
15751.0	125.0	1.0	0.0	0.000247199462890598
15876.0	125.0	1.0	0.0	8.891223907470581e-06
16001.0	125.0	1.0	0.0	3.301937866210463e-05
16126.0	125.0	1.0	0.0	3.259648513793615e-05
16251.0	125.0	1.0	0.0	2.2901748538014114e-05
16376.0	125.0	1.0	0.0	0.00041987322998043934
16501.0	125.0	1.0	0.0	0.00029384695434568685
16626.0	125.0	1.0	0.0	9.585147094725912e-05
16751.0	125.0	1.0	0.0	0.00021523208618159286
16876.0	125.0	1.0	0.0	8.941967773435878e-05
17001.0	125.0	1.0	0.0	8.107423305511476e-06
17126.0	125.0	1.0	0.0	0.00027465264749523165
17251.0	125.0	1.0	0.0	6.703387451171118e-05
17376.0	125.0	1.0	0.0	5.541641998290474e-05
17501.0	125.0	1.0	0.0	2.340061187743947e-05
17626.0	125.0	1.0	0.0	1.5529625833034508e-05
17751.0	125.0	1.0	0.0	0.00016127949410675945
17876.0	125.0	1.0	0.0	0.0011452316741942898
18001.0	125.0	1.0	0.0	2.661150529980379e-05
18126.0	125.0	1.0	0.0	8.977429792284212e-05
18251.0	12.0	1.0	0.0	0.0004775094985961333
