stress_period	sp_length	time_step	study (0 : TS or 1 : SS)	rech
0.0	1.0	1.0	1.0	0.00019278781999037598
1.0	30.0	1.0	0.0	0.00045823326110835006
31.0	30.0	1.0	0.0	0.0005206132253010566
61.0	30.0	1.0	0.0	0.0002942415873209133
91.0	30.0	1.0	0.0	0.00010347595214840852
121.0	30.0	1.0	0.0	3.277816772460937e-05
151.0	30.0	1.0	0.0	0.0001505490620930888
181.0	30.0	1.0	0.0	2.5078328450520833e-05
211.0	30.0	1.0	0.0	1.2431553006172183e-05
241.0	30.0	1.0	0.0	6.067141890525815e-06
271.0	30.0	1.0	0.0	8.898067474365234e-06
301.0	30.0	1.0	0.0	3.5172204176584883e-06
331.0	30.0	1.0	0.0	4.848488767941321e-05
361.0	30.0	1.0	0.0	6.12471580505324e-05
391.0	30.0	1.0	0.0	0.00017306907971695258
421.0	30.0	1.0	0.0	0.00010571915308632603
451.0	30.0	1.0	0.0	6.045357386270959e-05
481.0	30.0	1.0	0.0	0.00016877975463865238
511.0	30.0	1.0	0.0	3.361034393310547e-05
541.0	30.0	1.0	0.0	1.2027867635091143e-05
571.0	30.0	1.0	0.0	6.13332986831665e-06
601.0	30.0	1.0	0.0	4.65155045191447e-06
631.0	30.0	1.0	0.0	5.4972743988026305e-05
661.0	30.0	1.0	0.0	0.0001575715541839396
691.0	30.0	1.0	0.0	0.00013706943194069377
721.0	30.0	1.0	0.0	0.0001427080154418518
751.0	30.0	1.0	0.0	6.335570017496744e-05
781.0	30.0	1.0	0.0	0.0005171313603718671
811.0	30.0	1.0	0.0	0.00018439191182450298
841.0	30.0	1.0	0.0	4.808031717936199e-05
871.0	30.0	1.0	0.0	1.5834681193033853e-05
901.0	30.0	1.0	0.0	7.032012939453125e-06
931.0	30.0	1.0	0.0	5.515207846959432e-06
961.0	30.0	1.0	0.0	2.131397103269459e-05
991.0	30.0	1.0	0.0	0.00011307346026100514
1021.0	30.0	1.0	0.0	9.672149022420251e-06
1051.0	30.0	1.0	0.0	1.4757935206095377e-05
1081.0	30.0	1.0	0.0	2.221268018086751e-05
1111.0	30.0	1.0	0.0	2.7058871587117513e-05
1141.0	30.0	1.0	0.0	2.089651425679525e-05
1171.0	30.0	1.0	0.0	6.26382509867219e-05
1201.0	30.0	1.0	0.0	1.9544410705566406e-05
1231.0	30.0	1.0	0.0	9.952990214029946e-06
1261.0	30.0	1.0	0.0	5.565770467122398e-06
1291.0	30.0	1.0	0.0	3.3579903344313297e-06
1321.0	30.0	1.0	0.0	2.266260236501694e-06
1351.0	30.0	1.0	0.0	1.770169039567312e-06
1381.0	30.0	1.0	0.0	2.0486727853610875e-05
1411.0	30.0	1.0	0.0	5.470873316128745e-05
1441.0	30.0	1.0	0.0	8.209900856016664e-05
1471.0	30.0	1.0	0.0	5.431367556253544e-05
1501.0	30.0	1.0	0.0	6.465075810749731e-05
1531.0	30.0	1.0	0.0	6.078796386718248e-05
1561.0	30.0	1.0	0.0	0.0003196121533711275
1591.0	30.0	1.0	0.0	4.474474589029947e-05
1621.0	30.0	1.0	0.0	6.888046264647825e-05
1651.0	30.0	1.0	0.0	1.1008337636788686e-05
1681.0	30.0	1.0	0.0	5.643437802791595e-06
1711.0	30.0	1.0	0.0	0.00013166670401889912
1741.0	30.0	1.0	0.0	0.0001824417432148998
1771.0	30.0	1.0	0.0	0.00010176105499264553
1801.0	30.0	1.0	0.0	0.00010182113647458264
1831.0	30.0	1.0	0.0	0.00033502232233681764
1861.0	30.0	1.0	0.0	0.0008511646906534399
1891.0	30.0	1.0	0.0	0.00021167411804194665
1921.0	30.0	1.0	0.0	8.475557963052218e-05
1951.0	30.0	1.0	0.0	3.226140340169271e-05
1981.0	30.0	1.0	0.0	1.257425944010417e-05
2011.0	30.0	1.0	0.0	7.5652186448375355e-06
2041.0	30.0	1.0	0.0	4.002986910442511e-06
2071.0	30.0	1.0	0.0	1.0456046462055858e-05
2101.0	30.0	1.0	0.0	0.0003400827387968466
2131.0	30.0	1.0	0.0	0.0003160250663756767
2161.0	30.0	1.0	0.0	0.00022162405649817
2191.0	30.0	1.0	0.0	0.0001736323038736633
2221.0	30.0	1.0	0.0	0.0009760128021239734
2251.0	30.0	1.0	0.0	0.0006619790395100401
2281.0	30.0	1.0	0.0	0.00023829905192052664
2311.0	30.0	1.0	0.0	0.00045323206583653336
2341.0	30.0	1.0	0.0	0.00020582987467444522
2371.0	30.0	1.0	0.0	3.735911051432292e-05
2401.0	30.0	1.0	0.0	1.3085859020551044e-05
2431.0	30.0	1.0	0.0	6.545145312945048e-06
2461.0	30.0	1.0	0.0	1.0715502500534059e-05
2491.0	30.0	1.0	0.0	0.00020679990649222777
2521.0	30.0	1.0	0.0	0.00010798692703245998
2551.0	30.0	1.0	0.0	0.0001780534108479607
2581.0	30.0	1.0	0.0	0.0001452943166096651
2611.0	30.0	1.0	0.0	5.357081095377603e-05
2641.0	30.0	1.0	0.0	3.065656026204296e-05
2671.0	30.0	1.0	0.0	1.5105120340983074e-05
2701.0	30.0	1.0	0.0	7.425435384114581e-06
2731.0	30.0	1.0	0.0	4.142189025878906e-06
2761.0	30.0	1.0	0.0	4.0080921476080684e-05
2791.0	30.0	1.0	0.0	6.053622563680015e-06
2821.0	30.0	1.0	0.0	2.2936034202572146e-05
2851.0	30.0	1.0	0.0	0.0007299904982248565
2881.0	30.0	1.0	0.0	0.0007488477071125831
2911.0	30.0	1.0	0.0	0.00146307881673172
2941.0	30.0	1.0	0.0	0.0007315762837727301
2971.0	30.0	1.0	0.0	0.0007473017374674067
3001.0	30.0	1.0	0.0	0.0003951268513996966
3031.0	30.0	1.0	0.0	0.0004890034993489166
3061.0	30.0	1.0	0.0	9.860432942706959e-05
3091.0	30.0	1.0	0.0	2.5469970703125e-05
3121.0	30.0	1.0	0.0	2.0116169253985093e-05
3151.0	30.0	1.0	0.0	6.977694233258565e-06
3181.0	30.0	1.0	0.0	3.9171218872064476e-05
3211.0	30.0	1.0	0.0	1.2493014335632323e-05
3241.0	30.0	1.0	0.0	0.0013442574977874286
3271.0	30.0	1.0	0.0	0.00114039077758784
3301.0	30.0	1.0	0.0	0.0014959009806314672
3331.0	30.0	1.0	0.0	0.0008140569051106233
3361.0	30.0	1.0	0.0	0.0015137359619140233
3391.0	30.0	1.0	0.0	0.00040506642659500676
3421.0	30.0	1.0	0.0	5.5029296874997084e-05
3451.0	30.0	1.0	0.0	1.7744954427083334e-05
3481.0	30.0	1.0	0.0	8.468290666739148e-06
3511.0	30.0	1.0	0.0	5.593956510225932e-06
3541.0	30.0	1.0	0.0	6.917143364747365e-06
3571.0	30.0	1.0	0.0	0.00019685204426445413
3601.0	30.0	1.0	0.0	5.357465744017023e-05
3631.0	30.0	1.0	0.0	7.959663073220692e-05
3661.0	30.0	1.0	0.0	0.000224690977732287
3691.0	30.0	1.0	0.0	0.0007218428929646366
3721.0	30.0	1.0	0.0	0.0014193358103433802
3751.0	30.0	1.0	0.0	0.00030482101440423994
3781.0	30.0	1.0	0.0	6.869176228840147e-05
3811.0	30.0	1.0	0.0	1.7933909098307287e-05
3841.0	30.0	1.0	0.0	7.822786582012971e-06
3871.0	30.0	1.0	0.0	4.446327375868957e-06
3901.0	30.0	1.0	0.0	2.9454186558723446e-06
3931.0	30.0	1.0	0.0	2.1547714869181314e-06
3961.0	30.0	1.0	0.0	0.0001936920940875779
3991.0	30.0	1.0	0.0	0.0003712665716806652
4021.0	30.0	1.0	0.0	0.00046252593994134994
4051.0	30.0	1.0	0.0	0.00014660867055252743
4081.0	30.0	1.0	0.0	5.668309529622395e-05
4111.0	30.0	1.0	0.0	3.965568542480155e-05
4141.0	30.0	1.0	0.0	1.6193644205729172e-05
4171.0	30.0	1.0	0.0	8.026885986328124e-06
4201.0	30.0	1.0	0.0	4.330571492513021e-06
4231.0	30.0	1.0	0.0	2.9908838371435794e-06
4261.0	30.0	1.0	0.0	2.177514384190242e-06
4291.0	30.0	1.0	0.0	1.2934327125546623e-05
4321.0	30.0	1.0	0.0	7.167830069859822e-06
4351.0	30.0	1.0	0.0	0.0004011185665924903
4381.0	30.0	1.0	0.0	0.0007074529647826666
4411.0	30.0	1.0	0.0	0.00040912984212235014
4441.0	30.0	1.0	0.0	0.00017374738057449667
4471.0	30.0	1.0	0.0	0.00016461919148759313
4501.0	30.0	1.0	0.0	7.801818847654355e-05
4531.0	30.0	1.0	0.0	2.288017272949219e-05
4561.0	30.0	1.0	0.0	1.0096359252929691e-05
4591.0	30.0	1.0	0.0	5.459422369798025e-06
4621.0	30.0	1.0	0.0	3.6005750298500054e-06
4651.0	30.0	1.0	0.0	2.464661002159118e-06
4681.0	30.0	1.0	0.0	0.0003710303177435882
4711.0	30.0	1.0	0.0	0.00087348190943395
4741.0	30.0	1.0	0.0	0.00110935719807937
4771.0	30.0	1.0	0.0	0.00042538324991857996
4801.0	30.0	1.0	0.0	0.0009397623697916269
4831.0	30.0	1.0	0.0	0.0005871770222981333
4861.0	30.0	1.0	0.0	0.0006444442749023068
4891.0	30.0	1.0	0.0	0.00011158599853513457
4921.0	30.0	1.0	0.0	2.9021708170572915e-05
4951.0	30.0	1.0	0.0	1.109088510274887e-05
4981.0	30.0	1.0	0.0	3.110662450392882e-05
5011.0	30.0	1.0	0.0	9.230105082194012e-06
5041.0	30.0	1.0	0.0	4.015778303145968e-05
5071.0	30.0	1.0	0.0	0.0001588884512583267
5101.0	30.0	1.0	0.0	9.754797617593661e-05
5131.0	30.0	1.0	0.0	0.00034785315195713656
5161.0	30.0	1.0	0.0	0.00018868846893305328
5191.0	30.0	1.0	0.0	0.00022378781636551791
5221.0	30.0	1.0	0.0	5.158487955729168e-05
5251.0	30.0	1.0	0.0	1.91131591796875e-05
5281.0	30.0	1.0	0.0	8.426411946614584e-06
5311.0	30.0	1.0	0.0	6.0127396136522286e-06
5341.0	30.0	1.0	0.0	3.1509003291527438e-06
5371.0	30.0	1.0	0.0	2.3160070180892944e-06
5401.0	30.0	1.0	0.0	0.00016088074147697985
5431.0	30.0	1.0	0.0	0.0002999592145283756
5461.0	30.0	1.0	0.0	0.0012322844823201
5491.0	30.0	1.0	0.0	0.0016785180409748834
5521.0	30.0	1.0	0.0	0.0007282251993814701
5551.0	30.0	1.0	0.0	0.00017050552368161087
5581.0	30.0	1.0	0.0	6.851552327473582e-05
5611.0	30.0	1.0	0.0	3.0643208821614586e-05
5641.0	30.0	1.0	0.0	1.2789408365885418e-05
5671.0	30.0	1.0	0.0	1.7962461461623093e-05
5701.0	30.0	1.0	0.0	4.346932222445806e-06
5731.0	30.0	1.0	0.0	0.00020958671867845902
5761.0	30.0	1.0	0.0	1.7474381128946944e-05
5791.0	30.0	1.0	0.0	7.708967526752542e-05
5821.0	30.0	1.0	0.0	3.265450795491536e-05
5851.0	30.0	1.0	0.0	6.270249684651495e-05
5881.0	30.0	1.0	0.0	0.0004241553942361933
5911.0	30.0	1.0	0.0	0.0002462095896402533
5941.0	30.0	1.0	0.0	7.452926635740772e-05
5971.0	30.0	1.0	0.0	2.8004964192707915e-05
6001.0	30.0	1.0	0.0	2.286020914713271e-05
6031.0	30.0	1.0	0.0	9.36704631894827e-06
6061.0	30.0	1.0	0.0	4.504119294385115e-06
6091.0	30.0	1.0	0.0	3.0540262659390764e-06
6121.0	30.0	1.0	0.0	2.8576989968617768e-06
6151.0	30.0	1.0	0.0	0.00013293072581288922
6181.0	30.0	1.0	0.0	1.2785196304321287e-05
6211.0	30.0	1.0	0.0	7.495117187499999e-06
6241.0	30.0	1.0	0.0	6.129821141560872e-06
6271.0	30.0	1.0	0.0	4.871416091918946e-06
6301.0	30.0	1.0	0.0	3.7567615509033202e-06
6331.0	30.0	1.0	0.0	3.89542579650879e-06
6361.0	30.0	1.0	0.0	8.72395833333332e-06
6391.0	30.0	1.0	0.0	2.016162872314453e-06
6421.0	30.0	1.0	0.0	1.3535299648841225e-06
6451.0	30.0	1.0	0.0	1.0809919486443205e-06
6481.0	30.0	1.0	0.0	9.179825584093728e-07
6511.0	30.0	1.0	0.0	8.155215779939585e-05
6541.0	30.0	1.0	0.0	0.00012940148512520256
6571.0	30.0	1.0	0.0	0.0007930885314940974
6601.0	30.0	1.0	0.0	0.003045525741577103
6631.0	30.0	1.0	0.0	0.0006565144856770369
6661.0	30.0	1.0	0.0	0.00016430308024085417
6691.0	30.0	1.0	0.0	3.933054606119792e-05
6721.0	30.0	1.0	0.0	1.3623046875e-05
6751.0	30.0	1.0	0.0	1.0622660319010416e-05
6781.0	30.0	1.0	0.0	5.011139810085297e-06
6811.0	30.0	1.0	0.0	4.684118429819743e-06
6841.0	30.0	1.0	0.0	0.00024755430370567257
6871.0	30.0	1.0	0.0	0.00030250112215673855
6901.0	30.0	1.0	0.0	0.00013932660420730666
6931.0	30.0	1.0	0.0	8.897673288980255e-05
6961.0	30.0	1.0	0.0	0.0011600802103677898
6991.0	30.0	1.0	0.0	0.0018117949167886932
7021.0	30.0	1.0	0.0	0.0003826299031575034
7051.0	30.0	1.0	0.0	0.00010903116861976959
7081.0	30.0	1.0	0.0	2.653427124023437e-05
7111.0	30.0	1.0	0.0	1.0161844889322917e-05
7141.0	30.0	1.0	0.0	5.334828297297159e-06
7171.0	30.0	1.0	0.0	1.6505847374596955e-05
7201.0	30.0	1.0	0.0	3.2833437124888093e-06
7231.0	30.0	1.0	0.0	3.022374709447224e-06
7261.0	30.0	1.0	0.0	2.8056458632151283e-05
7291.0	30.0	1.0	0.0	0.0002442926128705
7321.0	30.0	1.0	0.0	0.00038964506785071765
7351.0	30.0	1.0	0.0	0.00030197849273676665
7381.0	30.0	1.0	0.0	0.00015180568695063337
7411.0	30.0	1.0	0.0	5.781656901041543e-05
7441.0	30.0	1.0	0.0	1.832758585611979e-05
7471.0	30.0	1.0	0.0	8.472442626953124e-06
7501.0	30.0	1.0	0.0	4.942485690116882e-06
7531.0	30.0	1.0	0.0	3.31408679485321e-06
7561.0	30.0	1.0	0.0	2.2816543777783713e-06
7591.0	30.0	1.0	0.0	2.3557781676446605e-05
7621.0	30.0	1.0	0.0	0.00017701752384499954
7651.0	30.0	1.0	0.0	3.9953168233235673e-05
7681.0	30.0	1.0	0.0	3.141350746154785e-05
7711.0	30.0	1.0	0.0	2.340437571207683e-05
7741.0	30.0	1.0	0.0	2.4100621541341154e-05
7771.0	30.0	1.0	0.0	2.2343158721923828e-05
7801.0	30.0	1.0	0.0	5.654290517170215e-05
7831.0	30.0	1.0	0.0	1.3311545054117836e-05
7861.0	30.0	1.0	0.0	5.947482337554297e-06
7891.0	30.0	1.0	0.0	3.4832191963990534e-06
7921.0	30.0	1.0	0.0	7.5034995873769116e-06
7951.0	30.0	1.0	0.0	7.634408275286358e-06
7981.0	30.0	1.0	0.0	0.00010686851739881866
8011.0	30.0	1.0	0.0	0.0001406191031137859
8041.0	30.0	1.0	0.0	5.61015764872233e-05
8071.0	30.0	1.0	0.0	3.3252811431884764e-05
8101.0	30.0	1.0	0.0	0.0002341601371764658
8131.0	30.0	1.0	0.0	5.4917907714843736e-05
8161.0	30.0	1.0	0.0	1.8324343363444014e-05
8191.0	30.0	1.0	0.0	8.145078023274738e-06
8221.0	30.0	1.0	0.0	1.329759769141576e-05
8251.0	30.0	1.0	0.0	6.207950909932456e-06
8281.0	30.0	1.0	0.0	3.94407788912387e-05
8311.0	30.0	1.0	0.0	7.319827874501547e-06
8341.0	30.0	1.0	0.0	5.9895594914754226e-06
8371.0	30.0	1.0	0.0	8.82611195246204e-05
8401.0	30.0	1.0	0.0	2.083861033121745e-05
8431.0	30.0	1.0	0.0	2.7120939890542702e-05
8461.0	30.0	1.0	0.0	6.47702217101988e-05
8491.0	30.0	1.0	0.0	2.4050140380859374e-05
8521.0	30.0	1.0	0.0	1.1650498708089189e-05
8551.0	30.0	1.0	0.0	5.5622736612955715e-06
8581.0	30.0	1.0	0.0	3.204917907714843e-06
8611.0	30.0	1.0	0.0	9.731016556421916e-06
8641.0	30.0	1.0	0.0	2.3722817500432336e-06
8671.0	30.0	1.0	0.0	2.7402767539019036e-05
8701.0	30.0	1.0	0.0	3.399045864740802e-05
8731.0	30.0	1.0	0.0	0.00013596085707343847
8761.0	30.0	1.0	0.0	0.0003971405506133644
8791.0	30.0	1.0	0.0	0.00031967188517248007
8821.0	30.0	1.0	0.0	0.00016665560404455435
8851.0	30.0	1.0	0.0	0.0001200158437092951
8881.0	30.0	1.0	0.0	8.93102010090931e-05
8911.0	30.0	1.0	0.0	3.3788553873697905e-05
8941.0	30.0	1.0	0.0	1.1854298909505209e-05
8971.0	30.0	1.0	0.0	6.029964983463287e-06
9001.0	30.0	1.0	0.0	4.032218952973683e-06
9031.0	30.0	1.0	0.0	8.083999355633074e-05
9061.0	30.0	1.0	0.0	0.0002672088543573635
9091.0	30.0	1.0	0.0	0.0016715041160583045
9121.0	30.0	1.0	0.0	0.0033301783243814627
9151.0	30.0	1.0	0.0	0.0010264216105142767
9181.0	30.0	1.0	0.0	0.0002706293741861566
9211.0	30.0	1.0	0.0	7.816009521483916e-05
9241.0	30.0	1.0	0.0	3.651123046874999e-05
9271.0	30.0	1.0	0.0	1.4813741048177087e-05
9301.0	30.0	1.0	0.0	6.593322753906251e-06
9331.0	30.0	1.0	0.0	3.944667677084605e-06
9361.0	30.0	1.0	0.0	8.989274005095072e-06
9391.0	30.0	1.0	0.0	5.718821287155151e-06
9421.0	30.0	1.0	0.0	1.4109965165456138e-05
9451.0	30.0	1.0	0.0	9.415491223334144e-05
9481.0	30.0	1.0	0.0	0.0001061731259027871
9511.0	30.0	1.0	0.0	5.4216591517130515e-05
9541.0	30.0	1.0	0.0	2.783800760904948e-05
9571.0	30.0	1.0	0.0	1.4661375681559243e-05
9601.0	30.0	1.0	0.0	1.4554564158121743e-05
9631.0	30.0	1.0	0.0	0.00012764361699420024
9661.0	30.0	1.0	0.0	1.1247698465983074e-05
9691.0	30.0	1.0	0.0	5.6643417725960415e-06
9721.0	30.0	1.0	0.0	6.283455962936086e-06
9751.0	30.0	1.0	0.0	5.602029363313701e-05
9781.0	30.0	1.0	0.0	1.761500835418456e-05
9811.0	30.0	1.0	0.0	0.00010184181531268644
9841.0	30.0	1.0	0.0	4.0150896708170574e-05
9871.0	30.0	1.0	0.0	0.00011655832926430348
9901.0	30.0	1.0	0.0	4.745092391967774e-05
9931.0	30.0	1.0	0.0	2.4385992685953777e-05
9961.0	30.0	1.0	0.0	1.685139338175456e-05
9991.0	30.0	1.0	0.0	9.885183970133465e-06
10021.0	30.0	1.0	0.0	5.189545949300129e-06
10051.0	30.0	1.0	0.0	3.213622669378917e-06
10081.0	30.0	1.0	0.0	2.2655854622522993e-06
10111.0	30.0	1.0	0.0	1.670139531294505e-06
10141.0	30.0	1.0	0.0	0.00011570327281950069
10171.0	30.0	1.0	0.0	0.00017094131310779493
10201.0	30.0	1.0	0.0	0.0011174087842305033
10231.0	30.0	1.0	0.0	0.0008808125813801599
10261.0	30.0	1.0	0.0	0.00021747512817378668
10291.0	30.0	1.0	0.0	9.607340494789313e-05
10321.0	30.0	1.0	0.0	3.431523640950521e-05
10351.0	30.0	1.0	0.0	1.4579010009765622e-05
10381.0	30.0	1.0	0.0	6.527201334635417e-06
10411.0	30.0	1.0	0.0	3.7646464770659803e-06
10441.0	30.0	1.0	0.0	2.5185525650158527e-06
10471.0	30.0	1.0	0.0	3.134220416346949e-05
10501.0	30.0	1.0	0.0	7.221464713413783e-05
10531.0	30.0	1.0	0.0	8.243687947591148e-06
10561.0	30.0	1.0	0.0	2.1023281415303544e-05
10591.0	30.0	1.0	0.0	0.0002043648560841494
10621.0	30.0	1.0	0.0	0.0002141860644022066
10651.0	30.0	1.0	0.0	0.00012881730397537927
10681.0	30.0	1.0	0.0	6.479803721109803e-05
10711.0	30.0	1.0	0.0	3.005701700846354e-05
10741.0	30.0	1.0	0.0	1.2559700012207032e-05
10771.0	30.0	1.0	0.0	6.092961629231771e-06
10801.0	30.0	1.0	0.0	3.5589876274267833e-06
10831.0	30.0	1.0	0.0	5.124081422885258e-06
10861.0	30.0	1.0	0.0	2.48373399178187e-06
10891.0	30.0	1.0	0.0	4.531764984130857e-06
10921.0	30.0	1.0	0.0	1.1069599787394205e-05
10951.0	30.0	1.0	0.0	0.00014982964992521857
10981.0	30.0	1.0	0.0	0.0005528044064839283
11011.0	30.0	1.0	0.0	0.0010005051930744933
11041.0	30.0	1.0	0.0	0.00021625366210932336
11071.0	30.0	1.0	0.0	6.322949727376302e-05
11101.0	30.0	1.0	0.0	3.646214803059657e-05
11131.0	30.0	1.0	0.0	3.9387893676752806e-05
11161.0	30.0	1.0	0.0	8.13045452038447e-06
11191.0	30.0	1.0	0.0	6.85589462518692e-06
11221.0	30.0	1.0	0.0	0.00013989863892394598
11251.0	30.0	1.0	0.0	3.156507809956868e-05
11281.0	30.0	1.0	0.0	0.0001350847244262525
11311.0	30.0	1.0	0.0	0.00015636730194087836
11341.0	30.0	1.0	0.0	0.0012621209462483267
11371.0	30.0	1.0	0.0	0.0004933448791503465
11401.0	30.0	1.0	0.0	0.00016757176717118458
11431.0	30.0	1.0	0.0	5.2238210042317723e-05
11461.0	30.0	1.0	0.0	1.7608642578125e-05
11491.0	30.0	1.0	0.0	7.765960693359375e-06
11521.0	30.0	1.0	0.0	5.438337723414103e-06
11551.0	30.0	1.0	0.0	4.454688231150309e-06
11581.0	30.0	1.0	0.0	2.9846688111623127e-06
11611.0	30.0	1.0	0.0	7.146112124125163e-06
11641.0	30.0	1.0	0.0	4.4507288932796904e-05
11671.0	30.0	1.0	0.0	2.7597753206888834e-05
11701.0	30.0	1.0	0.0	3.991722265878747e-05
11731.0	30.0	1.0	0.0	1.364874045054118e-05
11761.0	30.0	1.0	0.0	9.981584548950194e-06
11791.0	30.0	1.0	0.0	6.409215927124023e-06
11821.0	30.0	1.0	0.0	5.123980840047202e-06
11851.0	30.0	1.0	0.0	2.742099761962891e-06
11881.0	30.0	1.0	0.0	1.913793757557869e-06
11911.0	30.0	1.0	0.0	1.4925427734851838e-06
11941.0	30.0	1.0	0.0	1.1844482272863388e-06
11971.0	30.0	1.0	0.0	0.00010349350372950081
12001.0	30.0	1.0	0.0	0.00023942546049750914
12031.0	30.0	1.0	0.0	0.00039034214019770334
12061.0	30.0	1.0	0.0	0.0003180910746256
12091.0	30.0	1.0	0.0	0.00016630388895666
12121.0	30.0	1.0	0.0	0.00015474650065099002
12151.0	30.0	1.0	0.0	0.0001376777648925398
12181.0	30.0	1.0	0.0	4.0189361572265636e-05
12211.0	30.0	1.0	0.0	1.2054951985677084e-05
12241.0	30.0	1.0	0.0	2.9143736759819272e-05
12271.0	30.0	1.0	0.0	5.727473894755045e-06
12301.0	30.0	1.0	0.0	5.910186171531191e-05
12331.0	30.0	1.0	0.0	3.912917772928873e-06
12361.0	30.0	1.0	0.0	9.272559483846027e-06
12391.0	30.0	1.0	0.0	4.007637500762492e-05
12421.0	30.0	1.0	0.0	4.115839799244654e-05
12451.0	30.0	1.0	0.0	0.00014989905357356886
12481.0	30.0	1.0	0.0	0.00015355666478472627
12511.0	30.0	1.0	0.0	0.00013624671300246848
12541.0	30.0	1.0	0.0	5.198478698730021e-05
12571.0	30.0	1.0	0.0	2.600841522216484e-05
12601.0	30.0	1.0	0.0	7.875315348307292e-06
12631.0	30.0	1.0	0.0	4.653122027715048e-06
12661.0	30.0	1.0	0.0	3.9773096640904745e-06
12691.0	30.0	1.0	0.0	4.61558202902476e-06
12721.0	30.0	1.0	0.0	4.409584005673684e-05
12751.0	30.0	1.0	0.0	8.1009221076946e-05
12781.0	30.0	1.0	0.0	0.0004172760486602233
12811.0	30.0	1.0	0.0	0.0007598592758178133
12841.0	30.0	1.0	0.0	0.0011303131103515135
12871.0	30.0	1.0	0.0	0.00028221969604487815
12901.0	30.0	1.0	0.0	4.422963460286456e-05
12931.0	30.0	1.0	0.0	1.32415771484375e-05
12961.0	30.0	1.0	0.0	6.2360127766927085e-06
12991.0	30.0	1.0	0.0	1.0976514220236698e-05
13021.0	30.0	1.0	0.0	3.035373489061992e-06
13051.0	30.0	1.0	0.0	5.252852042516072e-06
13081.0	30.0	1.0	0.0	3.545115391413371e-06
13111.0	30.0	1.0	0.0	2.645740906397501e-06
13141.0	30.0	1.0	0.0	2.8336604436238608e-06
13171.0	30.0	1.0	0.0	1.8587231636047364e-06
13201.0	30.0	1.0	0.0	2.5933593511579263e-05
13231.0	30.0	1.0	0.0	3.167328039804853e-05
13261.0	30.0	1.0	0.0	1.386983394622803e-05
13291.0	30.0	1.0	0.0	5.146106084187826e-06
13321.0	30.0	1.0	0.0	3.1013568242390955e-06
13351.0	30.0	1.0	0.0	2.228991314768791e-06
13381.0	30.0	1.0	0.0	1.6297065963347756e-06
13411.0	30.0	1.0	0.0	5.905932684739431e-06
13441.0	30.0	1.0	0.0	1.2862800558408103e-05
13471.0	30.0	1.0	0.0	1.9515639543532467e-05
13501.0	30.0	1.0	0.0	0.00018314559062317627
13531.0	30.0	1.0	0.0	4.259956677754719e-05
13561.0	30.0	1.0	0.0	2.035226821899415e-05
13591.0	30.0	1.0	0.0	7.920792897541858e-05
13621.0	30.0	1.0	0.0	8.439544041950307e-05
13651.0	30.0	1.0	0.0	5.567982991535856e-05
13681.0	30.0	1.0	0.0	1.4884281158447268e-05
13711.0	30.0	1.0	0.0	6.608730306228002e-06
13741.0	30.0	1.0	0.0	3.928228467702866e-06
13771.0	30.0	1.0	0.0	2.6394327481587724e-06
13801.0	30.0	1.0	0.0	7.494870225587792e-05
13831.0	30.0	1.0	0.0	7.375152905782063e-06
13861.0	30.0	1.0	0.0	9.742720921834309e-06
13891.0	30.0	1.0	0.0	5.435174306233258e-05
13921.0	30.0	1.0	0.0	0.00010337227185564779
13951.0	30.0	1.0	0.0	4.0836334228515625e-05
13981.0	30.0	1.0	0.0	2.7323913574218753e-05
14011.0	30.0	1.0	0.0	1.1507193247477214e-05
14041.0	30.0	1.0	0.0	5.388609568277994e-06
14071.0	30.0	1.0	0.0	3.255559628208479e-06
14101.0	30.0	1.0	0.0	2.277078106999397e-06
14131.0	30.0	1.0	0.0	1.721055805683136e-06
14161.0	30.0	1.0	0.0	0.000252049874762682
14191.0	30.0	1.0	0.0	0.0016567492167154463
14221.0	30.0	1.0	0.0	0.0006269500732421368
14251.0	30.0	1.0	0.0	0.00028233159383133
14281.0	30.0	1.0	0.0	0.00022283274332676332
14311.0	30.0	1.0	0.0	0.00014101384480789584
14341.0	30.0	1.0	0.0	4.638951619466146e-05
14371.0	30.0	1.0	0.0	1.4731089274088544e-05
14401.0	30.0	1.0	0.0	6.5170288085937505e-06
14431.0	30.0	1.0	0.0	3.791449591517449e-06
14461.0	30.0	1.0	0.0	2.550095195571581e-06
14491.0	30.0	1.0	0.0	1.8657758831977842e-06
14521.0	30.0	1.0	0.0	3.1761833528676104e-05
14551.0	30.0	1.0	0.0	6.702362298964273e-05
14581.0	30.0	1.0	0.0	4.5571319262186696e-05
14611.0	30.0	1.0	0.0	0.0001444176514943209
14641.0	30.0	1.0	0.0	0.00015816545486445666
14671.0	30.0	1.0	0.0	0.0001874114672342433
14701.0	30.0	1.0	0.0	0.0001116919835408209
14731.0	30.0	1.0	0.0	4.026966094970702e-05
14761.0	30.0	1.0	0.0	1.2740898132324222e-05
14791.0	30.0	1.0	0.0	5.882517496744791e-06
14821.0	30.0	1.0	0.0	3.5853279133637737e-06
14851.0	30.0	1.0	0.0	2.481087297201156e-06
14881.0	30.0	1.0	0.0	4.8381962875519256e-05
14911.0	30.0	1.0	0.0	0.0001182831009228871
14941.0	30.0	1.0	0.0	0.00044712471961971237
14971.0	30.0	1.0	0.0	0.0009294994990030468
15001.0	30.0	1.0	0.0	0.0010992529551187699
15031.0	30.0	1.0	0.0	0.0005684651692707932
15061.0	30.0	1.0	0.0	0.0001373619079589444
15091.0	30.0	1.0	0.0	4.7498830159505224e-05
15121.0	30.0	1.0	0.0	1.3981882731119793e-05
15151.0	30.0	1.0	0.0	6.4684549967447925e-06
15181.0	30.0	1.0	0.0	5.676096181074778e-06
15211.0	30.0	1.0	0.0	8.269761304059725e-05
15241.0	30.0	1.0	0.0	0.00037160147031145454
15271.0	30.0	1.0	0.0	0.0019359438578287202
15301.0	30.0	1.0	0.0	0.0007512051900227401
15331.0	30.0	1.0	0.0	0.0011346916198729964
15361.0	30.0	1.0	0.0	0.003752305603027296
15391.0	30.0	1.0	0.0	0.001263235982259077
15421.0	30.0	1.0	0.0	0.0030903869628905894
15451.0	30.0	1.0	0.0	0.0011172749837239297
15481.0	30.0	1.0	0.0	0.00015502827962237246
15511.0	30.0	1.0	0.0	2.5050862630208332e-05
15541.0	30.0	1.0	0.0	9.814628461996714e-06
15571.0	30.0	1.0	0.0	2.5857632855573766e-05
15601.0	30.0	1.0	0.0	7.487996220587616e-05
15631.0	30.0	1.0	0.0	0.0005007937749226416
15661.0	30.0	1.0	0.0	0.0011474648157755133
15691.0	30.0	1.0	0.0	0.0020643357594807496
15721.0	30.0	1.0	0.0	0.00102343648274735
15751.0	30.0	1.0	0.0	0.0006429662068684432
15781.0	30.0	1.0	0.0	0.0002182200113931833
15811.0	30.0	1.0	0.0	0.0001155573527018025
15841.0	30.0	1.0	0.0	4.972635904947918e-05
15871.0	30.0	1.0	0.0	1.4599100748697918e-05
15901.0	30.0	1.0	0.0	6.896537790695827e-06
15931.0	30.0	1.0	0.0	4.090320318937302e-06
15961.0	30.0	1.0	0.0	2.7571444710095714e-06
15991.0	30.0	1.0	0.0	2.297958334286958e-05
16021.0	30.0	1.0	0.0	6.883696715037026e-06
16051.0	30.0	1.0	0.0	2.8810501098632803e-06
16081.0	30.0	1.0	0.0	3.8316361109414225e-05
16111.0	30.0	1.0	0.0	0.00014418163299557342
16141.0	30.0	1.0	0.0	4.132391611735025e-05
16171.0	30.0	1.0	0.0	1.833972930908203e-05
16201.0	30.0	1.0	0.0	7.79574712117513e-06
16231.0	30.0	1.0	0.0	4.071712493896483e-06
16261.0	30.0	1.0	0.0	2.6436035210887593e-06
16291.0	30.0	1.0	0.0	1.9330194219946865e-06
16321.0	30.0	1.0	0.0	1.5038532515366873e-06
16351.0	30.0	1.0	0.0	0.00011808858687677066
16381.0	30.0	1.0	0.0	1.8136819203694664e-05
16411.0	30.0	1.0	0.0	8.722624778745922e-05
16441.0	30.0	1.0	0.0	0.0004044095198312867
16471.0	30.0	1.0	0.0	0.0012098115921020036
16501.0	30.0	1.0	0.0	0.0010155775705972903
16531.0	30.0	1.0	0.0	0.00015721817016598955
16561.0	30.0	1.0	0.0	3.6825052897135417e-05
16591.0	30.0	1.0	0.0	1.3387044270833331e-05
16621.0	30.0	1.0	0.0	6.428049535801011e-06
16651.0	30.0	1.0	0.0	3.929832049955925e-06
16681.0	30.0	1.0	0.0	2.80576248963674e-06
16711.0	30.0	1.0	0.0	0.00022374170819917393
16741.0	30.0	1.0	0.0	0.0002937942186990834
16771.0	30.0	1.0	0.0	0.00014830166498815334
16801.0	30.0	1.0	0.0	0.00031227016448970334
16831.0	30.0	1.0	0.0	0.00021178264617914994
16861.0	30.0	1.0	0.0	0.00024561843872065667
16891.0	30.0	1.0	0.0	0.00014320246378576147
16921.0	30.0	1.0	0.0	5.667521158854166e-05
16951.0	30.0	1.0	0.0	1.6213607788085935e-05
16981.0	30.0	1.0	0.0	7.343419392903645e-06
17011.0	30.0	1.0	0.0	4.3716813127199805e-06
17041.0	30.0	1.0	0.0	7.980714738368989e-06
17071.0	30.0	1.0	0.0	3.371617197990417e-06
17101.0	30.0	1.0	0.0	3.913718263307759e-05
17131.0	30.0	1.0	0.0	6.754930019377626e-05
17161.0	30.0	1.0	0.0	0.00017328128019964862
17191.0	30.0	1.0	0.0	0.00028671522140497676
17221.0	30.0	1.0	0.0	0.0005937707265217565
17251.0	30.0	1.0	0.0	0.00022899220784502032
17281.0	30.0	1.0	0.0	3.32024892171224e-05
17311.0	30.0	1.0	0.0	1.0888799031575518e-05
17341.0	30.0	1.0	0.0	5.539957682291667e-06
17371.0	30.0	1.0	0.0	3.498975435892741e-06
17401.0	30.0	1.0	0.0	9.134135643638094e-06
17431.0	30.0	1.0	0.0	0.0001979605257510943
17461.0	30.0	1.0	0.0	1.6934394836425783e-05
17491.0	30.0	1.0	0.0	1.3990942637125654e-05
17521.0	30.0	1.0	0.0	1.3442611694335937e-05
17551.0	30.0	1.0	0.0	1.1986907323201499e-05
17581.0	30.0	1.0	0.0	3.261570930480599e-05
17611.0	30.0	1.0	0.0	5.17358144124304e-05
17641.0	30.0	1.0	0.0	2.35574722290039e-05
17671.0	30.0	1.0	0.0	1.0692564646402993e-05
17701.0	30.0	1.0	0.0	5.928166707356773e-06
17731.0	30.0	1.0	0.0	3.2600098599990207e-06
17761.0	30.0	1.0	0.0	2.2886424014965692e-06
17791.0	30.0	1.0	0.0	7.025339479247063e-05
17821.0	30.0	1.0	0.0	0.0002160694996515808
17851.0	30.0	1.0	0.0	0.0007345862070719078
17881.0	30.0	1.0	0.0	0.0016476027170816599
17911.0	30.0	1.0	0.0	0.00155337855021154
17941.0	30.0	1.0	0.0	0.0009902252197265167
17971.0	30.0	1.0	0.0	0.00022844950358068332
18001.0	30.0	1.0	0.0	7.578633626300916e-05
18031.0	30.0	1.0	0.0	2.137196858723958e-05
18061.0	30.0	1.0	0.0	8.39996337890625e-06
18091.0	30.0	1.0	0.0	4.7221700350443525e-06
18121.0	30.0	1.0	0.0	3.121680517991384e-06
18151.0	30.0	1.0	0.0	2.259488900502523e-06
18181.0	30.0	1.0	0.0	1.3833377261956034e-05
18211.0	30.0	1.0	0.0	8.499889373777727e-05
18241.0	22.0	1.0	0.0	0.0006292510466141608
