stress_period	sp_length	time_step	study (0 : TS or 1 : SS)	rech
0.0	1.0	1.0	1.0	0.0005824304435624557
1.0	15.0	1.0	0.0	0.0016406024932860868
16.0	15.0	1.0	0.0	0.0024185735066731403
31.0	15.0	1.0	0.0	0.0035710001627603668
46.0	15.0	1.0	0.0	0.0014877888997395403
61.0	15.0	1.0	0.0	0.0010992869059244267
76.0	15.0	1.0	0.0	0.0008271057128905666
91.0	15.0	1.0	0.0	0.00042351684570308
106.0	15.0	1.0	0.0	0.00017128804524735333
121.0	15.0	1.0	0.0	6.869710286458333e-05
136.0	15.0	1.0	0.0	4.8677571614583326e-05
151.0	15.0	1.0	0.0	3.540445963541667e-05
166.0	15.0	1.0	0.0	3.0511474609374994e-05
181.0	15.0	1.0	0.0	2.3660278320312503e-05
196.0	15.0	1.0	0.0	4.0151977539056655e-05
211.0	15.0	1.0	0.0	1.7430446545282997e-05
226.0	15.0	1.0	0.0	1.3105563322703042e-05
241.0	15.0	1.0	0.0	1.1113069454828897e-05
256.0	15.0	1.0	0.0	9.627668062845865e-06
271.0	15.0	1.0	0.0	9.062870343526206e-06
286.0	15.0	1.0	0.0	2.884635130564372e-05
301.0	15.0	1.0	0.0	5.010754267374155e-05
316.0	15.0	1.0	0.0	9.747363726296406e-05
331.0	15.0	1.0	0.0	0.0006408127943674267
346.0	15.0	1.0	0.0	0.0009257631301879334
361.0	15.0	1.0	0.0	0.0015381827036539135
376.0	15.0	1.0	0.0	0.00071334253946936
391.0	15.0	1.0	0.0	0.0015148379007974932
406.0	15.0	1.0	0.0	0.00199713694254552
421.0	15.0	1.0	0.0	0.003207428487141867
436.0	15.0	1.0	0.0	0.0020966735839843195
451.0	15.0	1.0	0.0	0.0011905293782551664
466.0	15.0	1.0	0.0	0.0007334726969400601
481.0	15.0	1.0	0.0	0.00036797587076818665
496.0	15.0	1.0	0.0	0.00021931152343745335
511.0	15.0	1.0	0.0	0.00012268880208329833
526.0	15.0	1.0	0.0	6.293843587239585e-05
541.0	15.0	1.0	0.0	3.3056640625e-05
556.0	15.0	1.0	0.0	2.064208984375e-05
571.0	15.0	1.0	0.0	1.4257212976614632e-05
586.0	15.0	1.0	0.0	1.0618666311105092e-05
601.0	15.0	1.0	0.0	8.545058965682985e-06
616.0	15.0	1.0	0.0	6.552702188491821e-06
631.0	15.0	1.0	0.0	5.536580085754394e-06
646.0	15.0	1.0	0.0	3.0725057919818235e-05
661.0	15.0	1.0	0.0	9.84278678893791e-05
676.0	15.0	1.0	0.0	0.00015014786720271507
691.0	15.0	1.0	0.0	0.00017483011881504665
706.0	15.0	1.0	0.0	0.0006283525149026933
721.0	15.0	1.0	0.0	0.0017870115915933666
736.0	15.0	1.0	0.0	0.004322212473551393
751.0	15.0	1.0	0.0	0.003060051981608034
766.0	15.0	1.0	0.0	0.0022586812337239202
781.0	15.0	1.0	0.0	0.00136406656901038
796.0	15.0	1.0	0.0	0.00110166117350256
811.0	15.0	1.0	0.0	0.0007525095621744466
826.0	15.0	1.0	0.0	0.0002991363525390134
841.0	15.0	1.0	0.0	0.00012560933430985998
856.0	15.0	1.0	0.0	6.23779296875e-05
871.0	15.0	1.0	0.0	4.4972737630208334e-05
886.0	15.0	1.0	0.0	2.9931640625000007e-05
901.0	15.0	1.0	0.0	1.9200642903645836e-05
916.0	15.0	1.0	0.0	1.2758382161458333e-05
931.0	15.0	1.0	0.0	1.2708018223444622e-05
946.0	15.0	1.0	0.0	1.1083082358042399e-05
961.0	15.0	1.0	0.0	7.934230566024781e-06
976.0	15.0	1.0	0.0	7.132879892985025e-06
991.0	15.0	1.0	0.0	6.4832250277201325e-06
1006.0	15.0	1.0	0.0	5.957175890603793e-05
1021.0	15.0	1.0	0.0	5.3394452730803934e-05
1036.0	15.0	1.0	0.0	0.00022365560531611254
1051.0	15.0	1.0	0.0	0.00080459642410274
1066.0	15.0	1.0	0.0	0.0009109010060627799
1081.0	15.0	1.0	0.0	0.0019754122416177997
1096.0	15.0	1.0	0.0	0.003201335652669214
1111.0	15.0	1.0	0.0	0.0021006022135416267
1126.0	15.0	1.0	0.0	0.0024240519205728666
1141.0	15.0	1.0	0.0	0.002066208902994753
1156.0	15.0	1.0	0.0	0.0010424133300780869
1171.0	15.0	1.0	0.0	0.00043190612792963994
1186.0	15.0	1.0	0.0	0.00022747395833328665
1201.0	15.0	1.0	0.0	0.0001849843343098533
1216.0	15.0	1.0	0.0	0.00014440511067704
1231.0	15.0	1.0	0.0	6.973164876302084e-05
1246.0	15.0	1.0	0.0	4.1550699869791664e-05
1261.0	15.0	1.0	0.0	2.63580322265625e-05
1276.0	15.0	1.0	0.0	1.7894490559895834e-05
1291.0	15.0	1.0	0.0	1.2427775065104167e-05
1306.0	15.0	1.0	0.0	8.784479399522146e-06
1321.0	15.0	1.0	0.0	8.141990999380749e-06
1336.0	15.0	1.0	0.0	2.112539311250051e-05
1351.0	15.0	1.0	0.0	1.860210498174031e-05
1366.0	15.0	1.0	0.0	5.4509194691965054e-05
1381.0	15.0	1.0	0.0	0.000197664999961817
1396.0	15.0	1.0	0.0	0.00021661853790278662
1411.0	15.0	1.0	0.0	0.0002693300882974867
1426.0	15.0	1.0	0.0	0.0007438608805338134
1441.0	15.0	1.0	0.0	0.0018014029184976734
1456.0	15.0	1.0	0.0	0.0012555536905923999
1471.0	15.0	1.0	0.0	0.0019702199300129794
1486.0	15.0	1.0	0.0	0.0018309260050455066
1501.0	15.0	1.0	0.0	0.0031309900919595803
1516.0	15.0	1.0	0.0	0.00196081949869788
1531.0	15.0	1.0	0.0	0.0009398854573567266
1546.0	15.0	1.0	0.0	0.000704404703776
1561.0	15.0	1.0	0.0	0.0002626373291015333
1576.0	15.0	1.0	0.0	0.00021077982584630667
1591.0	15.0	1.0	0.0	0.00011071777343747916
1606.0	15.0	1.0	0.0	6.4227294921875e-05
1621.0	15.0	1.0	0.0	5.0325520833333334e-05
1636.0	15.0	1.0	0.0	3.099466959635417e-05
1651.0	15.0	1.0	0.0	2.0344034830729166e-05
1666.0	15.0	1.0	0.0	1.5074797968069714e-05
1681.0	15.0	1.0	0.0	1.0973033805688222e-05
1696.0	15.0	1.0	0.0	8.365855614344278e-06
1711.0	15.0	1.0	0.0	2.5090110301971443e-05
1726.0	15.0	1.0	0.0	1.226040522257487e-05
1741.0	15.0	1.0	0.0	8.388642470041911e-06
1756.0	15.0	1.0	0.0	0.00012544372876482503
1771.0	15.0	1.0	0.0	0.0004856129646300599
1786.0	15.0	1.0	0.0	0.0006886161804198735
1801.0	15.0	1.0	0.0	0.0007313103993733268
1816.0	15.0	1.0	0.0	0.00097555058797196
1831.0	15.0	1.0	0.0	0.0023936498006184395
1846.0	15.0	1.0	0.0	0.0023751973470051537
1861.0	15.0	1.0	0.0	0.0010354848225911067
1876.0	15.0	1.0	0.0	0.00059498799641922
1891.0	15.0	1.0	0.0	0.0009571451822916267
1906.0	15.0	1.0	0.0	0.0017766876220702665
1921.0	15.0	1.0	0.0	0.0011287129720051667
1936.0	15.0	1.0	0.0	0.0003187754313150533
1951.0	15.0	1.0	0.0	0.00011625976562497752
1966.0	15.0	1.0	0.0	5.57525634765625e-05
1981.0	15.0	1.0	0.0	2.9403686523437494e-05
1996.0	15.0	1.0	0.0	1.83319091796875e-05
2011.0	15.0	1.0	0.0	1.3996378580729168e-05
2026.0	15.0	1.0	0.0	9.623738999168075e-06
2041.0	15.0	1.0	0.0	1.0402934874097503e-05
2056.0	15.0	1.0	0.0	6.327191988627115e-06
2071.0	15.0	1.0	0.0	6.5732618172963464e-06
2086.0	15.0	1.0	0.0	1.7592545350386486e-05
2101.0	15.0	1.0	0.0	6.093752384184933e-05
2116.0	15.0	1.0	0.0	0.00013604970773058509
2131.0	15.0	1.0	0.0	0.0003232781728108466
2146.0	15.0	1.0	0.0	0.0006494793574014867
2161.0	15.0	1.0	0.0	0.0006709687550862065
2176.0	15.0	1.0	0.0	0.0009497208913166867
2191.0	15.0	1.0	0.0	0.0005942515055337999
2206.0	15.0	1.0	0.0	0.0007064730326333935
2221.0	15.0	1.0	0.0	0.0006635607401529602
2236.0	15.0	1.0	0.0	0.0009242248535155734
2251.0	15.0	1.0	0.0	0.0009940780639648135
2266.0	15.0	1.0	0.0	0.0007313939412434335
2281.0	15.0	1.0	0.0	0.0003136322021483933
2296.0	15.0	1.0	0.0	0.0001429056803385029
2311.0	15.0	1.0	0.0	6.68365478515625e-05
2326.0	15.0	1.0	0.0	3.739064534505209e-05
2341.0	15.0	1.0	0.0	2.4097696940104166e-05
2356.0	15.0	1.0	0.0	1.639149983723958e-05
2371.0	15.0	1.0	0.0	1.1494445800781253e-05
2386.0	15.0	1.0	0.0	8.568318684895833e-06
2401.0	15.0	1.0	0.0	6.601610283056894e-06
2416.0	15.0	1.0	0.0	5.223385989665985e-06
2431.0	15.0	1.0	0.0	4.32937244574229e-06
2446.0	15.0	1.0	0.0	3.6049803098042805e-06
2461.0	15.0	1.0	0.0	4.709414641062418e-06
2476.0	15.0	1.0	0.0	6.65130615234325e-05
2491.0	15.0	1.0	0.0	9.7809632619222e-06
2506.0	15.0	1.0	0.0	1.182088851928711e-05
2521.0	15.0	1.0	0.0	8.431727886198588e-05
2536.0	15.0	1.0	0.0	4.3957344690958664e-05
2551.0	15.0	1.0	0.0	4.3065357208251946e-05
2566.0	15.0	1.0	0.0	9.879414240518682e-05
2581.0	15.0	1.0	0.0	0.0010109489123026132
2596.0	15.0	1.0	0.0	0.0010236031850178466
2611.0	15.0	1.0	0.0	0.0006862457275390133
2626.0	15.0	1.0	0.0	0.00041929677327469335
2641.0	15.0	1.0	0.0	0.00034606959025060665
2656.0	15.0	1.0	0.0	0.00023021189371740005
2671.0	15.0	1.0	0.0	0.00017787094116206666
2686.0	15.0	1.0	0.0	8.24910481770796e-05
2701.0	15.0	1.0	0.0	4.814656575520833e-05
2716.0	15.0	1.0	0.0	2.78106689453125e-05
2731.0	15.0	1.0	0.0	1.7913818359375e-05
2746.0	15.0	1.0	0.0	1.2412007649739583e-05
2761.0	15.0	1.0	0.0	9.695061792929968e-06
2776.0	15.0	1.0	0.0	7.260631769895553e-06
2791.0	15.0	1.0	0.0	5.515889326731363e-06
2806.0	15.0	1.0	0.0	4.445966084798178e-06
2821.0	15.0	1.0	0.0	5.5171708265940345e-06
2836.0	15.0	1.0	0.0	5.664654572804769e-06
2851.0	15.0	1.0	0.0	5.638871391613181e-05
2866.0	15.0	1.0	0.0	0.00031632486184434333
2881.0	15.0	1.0	0.0	0.0005055712381998332
2896.0	15.0	1.0	0.0	0.0013435976028441936
2911.0	15.0	1.0	0.0	0.0019548116048176594
2926.0	15.0	1.0	0.0	0.0015876958211262667
2941.0	15.0	1.0	0.0	0.0007874476114908334
2956.0	15.0	1.0	0.0	0.0006955561319986534
2971.0	15.0	1.0	0.0	0.0012348114013671465
2986.0	15.0	1.0	0.0	0.00120947367350256
3001.0	15.0	1.0	0.0	0.0013206583658853734
3016.0	15.0	1.0	0.0	0.0004904632568358933
3031.0	15.0	1.0	0.0	0.0008473704020181799
3046.0	15.0	1.0	0.0	0.0004192077636718334
3061.0	15.0	1.0	0.0	0.00016093343098954666
3076.0	15.0	1.0	0.0	8.755391438800498e-05
3091.0	15.0	1.0	0.0	4.7983805338541654e-05
3106.0	15.0	1.0	0.0	2.7789306640625002e-05
3121.0	15.0	1.0	0.0	1.770033792903026e-05
3136.0	15.0	1.0	0.0	1.1926863032082718e-05
3151.0	15.0	1.0	0.0	8.915810783704122e-06
3166.0	15.0	1.0	0.0	6.916266679763794e-06
3181.0	15.0	1.0	0.0	6.348411242167155e-06
3196.0	15.0	1.0	0.0	1.0062396526336671e-05
3211.0	15.0	1.0	0.0	2.895570993423183e-05
3226.0	15.0	1.0	0.0	0.00013613710403439038
3241.0	15.0	1.0	0.0	0.0003571669419605999
3256.0	15.0	1.0	0.0	0.00053061765034988
3271.0	15.0	1.0	0.0	0.0026789412180582197
3286.0	15.0	1.0	0.0	0.0017177777608235198
3301.0	15.0	1.0	0.0	0.0011580195109048867
3316.0	15.0	1.0	0.0	0.0018958908081054134
3331.0	15.0	1.0	0.0	0.0009022898356119267
3346.0	15.0	1.0	0.0	0.0007020843505858999
3361.0	15.0	1.0	0.0	0.0005921712239583
3376.0	15.0	1.0	0.0	0.0012822296142577599
3391.0	15.0	1.0	0.0	0.0007252237955728735
3406.0	15.0	1.0	0.0	0.0003570170084635
3421.0	15.0	1.0	0.0	0.00017577514648433335
3436.0	15.0	1.0	0.0	9.611612955727582e-05
3451.0	15.0	1.0	0.0	5.0811767578125e-05
3466.0	15.0	1.0	0.0	2.7410888671874997e-05
3481.0	15.0	1.0	0.0	1.7063395182291664e-05
3496.0	15.0	1.0	0.0	1.1143341163794201e-05
3511.0	15.0	1.0	0.0	8.195171256860098e-06
3526.0	15.0	1.0	0.0	6.254567702611287e-06
3541.0	15.0	1.0	0.0	5.0697247187296545e-06
3556.0	15.0	1.0	0.0	4.5512636502583815e-06
3571.0	15.0	1.0	0.0	6.046042243638331e-05
3586.0	15.0	1.0	0.0	0.00012819969654081654
3601.0	15.0	1.0	0.0	0.00037392797470088004
3616.0	15.0	1.0	0.0	0.0005041635513305066
3631.0	15.0	1.0	0.0	0.00060748723347976
3646.0	15.0	1.0	0.0	0.0010831233978271066
3661.0	15.0	1.0	0.0	0.0024045397440592
3676.0	15.0	1.0	0.0	0.00245138397216792
3691.0	15.0	1.0	0.0	0.0010048904418944733
3706.0	15.0	1.0	0.0	0.0008158345540364134
3721.0	15.0	1.0	0.0	0.00044434000651036667
3736.0	15.0	1.0	0.0	0.00047057495117184666
3751.0	15.0	1.0	0.0	0.00039731648763016004
3766.0	15.0	1.0	0.0	0.00020812072753901336
3781.0	15.0	1.0	0.0	0.00010024617513018501
3796.0	15.0	1.0	0.0	5.8092244466145825e-05
3811.0	15.0	1.0	0.0	3.600667317708333e-05
3826.0	15.0	1.0	0.0	2.3519897460937498e-05
3841.0	15.0	1.0	0.0	1.6191609700520836e-05
3856.0	15.0	1.0	0.0	1.3257959485054016e-05
3871.0	15.0	1.0	0.0	9.301742911338807e-06
3886.0	15.0	1.0	0.0	7.122222582499186e-06
3901.0	15.0	1.0	0.0	8.425690730412801e-06
3916.0	15.0	1.0	0.0	5.699815352757772e-06
3931.0	15.0	1.0	0.0	4.638687769571941e-06
3946.0	15.0	1.0	0.0	1.4702876408894858e-05
3961.0	15.0	1.0	0.0	0.00019016821781790038
3976.0	15.0	1.0	0.0	0.00014236076672868517
3991.0	15.0	1.0	0.0	0.0004484717369079133
4006.0	15.0	1.0	0.0	0.0017296534856160132
4021.0	15.0	1.0	0.0	0.00508124593098954
4036.0	15.0	1.0	0.0	0.00327282358805334
4051.0	15.0	1.0	0.0	0.001394559733072873
4066.0	15.0	1.0	0.0	0.0007548360188801667
4081.0	15.0	1.0	0.0	0.0013055704752603864
4096.0	15.0	1.0	0.0	0.0006930196126301733
4111.0	15.0	1.0	0.0	0.0007854248046874535
4126.0	15.0	1.0	0.0	0.00046953226725255997
4141.0	15.0	1.0	0.0	0.00020692036946610667
4156.0	15.0	1.0	0.0	9.878946940101916e-05
4171.0	15.0	1.0	0.0	5.5009969075520826e-05
4186.0	15.0	1.0	0.0	3.7523396809895834e-05
4201.0	15.0	1.0	0.0	2.6758829752604164e-05
4216.0	15.0	1.0	0.0	1.7714436848958334e-05
4231.0	15.0	1.0	0.0	1.3346596558888753e-05
4246.0	15.0	1.0	0.0	1.4054520924886067e-05
4261.0	15.0	1.0	0.0	9.603261947631837e-06
4276.0	15.0	1.0	0.0	7.47917095820109e-06
4291.0	15.0	1.0	0.0	6.629184881846111e-06
4306.0	15.0	1.0	0.0	5.8743242422731096e-05
4321.0	15.0	1.0	0.0	0.00028204538822171544
4336.0	15.0	1.0	0.0	0.00041917053858435334
4351.0	15.0	1.0	0.0	0.0012102981567382266
4366.0	15.0	1.0	0.0	0.0011632643381754267
4381.0	15.0	1.0	0.0	0.0014908376057942265
4396.0	15.0	1.0	0.0	0.002313776652018187
4411.0	15.0	1.0	0.0	0.0023929168701171334
4426.0	15.0	1.0	0.0	0.0011674285888671533
4441.0	15.0	1.0	0.0	0.0009341837565103733
4456.0	15.0	1.0	0.0	0.0005957377115884933
4471.0	15.0	1.0	0.0	0.0011741516113280732
4486.0	15.0	1.0	0.0	0.0014328440348306865
4501.0	15.0	1.0	0.0	0.0016345174153645536
4516.0	15.0	1.0	0.0	0.0013607055664062134
4531.0	15.0	1.0	0.0	0.00034986775716142
4546.0	15.0	1.0	0.0	0.00011755371093747
4561.0	15.0	1.0	0.0	5.912882486979166e-05
4576.0	15.0	1.0	0.0	3.5693359375e-05
4591.0	15.0	1.0	0.0	2.318472762902578e-05
4606.0	15.0	1.0	0.0	1.660095353921255e-05
4621.0	15.0	1.0	0.0	1.4535242319107055e-05
4636.0	15.0	1.0	0.0	1.0377101103464761e-05
4651.0	15.0	1.0	0.0	8.452701568603516e-06
4666.0	15.0	1.0	0.0	1.0844298203786213e-05
4681.0	15.0	1.0	0.0	7.910634676612724e-05
4696.0	15.0	1.0	0.0	5.791443188985188e-05
4711.0	15.0	1.0	0.0	0.00022689355214434499
4726.0	15.0	1.0	0.0	0.0004141311645507267
4741.0	15.0	1.0	0.0	0.0012673939387003136
4756.0	15.0	1.0	0.0	0.0011703178405761336
4771.0	15.0	1.0	0.0	0.0011585215250650533
4786.0	15.0	1.0	0.0	0.00191491495768224
4801.0	15.0	1.0	0.0	0.003443873596191367
4816.0	15.0	1.0	0.0	0.0015943023681640265
4831.0	15.0	1.0	0.0	0.0004305246988931867
4846.0	15.0	1.0	0.0	0.0002488861083983933
4861.0	15.0	1.0	0.0	0.00017808532714838664
4876.0	15.0	1.0	0.0	0.00015382588704423333
4891.0	15.0	1.0	0.0	9.721883138019084e-05
4906.0	15.0	1.0	0.0	6.12213134765625e-05
4921.0	15.0	1.0	0.0	3.449198404947916e-05
4936.0	15.0	1.0	0.0	2.038777669270833e-05
4951.0	15.0	1.0	0.0	1.3922225932280222e-05
4966.0	15.0	1.0	0.0	1.0721493264039356e-05
4981.0	15.0	1.0	0.0	8.603707949320474e-06
4996.0	15.0	1.0	0.0	6.777441501617432e-06
5011.0	15.0	1.0	0.0	2.2342284520464935e-05
5026.0	15.0	1.0	0.0	4.747219085692969e-05
5041.0	15.0	1.0	0.0	0.00019979279836015364
5056.0	15.0	1.0	0.0	7.994044621785086e-05
5071.0	15.0	1.0	0.0	0.000114895693461079
5086.0	15.0	1.0	0.0	0.00021519578297925996
5101.0	15.0	1.0	0.0	0.0006726578394571532
5116.0	15.0	1.0	0.0	0.0020916344960530135
5131.0	15.0	1.0	0.0	0.0018704910278319862
5146.0	15.0	1.0	0.0	0.0019127990722655663
5161.0	15.0	1.0	0.0	0.0025561706542968268
5176.0	15.0	1.0	0.0	0.00295251363118484
5191.0	15.0	1.0	0.0	0.0016122934977213063
5206.0	15.0	1.0	0.0	0.0007545298258463066
5221.0	15.0	1.0	0.0	0.0003433146158853733
5236.0	15.0	1.0	0.0	0.00014490254720048003
5251.0	15.0	1.0	0.0	7.302856445312502e-05
5266.0	15.0	1.0	0.0	4.016418457031249e-05
5281.0	15.0	1.0	0.0	2.5077311197916663e-05
5296.0	15.0	1.0	0.0	1.621805826822917e-05
5311.0	15.0	1.0	0.0	1.1133829752604167e-05
5326.0	15.0	1.0	0.0	7.947005331516265e-06
5341.0	15.0	1.0	0.0	6.033503512541453e-06
5356.0	15.0	1.0	0.0	4.798701405525206e-06
5371.0	15.0	1.0	0.0	4.782569408416748e-06
5386.0	15.0	1.0	0.0	6.3516100247701014e-06
5401.0	15.0	1.0	0.0	0.00011762566963828597
5416.0	15.0	1.0	0.0	7.423591613768524e-05
5431.0	15.0	1.0	0.0	2.5398699442545572e-05
5446.0	15.0	1.0	0.0	5.491143862406412e-05
5461.0	15.0	1.0	0.0	9.40715471903324e-05
5476.0	15.0	1.0	0.0	0.00053392031987504
5491.0	15.0	1.0	0.0	0.0019974765777587534
5506.0	15.0	1.0	0.0	0.004353367869059194
5521.0	15.0	1.0	0.0	0.0034646087646484003
5536.0	15.0	1.0	0.0	0.00245962422688798
5551.0	15.0	1.0	0.0	0.0008496592203775601
5566.0	15.0	1.0	0.0	0.0003411214192707801
5581.0	15.0	1.0	0.0	0.00017191263834630667
5596.0	15.0	1.0	0.0	9.537862141926084e-05
5611.0	15.0	1.0	0.0	6.680399576822916e-05
5626.0	15.0	1.0	0.0	4.4219970703125016e-05
5641.0	15.0	1.0	0.0	2.8044637044270835e-05
5656.0	15.0	1.0	0.0	1.900634765625e-05
5671.0	15.0	1.0	0.0	1.2737019856770835e-05
5686.0	15.0	1.0	0.0	9.957857926686605e-06
5701.0	15.0	1.0	0.0	1.0231277346611022e-05
5716.0	15.0	1.0	0.0	2.9034975171089174e-05
5731.0	15.0	1.0	0.0	8.628841241200765e-06
5746.0	15.0	1.0	0.0	9.501604239145915e-06
5761.0	15.0	1.0	0.0	8.419231573740642e-06
5776.0	15.0	1.0	0.0	8.127355575561525e-06
5791.0	15.0	1.0	0.0	4.380923112233233e-05
5806.0	15.0	1.0	0.0	0.0001617499033609731
5821.0	15.0	1.0	0.0	0.00022959518432611337
5836.0	15.0	1.0	0.0	0.00044578676223750005
5851.0	15.0	1.0	0.0	0.0011671964009602265
5866.0	15.0	1.0	0.0	0.002982785797119093
5881.0	15.0	1.0	0.0	0.003165763346354113
5896.0	15.0	1.0	0.0	0.0021481302897135134
5911.0	15.0	1.0	0.0	0.0016809936523437068
5926.0	15.0	1.0	0.0	0.0023472839355468335
5941.0	15.0	1.0	0.0	0.0015316090901692332
5956.0	15.0	1.0	0.0	0.0005839111328124467
5971.0	15.0	1.0	0.0	0.00022911987304682663
5986.0	15.0	1.0	0.0	0.00010563557942707337
6001.0	15.0	1.0	0.0	7.088012695312501e-05
6016.0	15.0	1.0	0.0	4.590861002604166e-05
6031.0	15.0	1.0	0.0	2.9917399088541672e-05
6046.0	15.0	1.0	0.0	1.925679792960485e-05
6061.0	15.0	1.0	0.0	1.3010357320308683e-05
6076.0	15.0	1.0	0.0	9.365826845169069e-06
6091.0	15.0	1.0	0.0	7.224798202514647e-06
6106.0	15.0	1.0	0.0	5.747620264689127e-06
6121.0	15.0	1.0	0.0	6.911695003509522e-06
6136.0	15.0	1.0	0.0	0.00011094075838723301
6151.0	15.0	1.0	0.0	0.00036156600316361327
6166.0	15.0	1.0	0.0	0.00018250357309972668
6181.0	15.0	1.0	0.0	0.00038934122721348666
6196.0	15.0	1.0	0.0	0.0006369149525959866
6211.0	15.0	1.0	0.0	0.00167737070719396
6226.0	15.0	1.0	0.0	0.0025160405476887466
6241.0	15.0	1.0	0.0	0.002811520385742133
6256.0	15.0	1.0	0.0	0.00246535542805984
6271.0	15.0	1.0	0.0	0.0011277465820311932
6286.0	15.0	1.0	0.0	0.00147726236979162
6301.0	15.0	1.0	0.0	0.0013201802571614
6316.0	15.0	1.0	0.0	0.0008724243164062134
6331.0	15.0	1.0	0.0	0.00034418945312496
6346.0	15.0	1.0	0.0	0.00014247131347653333
6361.0	15.0	1.0	0.0	7.074076334635416e-05
6376.0	15.0	1.0	0.0	3.9296468098958335e-05
6391.0	15.0	1.0	0.0	2.3756917317708336e-05
6406.0	15.0	1.0	0.0	1.6855875651041667e-05
6421.0	15.0	1.0	0.0	1.174445648988088e-05
6436.0	15.0	1.0	0.0	8.788674076398213e-06
6451.0	15.0	1.0	0.0	7.2826623916625985e-06
6466.0	15.0	1.0	0.0	5.630211035410564e-06
6481.0	15.0	1.0	0.0	1.749350031216934e-05
6496.0	15.0	1.0	0.0	0.00011709365049995743
6511.0	15.0	1.0	0.0	9.640502929684892e-05
6526.0	15.0	1.0	0.0	0.00016376272837316256
6541.0	15.0	1.0	0.0	0.00029277521769199334
6556.0	15.0	1.0	0.0	0.00090322024027502
6571.0	15.0	1.0	0.0	0.0012276456197102402
6586.0	15.0	1.0	0.0	0.0011372726440429268
6601.0	15.0	1.0	0.0	0.0026055956522623132
6616.0	15.0	1.0	0.0	0.00245962727864578
6631.0	15.0	1.0	0.0	0.0019737457275390198
6646.0	15.0	1.0	0.0	0.0006078857421874467
6661.0	15.0	1.0	0.0	0.00024822082519525995
6676.0	15.0	1.0	0.0	0.00032476603190100667
6691.0	15.0	1.0	0.0	0.00020779622395827337
6706.0	15.0	1.0	0.0	0.00024270222981767996
6721.0	15.0	1.0	0.0	0.0001332784016926775
6736.0	15.0	1.0	0.0	6.378987630208333e-05
6751.0	15.0	1.0	0.0	3.5279337565104164e-05
6766.0	15.0	1.0	0.0	2.1579996744791665e-05
6781.0	15.0	1.0	0.0	1.4661689599355062e-05
6796.0	15.0	1.0	0.0	1.0965063174565635e-05
6811.0	15.0	1.0	0.0	8.888097604115805e-06
6826.0	15.0	1.0	0.0	7.412225008010865e-06
6841.0	15.0	1.0	0.0	7.768547534942627e-06
6856.0	15.0	1.0	0.0	7.873721917470296e-06
6871.0	15.0	1.0	0.0	2.820611794789632e-05
6886.0	15.0	1.0	0.0	1.6928656895955404e-05
6901.0	15.0	1.0	0.0	5.2655037244156635e-05
6916.0	15.0	1.0	0.0	0.00043400794665014
6931.0	15.0	1.0	0.0	0.0005871057510375533
6946.0	15.0	1.0	0.0	0.00195155448913568
6961.0	15.0	1.0	0.0	0.0030837860107421396
6976.0	15.0	1.0	0.0	0.002970739746093694
6991.0	15.0	1.0	0.0	0.0035584330240884866
7006.0	15.0	1.0	0.0	0.003706436157226513
7021.0	15.0	1.0	0.0	0.0019044403076171668
7036.0	15.0	1.0	0.0	0.00129832560221348
7051.0	15.0	1.0	0.0	0.0008800882975259999
7066.0	15.0	1.0	0.0	0.0006019490559895468
7081.0	15.0	1.0	0.0	0.00026049601236976004
7096.0	15.0	1.0	0.0	9.361572265623668e-05
7111.0	15.0	1.0	0.0	4.4305419921875e-05
7126.0	15.0	1.0	0.0	2.6867675781249995e-05
7141.0	15.0	1.0	0.0	1.9125219931205118e-05
7156.0	15.0	1.0	0.0	1.3020174950361251e-05
7171.0	15.0	1.0	0.0	9.458311398824056e-06
7186.0	15.0	1.0	0.0	7.991419235865274e-06
7201.0	15.0	1.0	0.0	1.3755718866984046e-05
7216.0	15.0	1.0	0.0	1.2132028738657633e-05
7231.0	15.0	1.0	0.0	0.00022342739502587673
7246.0	15.0	1.0	0.0	0.00020441360473629663
7261.0	15.0	1.0	0.0	0.0002536509831746212
7276.0	15.0	1.0	0.0	0.0013595081965128068
7291.0	15.0	1.0	0.0	0.0016485529581705199
7306.0	15.0	1.0	0.0	0.00156215769449864
7321.0	15.0	1.0	0.0	0.003621485900878853
7336.0	15.0	1.0	0.0	0.0024453694661457663
7351.0	15.0	1.0	0.0	0.0018290049235025667
7366.0	15.0	1.0	0.0	0.00142221984863278
7381.0	15.0	1.0	0.0	0.00314821980794268
7396.0	15.0	1.0	0.0	0.0022421549479166264
7411.0	15.0	1.0	0.0	0.0006194193522135066
7426.0	15.0	1.0	0.0	0.0003971191406249666
7441.0	15.0	1.0	0.0	0.00025605265299475337
7456.0	15.0	1.0	0.0	0.000119401041666645
7471.0	15.0	1.0	0.0	5.885213216145833e-05
7486.0	15.0	1.0	0.0	2.9917399088541672e-05
7501.0	15.0	1.0	0.0	1.8412272135416665e-05
7516.0	15.0	1.0	0.0	1.6294828057289123e-05
7531.0	15.0	1.0	0.0	1.0074604550997417e-05
7546.0	15.0	1.0	0.0	7.921969890594481e-06
7561.0	15.0	1.0	0.0	6.338071823120117e-06
7576.0	15.0	1.0	0.0	7.78357187906901e-06
7591.0	15.0	1.0	0.0	5.670519669850668e-06
7606.0	15.0	1.0	0.0	7.41351048151652e-06
7621.0	15.0	1.0	0.0	6.43041610717593e-05
7636.0	15.0	1.0	0.0	5.528843402862548e-05
7651.0	15.0	1.0	0.0	0.00035014468828832785
7666.0	15.0	1.0	0.0	0.00109048805236812
7681.0	15.0	1.0	0.0	0.0016041302998860334
7696.0	15.0	1.0	0.0	0.0025304410298664934
7711.0	15.0	1.0	0.0	0.0024927098592121997
7726.0	15.0	1.0	0.0	0.00273190561930334
7741.0	15.0	1.0	0.0	0.00146306864420568
7756.0	15.0	1.0	0.0	0.0015043528238931866
7771.0	15.0	1.0	0.0	0.0012051991780598602
7786.0	15.0	1.0	0.0	0.0004238067626952733
7801.0	15.0	1.0	0.0	0.00039571838378902664
7816.0	15.0	1.0	0.0	0.00018507080078121338
7831.0	15.0	1.0	0.0	7.971598307291335e-05
7846.0	15.0	1.0	0.0	4.6734619140625e-05
7861.0	15.0	1.0	0.0	3.285115559895834e-05
7876.0	15.0	1.0	0.0	2.1618616580963134e-05
7891.0	15.0	1.0	0.0	1.5337719519933064e-05
7906.0	15.0	1.0	0.0	1.1170266071955362e-05
7921.0	15.0	1.0	0.0	1.3263102372487391e-05
7936.0	15.0	1.0	0.0	8.5541566212972e-06
7951.0	15.0	1.0	0.0	7.2638750076293934e-06
7966.0	15.0	1.0	0.0	1.4405794938405355e-05
7981.0	15.0	1.0	0.0	6.290275255838513e-05
7996.0	15.0	1.0	0.0	5.305474599202474e-05
8011.0	15.0	1.0	0.0	0.0003672803878783902
8026.0	15.0	1.0	0.0	0.0006741848627725799
8041.0	15.0	1.0	0.0	0.0010886292775471533
8056.0	15.0	1.0	0.0	0.00155184300740554
8071.0	15.0	1.0	0.0	0.0011634684244791267
8086.0	15.0	1.0	0.0	0.0015352228800455203
8101.0	15.0	1.0	0.0	0.0015130432128905732
8116.0	15.0	1.0	0.0	0.0008768636067707932
8131.0	15.0	1.0	0.0	0.0006047007242838132
8146.0	15.0	1.0	0.0	0.00047818501790360666
8161.0	15.0	1.0	0.0	0.00029776713053381325
8176.0	15.0	1.0	0.0	0.00014432271321610665
8191.0	15.0	1.0	0.0	9.984842936195084e-05
8206.0	15.0	1.0	0.0	6.440429687499667e-05
8221.0	15.0	1.0	0.0	3.282470703125001e-05
8236.0	15.0	1.0	0.0	2.1220584958791732e-05
8251.0	15.0	1.0	0.0	1.5026885022719701e-05
8266.0	15.0	1.0	0.0	1.1009957393010457e-05
8281.0	15.0	1.0	0.0	8.613491058349608e-06
8296.0	15.0	1.0	0.0	7.352741559346516e-06
8311.0	15.0	1.0	0.0	6.537719567616781e-06
8326.0	15.0	1.0	0.0	1.1905511220296225e-05
8341.0	15.0	1.0	0.0	0.00018363457520800176
8356.0	15.0	1.0	0.0	0.0006385252475738001
8371.0	15.0	1.0	0.0	0.0012737833023070664
8386.0	15.0	1.0	0.0	0.0013316215515136334
8401.0	15.0	1.0	0.0	0.0014895940144856268
8416.0	15.0	1.0	0.0	0.00132092386881506
8431.0	15.0	1.0	0.0	0.0019230595906575066
8446.0	15.0	1.0	0.0	0.0010255869547525465
8461.0	15.0	1.0	0.0	0.0005678059895832933
8476.0	15.0	1.0	0.0	0.0003519755045572467
8491.0	15.0	1.0	0.0	0.0004510477701822467
8506.0	15.0	1.0	0.0	0.00026381632486974666
8521.0	15.0	1.0	0.0	0.0003314565022786
8536.0	15.0	1.0	0.0	0.00019695739746089334
8551.0	15.0	1.0	0.0	8.097737630207165e-05
8566.0	15.0	1.0	0.0	3.9821370442708325e-05
8581.0	15.0	1.0	0.0	2.3603312174479162e-05
8596.0	15.0	1.0	0.0	1.5359497070312502e-05
8611.0	15.0	1.0	0.0	1.1066397031148276e-05
8626.0	15.0	1.0	0.0	9.767887989679971e-06
8641.0	15.0	1.0	0.0	7.148589690526327e-06
8656.0	15.0	1.0	0.0	6.69805407524109e-06
8671.0	15.0	1.0	0.0	5.760806798934936e-06
8686.0	15.0	1.0	0.0	7.496884663898128e-05
8701.0	15.0	1.0	0.0	0.0003157015482584
8716.0	15.0	1.0	0.0	0.00021194232304888374
8731.0	15.0	1.0	0.0	0.0006441750844319134
8746.0	15.0	1.0	0.0	0.0013067061106363466
8761.0	15.0	1.0	0.0	0.0009893023173013868
8776.0	15.0	1.0	0.0	0.00084797643025712
8791.0	15.0	1.0	0.0	0.0017659886678059534
8806.0	15.0	1.0	0.0	0.002103109232584587
8821.0	15.0	1.0	0.0	0.00203744303385412
8836.0	15.0	1.0	0.0	0.0013633677164713136
8851.0	15.0	1.0	0.0	0.0006113210042317201
8866.0	15.0	1.0	0.0	0.0003678944905598534
8881.0	15.0	1.0	0.0	0.00017278442382807332
8896.0	15.0	1.0	0.0	7.993164062499747e-05
8911.0	15.0	1.0	0.0	4.19525146484375e-05
8926.0	15.0	1.0	0.0	2.2901407877604165e-05
8941.0	15.0	1.0	0.0	1.5446980794270833e-05
8956.0	15.0	1.0	0.0	1.0840861002604167e-05
8971.0	15.0	1.0	0.0	8.43375672896703e-06
8986.0	15.0	1.0	0.0	6.465736528237661e-06
9001.0	15.0	1.0	0.0	5.210227767626444e-06
9016.0	15.0	1.0	0.0	4.228852192560832e-06
9031.0	15.0	1.0	0.0	6.682501236597698e-06
9046.0	15.0	1.0	0.0	9.09946640332397e-05
9061.0	15.0	1.0	0.0	3.9143983523050946e-05
9076.0	15.0	1.0	0.0	6.94274902343619e-05
9091.0	15.0	1.0	0.0	0.0006050983905791665
9106.0	15.0	1.0	0.0	0.0012368162790933732
9121.0	15.0	1.0	0.0	0.0031346906026203866
9136.0	15.0	1.0	0.0	0.0023717330932616605
9151.0	15.0	1.0	0.0	0.0017928517659504802
9166.0	15.0	1.0	0.0	0.00348645629882808
9181.0	15.0	1.0	0.0	0.0032576283772786066
9196.0	15.0	1.0	0.0	0.003557237752278593
9211.0	15.0	1.0	0.0	0.00213942667643226
9226.0	15.0	1.0	0.0	0.0016779683430989134
9241.0	15.0	1.0	0.0	0.0005572957356770399
9256.0	15.0	1.0	0.0	0.00036178181966142
9271.0	15.0	1.0	0.0	0.00020968017578122002
9286.0	15.0	1.0	0.0	0.00013686319986975332
9301.0	15.0	1.0	0.0	7.657063802083333e-05
9316.0	15.0	1.0	0.0	4.162801106770833e-05
9331.0	15.0	1.0	0.0	2.501452714204789e-05
9346.0	15.0	1.0	0.0	1.6659365594387054e-05
9361.0	15.0	1.0	0.0	1.2276887893676755e-05
9376.0	15.0	1.0	0.0	1.3808021942774453e-05
9391.0	15.0	1.0	0.0	1.1745723088582356e-05
9406.0	15.0	1.0	0.0	7.385045289992662e-05
9421.0	15.0	1.0	0.0	0.00016495448748267375
9436.0	15.0	1.0	0.0	0.00033611793518061327
9451.0	15.0	1.0	0.0	0.0007022783279418334
9466.0	15.0	1.0	0.0	0.0020187143961587933
9481.0	15.0	1.0	0.0	0.002723193359374953
9496.0	15.0	1.0	0.0	0.003902070109049448
9511.0	15.0	1.0	0.0	0.0033144907633463065
9526.0	15.0	1.0	0.0	0.0015906219482421402
9541.0	15.0	1.0	0.0	0.0016528086344400536
9556.0	15.0	1.0	0.0	0.0023060679117838075
9571.0	15.0	1.0	0.0	0.0007345275878905999
9586.0	15.0	1.0	0.0	0.0009239624023437132
9601.0	15.0	1.0	0.0	0.0008709208170572534
9616.0	15.0	1.0	0.0	0.000659238688151
9631.0	15.0	1.0	0.0	0.0005421508789062066
9646.0	15.0	1.0	0.0	0.00031927083333329335
9661.0	15.0	1.0	0.0	0.00012480672200518498
9676.0	15.0	1.0	0.0	5.660807291666668e-05
9691.0	15.0	1.0	0.0	3.0035400390625002e-05
9706.0	15.0	1.0	0.0	1.883462369441986e-05
9721.0	15.0	1.0	0.0	1.3757986823717755e-05
9736.0	15.0	1.0	0.0	1.5473270416259764e-05
9751.0	15.0	1.0	0.0	9.586552778879802e-06
9766.0	15.0	1.0	0.0	7.417114575703938e-06
9781.0	15.0	1.0	0.0	8.140190442403157e-06
9796.0	15.0	1.0	0.0	6.633742650349936e-06
9811.0	15.0	1.0	0.0	0.00033375429312384043
9826.0	15.0	1.0	0.0	0.0003394541740417
9841.0	15.0	1.0	0.0	0.0005652348200479734
9856.0	15.0	1.0	0.0	0.0006782805124918066
9871.0	15.0	1.0	0.0	0.001104103342692
9886.0	15.0	1.0	0.0	0.0007651842753091999
9901.0	15.0	1.0	0.0	0.00035639928181962
9916.0	15.0	1.0	0.0	0.00024639663696284
9931.0	15.0	1.0	0.0	0.00012796885172519832
9946.0	15.0	1.0	0.0	7.389322916666667e-05
9961.0	15.0	1.0	0.0	6.589050292968415e-05
9976.0	15.0	1.0	0.0	6.002705891927083e-05
9991.0	15.0	1.0	0.0	4.3088785807291665e-05
10006.0	15.0	1.0	0.0	3.073323567708333e-05
10021.0	15.0	1.0	0.0	2.0981852213541667e-05
10036.0	15.0	1.0	0.0	4.6909077962238744e-05
10051.0	15.0	1.0	0.0	1.8616739908854166e-05
10066.0	15.0	1.0	0.0	9.346335629622142e-06
10081.0	15.0	1.0	0.0	7.213664551575979e-06
10096.0	15.0	1.0	0.0	6.0424576203028365e-06
10111.0	15.0	1.0	0.0	5.558525522549947e-06
10126.0	15.0	1.0	0.0	4.249322414398193e-06
10141.0	15.0	1.0	0.0	1.5481231609980265e-05
10156.0	15.0	1.0	0.0	4.6260515848795575e-06
10171.0	15.0	1.0	0.0	2.64592965443929e-05
10186.0	15.0	1.0	0.0	9.772713979083045e-05
10201.0	15.0	1.0	0.0	0.00019959732691442897
10216.0	15.0	1.0	0.0	0.00014671398798621994
10231.0	15.0	1.0	0.0	0.0010352587381998132
10246.0	15.0	1.0	0.0	0.0018781700134276867
10261.0	15.0	1.0	0.0	0.002247027587890587
10276.0	15.0	1.0	0.0	0.00141029815673822
10291.0	15.0	1.0	0.0	0.00121042633056636
10306.0	15.0	1.0	0.0	0.0008160441080728735
10321.0	15.0	1.0	0.0	0.0006374481201171467
10336.0	15.0	1.0	0.0	0.0008590047200520399
10351.0	15.0	1.0	0.0	0.0003087544759114066
10366.0	15.0	1.0	0.0	0.00012156066894528168
10381.0	15.0	1.0	0.0	5.2386474609375e-05
10396.0	15.0	1.0	0.0	2.7665201822916672e-05
10411.0	15.0	1.0	0.0	2.169291178385417e-05
10426.0	15.0	1.0	0.0	1.6726300430794556e-05
10441.0	15.0	1.0	0.0	1.6813674320777256e-05
10456.0	15.0	1.0	0.0	1.566160519917806e-05
10471.0	15.0	1.0	0.0	9.565389156341552e-06
10486.0	15.0	1.0	0.0	7.959524790445964e-06
10501.0	15.0	1.0	0.0	1.0464934508005777e-05
10516.0	15.0	1.0	0.0	1.140371561050415e-05
10531.0	15.0	1.0	0.0	7.371366024016704e-05
10546.0	15.0	1.0	0.0	5.497670173645019e-05
10561.0	15.0	1.0	0.0	0.00024562946955359363
10576.0	15.0	1.0	0.0	0.0004688852310180266
10591.0	15.0	1.0	0.0	0.0008312440236409067
10606.0	15.0	1.0	0.0	0.0015211044311523
10621.0	15.0	1.0	0.0	0.0011541544596353666
10636.0	15.0	1.0	0.0	0.0007599807739257267
10651.0	15.0	1.0	0.0	0.00036590220133458673
10666.0	15.0	1.0	0.0	0.00018926289876298005
10681.0	15.0	1.0	0.0	0.00023018442789708666
10696.0	15.0	1.0	0.0	0.0001874811808267733
10711.0	15.0	1.0	0.0	0.00018557942708329335
10726.0	15.0	1.0	0.0	0.000124036661783825
10741.0	15.0	1.0	0.0	5.567677815755209e-05
10756.0	15.0	1.0	0.0	3.191935221354166e-05
10771.0	15.0	1.0	0.0	2.0731608072916667e-05
10786.0	15.0	1.0	0.0	1.3808186848958334e-05
10801.0	15.0	1.0	0.0	9.608844916025799e-06
10816.0	15.0	1.0	0.0	7.159154613812765e-06
10831.0	15.0	1.0	0.0	5.98293642203013e-06
10846.0	15.0	1.0	0.0	4.889422655105591e-06
10861.0	15.0	1.0	0.0	4.386051495869955e-06
10876.0	15.0	1.0	0.0	7.709968090057373e-06
10891.0	15.0	1.0	0.0	1.9113000233968096e-05
10906.0	15.0	1.0	0.0	3.26499342918396e-05
10921.0	15.0	1.0	0.0	0.00010564014116921138
10936.0	15.0	1.0	0.0	0.00021714356740310667
10951.0	15.0	1.0	0.0	0.0003921039263406933
10966.0	15.0	1.0	0.0	0.001855731836954693
10981.0	15.0	1.0	0.0	0.0015789960225422732
10996.0	15.0	1.0	0.0	0.0007956888834634867
11011.0	15.0	1.0	0.0	0.0018502441406249533
11026.0	15.0	1.0	0.0	0.0027860911051432063
11041.0	15.0	1.0	0.0	0.0023552093505859067
11056.0	15.0	1.0	0.0	0.0018844228108723467
11071.0	15.0	1.0	0.0	0.0006935852050780801
11086.0	15.0	1.0	0.0	0.00029999593098954
11101.0	15.0	1.0	0.0	0.00012323811848955
11116.0	15.0	1.0	0.0	7.690429687500001e-05
11131.0	15.0	1.0	0.0	4.5246378580729164e-05
11146.0	15.0	1.0	0.0	2.7263387044270833e-05
11161.0	15.0	1.0	0.0	1.7902528246243794e-05
11176.0	15.0	1.0	0.0	1.2476067741711934e-05
11191.0	15.0	1.0	0.0	9.316166241963702e-06
11206.0	15.0	1.0	0.0	7.038203875223797e-06
11221.0	15.0	1.0	0.0	6.990094979604087e-06
11236.0	15.0	1.0	0.0	5.572084585825601e-06
11251.0	15.0	1.0	0.0	7.235018412272135e-06
11266.0	15.0	1.0	0.0	5.298136870065744e-05
11281.0	15.0	1.0	0.0	0.0002378509600956694
11296.0	15.0	1.0	0.0	0.00020787506103510668
11311.0	15.0	1.0	0.0	0.0008801272074380999
11326.0	15.0	1.0	0.0	0.0011488152821858134
11341.0	15.0	1.0	0.0	0.0017492149353026934
11356.0	15.0	1.0	0.0	0.0027265014648437135
11371.0	15.0	1.0	0.0	0.00109308319091792
11386.0	15.0	1.0	0.0	0.0009672785441080333
11401.0	15.0	1.0	0.0	0.0009502746582030799
11416.0	15.0	1.0	0.0	0.00037380879720047333
11431.0	15.0	1.0	0.0	0.0001880493164062133
11446.0	15.0	1.0	0.0	0.00013926391601558664
11461.0	15.0	1.0	0.0	8.146362304687001e-05
11476.0	15.0	1.0	0.0	4.656982421875e-05
11491.0	15.0	1.0	0.0	2.9711914062499997e-05
11506.0	15.0	1.0	0.0	2.2362263997395834e-05
11521.0	15.0	1.0	0.0	1.559956868489583e-05
11536.0	15.0	1.0	0.0	1.1430500944455465e-05
11551.0	15.0	1.0	0.0	8.57098400592804e-06
11566.0	15.0	1.0	0.0	8.508952458699544e-06
11581.0	15.0	1.0	0.0	6.103183825810751e-06
11596.0	15.0	1.0	0.0	5.0020217895507805e-06
11611.0	15.0	1.0	0.0	4.383640686670055e-05
11626.0	15.0	1.0	0.0	8.899002075193028e-05
11641.0	15.0	1.0	0.0	0.00010829259554543153
11656.0	15.0	1.0	0.0	0.00012602167129514472
11671.0	15.0	1.0	0.0	0.0007966261545816604
11686.0	15.0	1.0	0.0	0.0040386569976806124
11701.0	15.0	1.0	0.0	0.0013590754191080334
11716.0	15.0	1.0	0.0	0.00103828582763668
11731.0	15.0	1.0	0.0	0.00160195668538406
11746.0	15.0	1.0	0.0	0.0016480265299478798
11761.0	15.0	1.0	0.0	0.0013647216796874536
11776.0	15.0	1.0	0.0	0.0004430094401041333
11791.0	15.0	1.0	0.0	0.00017362874348953998
11806.0	15.0	1.0	0.0	0.00013571268717444668
11821.0	15.0	1.0	0.0	0.00010684407552080248
11836.0	15.0	1.0	0.0	5.663553873697918e-05
11851.0	15.0	1.0	0.0	3.0630493164062494e-05
11866.0	15.0	1.0	0.0	1.8764241536458334e-05
11881.0	15.0	1.0	0.0	1.2562052408854167e-05
11896.0	15.0	1.0	0.0	1.0581640899181364e-05
11911.0	15.0	1.0	0.0	7.633950809637705e-06
11926.0	15.0	1.0	0.0	6.854761640230814e-06
11941.0	15.0	1.0	0.0	8.730844656626385e-06
11956.0	15.0	1.0	0.0	1.357643206914266e-05
11971.0	15.0	1.0	0.0	1.3600782553354897e-05
11986.0	15.0	1.0	0.0	0.00014098099072770983
12001.0	15.0	1.0	0.0	0.00024549533526097337
12016.0	15.0	1.0	0.0	9.285860061645208e-05
12031.0	15.0	1.0	0.0	0.0003711778004963776
12046.0	15.0	1.0	0.0	0.0006842716217040399
12061.0	15.0	1.0	0.0	0.0009045978546142068
12076.0	15.0	1.0	0.0	0.0010249631245930466
12091.0	15.0	1.0	0.0	0.0007091855367024199
12106.0	15.0	1.0	0.0	0.0019340998331705134
12121.0	15.0	1.0	0.0	0.002474035135904893
12136.0	15.0	1.0	0.0	0.00136222127278642
12151.0	15.0	1.0	0.0	0.00047017822265620665
12166.0	15.0	1.0	0.0	0.00018712056477859337
12181.0	15.0	1.0	0.0	0.00011272583007809334
12196.0	15.0	1.0	0.0	6.549987792968749e-05
12211.0	15.0	1.0	0.0	3.9354451497395836e-05
12226.0	15.0	1.0	0.0	2.3770141601562505e-05
12241.0	15.0	1.0	0.0	2.2892252604166673e-05
12256.0	15.0	1.0	0.0	1.2241093566020329e-05
12271.0	15.0	1.0	0.0	9.3403197824955e-06
12286.0	15.0	1.0	0.0	7.076356808344523e-06
12301.0	15.0	1.0	0.0	5.737056334813435e-06
12316.0	15.0	1.0	0.0	4.7634204228719075e-06
12331.0	15.0	1.0	0.0	4.68933383623759e-06
12346.0	15.0	1.0	0.0	1.1761236190795896e-05
12361.0	15.0	1.0	0.0	9.35062567392985e-06
12376.0	15.0	1.0	0.0	9.543392260867367e-05
12391.0	15.0	1.0	0.0	0.00020528717041013716
12406.0	15.0	1.0	0.0	0.00015035403569536317
12421.0	15.0	1.0	0.0	0.00042359898885086634
12436.0	15.0	1.0	0.0	0.0006032101949055466
12451.0	15.0	1.0	0.0	0.001277486038207953
12466.0	15.0	1.0	0.0	0.0012619600931802932
12481.0	15.0	1.0	0.0	0.0016046674092610334
12496.0	15.0	1.0	0.0	0.00145295867919918
12511.0	15.0	1.0	0.0	0.0017835591634114
12526.0	15.0	1.0	0.0	0.0008277842203775533
12541.0	15.0	1.0	0.0	0.00029159444173172666
12556.0	15.0	1.0	0.0	0.00013009134928382917
12571.0	15.0	1.0	0.0	6.118876139322917e-05
12586.0	15.0	1.0	0.0	3.273111979166667e-05
12601.0	15.0	1.0	0.0	1.9328816731770836e-05
12616.0	15.0	1.0	0.0	1.2648518880208331e-05
12631.0	15.0	1.0	0.0	8.865270018577576e-06
12646.0	15.0	1.0	0.0	7.600508133570354e-06
12661.0	15.0	1.0	0.0	9.144756197929381e-06
12676.0	15.0	1.0	0.0	5.128326018651327e-06
12691.0	15.0	1.0	0.0	2.3106402158737185e-05
12706.0	15.0	1.0	0.0	0.00011371746063231375
12721.0	15.0	1.0	0.0	0.00019416899681086854
12736.0	15.0	1.0	0.0	0.0003634847640990667
12751.0	15.0	1.0	0.0	0.0005860504786173133
12766.0	15.0	1.0	0.0	0.0026453268686929803
12781.0	15.0	1.0	0.0	0.0024514546712238934
12796.0	15.0	1.0	0.0	0.0036014862060546335
12811.0	15.0	1.0	0.0	0.003894237263997361
12826.0	15.0	1.0	0.0	0.0030516611735025606
12841.0	15.0	1.0	0.0	0.0016724711100259933
12856.0	15.0	1.0	0.0	0.0010896036783853735
12871.0	15.0	1.0	0.0	0.0008790445963541333
12886.0	15.0	1.0	0.0	0.00035807698567704674
12901.0	15.0	1.0	0.0	0.00015991617838537336
12916.0	15.0	1.0	0.0	0.00014670410156246
12931.0	15.0	1.0	0.0	0.00010524291992184833
12946.0	15.0	1.0	0.0	6.1016845703125e-05
12961.0	15.0	1.0	0.0	3.454996744791666e-05
12976.0	15.0	1.0	0.0	2.0324707031249998e-05
12991.0	15.0	1.0	0.0	1.3442554573218029e-05
13006.0	15.0	1.0	0.0	9.715081751346589e-06
13021.0	15.0	1.0	0.0	7.679736614227294e-06
13036.0	15.0	1.0	0.0	6.0264050960540766e-06
13051.0	15.0	1.0	0.0	6.076417366663614e-06
13066.0	15.0	1.0	0.0	1.8503650029500328e-05
13081.0	15.0	1.0	0.0	0.0002624087572097494
13096.0	15.0	1.0	0.0	0.0004090084711710066
13111.0	15.0	1.0	0.0	0.0015953781127929197
13126.0	15.0	1.0	0.0	0.0019059613545735269
13141.0	15.0	1.0	0.0	0.00166498921712234
13156.0	15.0	1.0	0.0	0.003120324198404893
13171.0	15.0	1.0	0.0	0.003642379760742147
13186.0	15.0	1.0	0.0	0.0033822133382160934
13201.0	15.0	1.0	0.0	0.0025234893798827735
13216.0	15.0	1.0	0.0	0.0024394877115884997
13231.0	15.0	1.0	0.0	0.0009158548990885067
13246.0	15.0	1.0	0.0	0.0010892639160155935
13261.0	15.0	1.0	0.0	0.0004739013671874733
13276.0	15.0	1.0	0.0	0.00021990763346350665
13291.0	15.0	1.0	0.0	0.00018281249999996003
13306.0	15.0	1.0	0.0	9.078776041665499e-05
13321.0	15.0	1.0	0.0	4.8402913411458335e-05
13336.0	15.0	1.0	0.0	2.953694661458333e-05
13351.0	15.0	1.0	0.0	1.9703522821267444e-05
13366.0	15.0	1.0	0.0	1.3500418762365978e-05
13381.0	15.0	1.0	0.0	9.731485446294147e-06
13396.0	15.0	1.0	0.0	8.305692672729492e-06
13411.0	15.0	1.0	0.0	6.516627470652263e-06
13426.0	15.0	1.0	0.0	6.74054344495019e-05
13441.0	15.0	1.0	0.0	1.7201733589172366e-05
13456.0	15.0	1.0	0.0	4.833483695983887e-05
13471.0	15.0	1.0	0.0	0.00026545472145074
13486.0	15.0	1.0	0.0	0.0008706643740335668
13501.0	15.0	1.0	0.0	0.0020893254597981197
13516.0	15.0	1.0	0.0	0.002468359883626273
13531.0	15.0	1.0	0.0	0.0013375600179035866
13546.0	15.0	1.0	0.0	0.0017473093668619267
13561.0	15.0	1.0	0.0	0.0021904927571614135
13576.0	15.0	1.0	0.0	0.0010691884358723467
13591.0	15.0	1.0	0.0	0.0019605987548827596
13606.0	15.0	1.0	0.0	0.00080026346842444
13621.0	15.0	1.0	0.0	0.00047847086588537343
13636.0	15.0	1.0	0.0	0.00028950195312496004
13651.0	15.0	1.0	0.0	0.00019859313964839335
13666.0	15.0	1.0	0.0	0.00013357137044266832
13681.0	15.0	1.0	0.0	6.270243326822917e-05
13696.0	15.0	1.0	0.0	3.387349446614583e-05
13711.0	15.0	1.0	0.0	2.0356241861979164e-05
13726.0	15.0	1.0	0.0	1.3823769489924112e-05
13741.0	15.0	1.0	0.0	1.0005152225494385e-05
13756.0	15.0	1.0	0.0	7.443225383758545e-06
13771.0	15.0	1.0	0.0	6.259475151697795e-06
13786.0	15.0	1.0	0.0	5.059043566385906e-06
13801.0	15.0	1.0	0.0	4.456424713134765e-06
13816.0	15.0	1.0	0.0	3.7626425425211588e-06
13831.0	15.0	1.0	0.0	2.8954450289403682e-05
13846.0	15.0	1.0	0.0	0.00019528197447456224
13861.0	15.0	1.0	0.0	0.0004549290339151601
13876.0	15.0	1.0	0.0	0.0009228883743285534
13891.0	15.0	1.0	0.0	0.002593079376220654
13906.0	15.0	1.0	0.0	0.0013676958719888864
13921.0	15.0	1.0	0.0	0.0005793090820311999
13936.0	15.0	1.0	0.0	0.0003303914388020333
13951.0	15.0	1.0	0.0	0.0001803787231445
13966.0	15.0	1.0	0.0	0.0001801030476887533
13981.0	15.0	1.0	0.0	0.00026687927246089334
13996.0	15.0	1.0	0.0	0.00019973246256506
14011.0	15.0	1.0	0.0	0.000100515238444
14026.0	15.0	1.0	0.0	4.9453226725260415e-05
14041.0	15.0	1.0	0.0	2.6543172200520837e-05
14056.0	15.0	1.0	0.0	1.598714192708333e-05
14071.0	15.0	1.0	0.0	1.08612060546875e-05
14086.0	15.0	1.0	0.0	7.65972485144933e-06
14101.0	15.0	1.0	0.0	5.870257318019866e-06
14116.0	15.0	1.0	0.0	4.7718703746795655e-06
14131.0	15.0	1.0	0.0	5.018202463785807e-06
14146.0	15.0	1.0	0.0	1.0680081446965537e-05
14161.0	15.0	1.0	0.0	2.6347563664111815e-05
14176.0	15.0	1.0	0.0	2.0779840151468908e-05
14191.0	15.0	1.0	0.0	1.5667676925659177e-05
14206.0	15.0	1.0	0.0	2.9453023274739585e-05
14221.0	15.0	1.0	0.0	6.930584112802872e-05
14236.0	15.0	1.0	0.0	0.0002410189787546415
14251.0	15.0	1.0	0.0	0.00040088637669876
14266.0	15.0	1.0	0.0	0.0007685565948485866
14281.0	15.0	1.0	0.0	0.0009267298380533399
14296.0	15.0	1.0	0.0	0.0014733622233072466
14311.0	15.0	1.0	0.0	0.00120690205891922
14326.0	15.0	1.0	0.0	0.0008545771280923866
14341.0	15.0	1.0	0.0	0.0005898793538411
14356.0	15.0	1.0	0.0	0.00042084655761714
14371.0	15.0	1.0	0.0	0.0001884419759114133
14386.0	15.0	1.0	0.0	8.566080729165456e-05
14401.0	15.0	1.0	0.0	4.760843912760417e-05
14416.0	15.0	1.0	0.0	3.34930419921875e-05
14431.0	15.0	1.0	0.0	2.246500651041667e-05
14446.0	15.0	1.0	0.0	1.562540257970492e-05
14461.0	15.0	1.0	0.0	1.1325919379790625e-05
14476.0	15.0	1.0	0.0	8.44424267609914e-06
14491.0	15.0	1.0	0.0	6.5255721410115555e-06
14506.0	15.0	1.0	0.0	5.580641825993855e-06
14521.0	15.0	1.0	0.0	4.589931170145671e-06
14536.0	15.0	1.0	0.0	1.1045785744984944e-05
14551.0	15.0	1.0	0.0	0.0001363690892854981
14566.0	15.0	1.0	0.0	0.00029345924059544004
14581.0	15.0	1.0	0.0	0.0005846326828002533
14596.0	15.0	1.0	0.0	0.00065060087839758
14611.0	15.0	1.0	0.0	0.0024531617482502796
14626.0	15.0	1.0	0.0	0.003972849273681587
14641.0	15.0	1.0	0.0	0.0025283864339192136
14656.0	15.0	1.0	0.0	0.0023650441487629795
14671.0	15.0	1.0	0.0	0.0026414550781249596
14686.0	15.0	1.0	0.0	0.0015268035888671464
14701.0	15.0	1.0	0.0	0.0007934916178385066
14716.0	15.0	1.0	0.0	0.0007419555664062
14731.0	15.0	1.0	0.0	0.0007382995605468467
14746.0	15.0	1.0	0.0	0.0005424458821614267
14761.0	15.0	1.0	0.0	0.00026473795572912667
14776.0	15.0	1.0	0.0	9.577433268227665e-05
14791.0	15.0	1.0	0.0	4.2755126953125e-05
14806.0	15.0	1.0	0.0	2.3565673828124997e-05
14821.0	15.0	1.0	0.0	1.5435124437014262e-05
14836.0	15.0	1.0	0.0	1.0631095369656881e-05
14851.0	15.0	1.0	0.0	7.664138078689575e-06
14866.0	15.0	1.0	0.0	7.471797863642374e-06
14881.0	15.0	1.0	0.0	5.707661310831706e-06
14896.0	15.0	1.0	0.0	2.5598136583964026e-05
14911.0	15.0	1.0	0.0	8.378324508664981e-05
14926.0	15.0	1.0	0.0	5.207230250039658e-05
14941.0	15.0	1.0	0.0	0.00012817312876380876
14956.0	15.0	1.0	0.0	0.00033847875595087993
14971.0	15.0	1.0	0.0	0.0012006834665933667
14986.0	15.0	1.0	0.0	0.0025532287597655797
15001.0	15.0	1.0	0.0	0.002475875854492147
15016.0	15.0	1.0	0.0	0.00301086018880206
15031.0	15.0	1.0	0.0	0.00129836629231768
15046.0	15.0	1.0	0.0	0.0012180257161458002
15061.0	15.0	1.0	0.0	0.0007197601318358933
15076.0	15.0	1.0	0.0	0.0004385406494140067
15091.0	15.0	1.0	0.0	0.00027132364908850003
15106.0	15.0	1.0	0.0	0.0001907552083333
15121.0	15.0	1.0	0.0	0.00011854451497391501
15136.0	15.0	1.0	0.0	6.320597330729166e-05
15151.0	15.0	1.0	0.0	3.575846354166666e-05
15166.0	15.0	1.0	0.0	2.3239135742187502e-05
15181.0	15.0	1.0	0.0	1.5617411832014722e-05
15196.0	15.0	1.0	0.0	1.1179076135158536e-05
15211.0	15.0	1.0	0.0	8.383448918660484e-06
15226.0	15.0	1.0	0.0	6.6813707351684566e-06
15241.0	15.0	1.0	0.0	6.4510305722554525e-06
15256.0	15.0	1.0	0.0	5.4867959022516255e-05
15271.0	15.0	1.0	0.0	3.822050094604491e-05
15286.0	15.0	1.0	0.0	0.00015301054318743354
15301.0	15.0	1.0	0.0	0.0006109989166259201
15316.0	15.0	1.0	0.0	0.0016711558024088001
15331.0	15.0	1.0	0.0	0.0015162851969400398
15346.0	15.0	1.0	0.0	0.0015888015747069935
15361.0	15.0	1.0	0.0	0.0021706522623697404
15376.0	15.0	1.0	0.0	0.0026280364990233936
15391.0	15.0	1.0	0.0	0.0024020833333332934
15406.0	15.0	1.0	0.0	0.0014308319091796335
15421.0	15.0	1.0	0.0	0.00083687642415362
15436.0	15.0	1.0	0.0	0.0005963785807291332
15451.0	15.0	1.0	0.0	0.0009195821126301801
15466.0	15.0	1.0	0.0	0.00034875895182287335
15481.0	15.0	1.0	0.0	0.00021419576009110668
15496.0	15.0	1.0	0.0	0.00011691894531247666
15511.0	15.0	1.0	0.0	5.703735351562501e-05
15526.0	15.0	1.0	0.0	2.955322265625e-05
15541.0	15.0	1.0	0.0	1.892833337187767e-05
15556.0	15.0	1.0	0.0	1.412282461921374e-05
15571.0	15.0	1.0	0.0	1.1218844850858054e-05
15586.0	15.0	1.0	0.0	8.308708667755126e-06
15601.0	15.0	1.0	0.0	1.4960833390553791e-05
15616.0	15.0	1.0	0.0	0.0002228662689526671
15631.0	15.0	1.0	0.0	0.0003514158566792267
15646.0	15.0	1.0	0.0	0.00027006098429356666
15661.0	15.0	1.0	0.0	0.0003175095876057467
15676.0	15.0	1.0	0.0	0.0003667907714843333
15691.0	15.0	1.0	0.0	0.0006783190409341866
15706.0	15.0	1.0	0.0	0.0022496439615884998
15721.0	15.0	1.0	0.0	0.00347906138102208
15736.0	15.0	1.0	0.0	0.001998655192057246
15751.0	15.0	1.0	0.0	0.0013306304931640202
15766.0	15.0	1.0	0.0	0.00155514119466142
15781.0	15.0	1.0	0.0	0.0017095072428384935
15796.0	15.0	1.0	0.0	0.0008835876464843399
15811.0	15.0	1.0	0.0	0.00033738911946610666
15826.0	15.0	1.0	0.0	0.00016961873372392001
15841.0	15.0	1.0	0.0	9.079284667967665e-05
15856.0	15.0	1.0	0.0	5.8914184570312496e-05
15871.0	15.0	1.0	0.0	3.8565063476562495e-05
15886.0	15.0	1.0	0.0	2.9844156901041663e-05
15901.0	15.0	1.0	0.0	2.135823567708333e-05
15916.0	15.0	1.0	0.0	1.479927102724711e-05
15931.0	15.0	1.0	0.0	1.1344492435455323e-05
15946.0	15.0	1.0	0.0	9.687032302220662e-06
15961.0	15.0	1.0	0.0	7.463693618774414e-06
15976.0	15.0	1.0	0.0	7.333962122599284e-06
15991.0	15.0	1.0	0.0	4.99852299690159e-05
16006.0	15.0	1.0	0.0	9.377583662666453e-05
16021.0	15.0	1.0	0.0	0.00012091876665748956
16036.0	15.0	1.0	0.0	8.673807779946707e-05
16051.0	15.0	1.0	0.0	0.0005149592399596667
16066.0	15.0	1.0	0.0	0.0012767187118529867
16081.0	15.0	1.0	0.0	0.0015449333190917399
16096.0	15.0	1.0	0.0	0.0016100402832030865
16111.0	15.0	1.0	0.0	0.00163061472574866
16126.0	15.0	1.0	0.0	0.0009029963175455265
16141.0	15.0	1.0	0.0	0.0009224314371744267
16156.0	15.0	1.0	0.0	0.00050472615559892
16171.0	15.0	1.0	0.0	0.0002926971435546467
16186.0	15.0	1.0	0.0	0.00018471883138015336
16201.0	15.0	1.0	0.0	0.00010527242024738418
16216.0	15.0	1.0	0.0	7.035522460937082e-05
16231.0	15.0	1.0	0.0	5.121968587239583e-05
16246.0	15.0	1.0	0.0	3.147684733072917e-05
16261.0	15.0	1.0	0.0	2.102152506510417e-05
16276.0	15.0	1.0	0.0	1.4478601018587748e-05
16291.0	15.0	1.0	0.0	1.0414915283521016e-05
16306.0	15.0	1.0	0.0	8.04964303970337e-06
16321.0	15.0	1.0	0.0	6.330021222432453e-06
16336.0	15.0	1.0	0.0	5.4172416528066e-06
16351.0	15.0	1.0	0.0	3.303849299747923e-05
16366.0	15.0	1.0	0.0	3.896539211272706e-05
16381.0	15.0	1.0	0.0	0.0001252442677815477
16396.0	15.0	1.0	0.0	8.650396664936378e-05
16411.0	15.0	1.0	0.0	0.00016336803436274664
16426.0	15.0	1.0	0.0	0.00023256826400752
16441.0	15.0	1.0	0.0	0.0018976497650146
16456.0	15.0	1.0	0.0	0.0017710810343423867
16471.0	15.0	1.0	0.0	0.0017171798706054199
16486.0	15.0	1.0	0.0	0.0031675384521483866
16501.0	15.0	1.0	0.0	0.0025181528727213137
16516.0	15.0	1.0	0.0	0.0015166595458983867
16531.0	15.0	1.0	0.0	0.0006246175130207932
16546.0	15.0	1.0	0.0	0.00023523966471350002
16561.0	15.0	1.0	0.0	0.0001215199788411067
16576.0	15.0	1.0	0.0	6.338602701822916e-05
16591.0	15.0	1.0	0.0	3.663330078125e-05
16606.0	15.0	1.0	0.0	2.462666829427083e-05
16621.0	15.0	1.0	0.0	1.827392578125e-05
16636.0	15.0	1.0	0.0	1.2151495863993966e-05
16651.0	15.0	1.0	0.0	8.901555091142654e-06
16666.0	15.0	1.0	0.0	6.818621357282004e-06
16681.0	15.0	1.0	0.0	5.52827517191569e-06
16696.0	15.0	1.0	0.0	4.999834299087524e-06
16711.0	15.0	1.0	0.0	0.00017446754177408546
16726.0	15.0	1.0	0.0	5.787663459777832e-05
16741.0	15.0	1.0	0.0	0.00012000908851622217
16756.0	15.0	1.0	0.0	0.00013723243077591333
16771.0	15.0	1.0	0.0	0.0005327437400817399
16786.0	15.0	1.0	0.0	0.0020495755513508535
16801.0	15.0	1.0	0.0	0.00247269948323564
16816.0	15.0	1.0	0.0	0.001590203857421833
16831.0	15.0	1.0	0.0	0.0012942799886067266
16846.0	15.0	1.0	0.0	0.002502780659993446
16861.0	15.0	1.0	0.0	0.0010979929606119332
16876.0	15.0	1.0	0.0	0.00045897827148432663
16891.0	15.0	1.0	0.0	0.00017971089680985335
16906.0	15.0	1.0	0.0	9.185078938800751e-05
16921.0	15.0	1.0	0.0	6.587219238281249e-05
16936.0	15.0	1.0	0.0	4.66156005859375e-05
16951.0	15.0	1.0	0.0	3.016153971354167e-05
16966.0	15.0	1.0	0.0	1.9865926106770834e-05
16981.0	15.0	1.0	0.0	1.3774617513020834e-05
16996.0	15.0	1.0	0.0	9.739176432291668e-06
17011.0	15.0	1.0	0.0	7.220607499281567e-06
17026.0	15.0	1.0	0.0	5.654722948869071e-06
17041.0	15.0	1.0	0.0	4.4067909320195525e-06
17056.0	15.0	1.0	0.0	3.739912311236064e-06
17071.0	15.0	1.0	0.0	5.690109729766844e-06
17086.0	15.0	1.0	0.0	5.715896685918171e-06
17101.0	15.0	1.0	0.0	1.9524417320887247e-05
17116.0	15.0	1.0	0.0	0.00024033066431678422
17131.0	15.0	1.0	0.0	0.00042552394866937995
17146.0	15.0	1.0	0.0	0.00047432155609126666
17161.0	15.0	1.0	0.0	0.0011113335927326932
17176.0	15.0	1.0	0.0	0.002229994201660113
17191.0	15.0	1.0	0.0	0.0023282389322916335
17206.0	15.0	1.0	0.0	0.0008239054361978668
17221.0	15.0	1.0	0.0	0.00049299519856766
17236.0	15.0	1.0	0.0	0.0006551981608072401
17251.0	15.0	1.0	0.0	0.0009019612630207934
17266.0	15.0	1.0	0.0	0.00099164326985672
17281.0	15.0	1.0	0.0	0.0006153798421223534
17296.0	15.0	1.0	0.0	0.00025605570475255334
17311.0	15.0	1.0	0.0	9.987182617184667e-05
17326.0	15.0	1.0	0.0	5.110880533854167e-05
17341.0	15.0	1.0	0.0	3.2916259765624987e-05
17356.0	15.0	1.0	0.0	2.0354207356770835e-05
17371.0	15.0	1.0	0.0	1.3521018624305724e-05
17386.0	15.0	1.0	0.0	9.686748186747234e-06
17401.0	15.0	1.0	0.0	7.4947506189346314e-06
17416.0	15.0	1.0	0.0	1.1210942268371582e-05
17431.0	15.0	1.0	0.0	1.1319237947463988e-05
17446.0	15.0	1.0	0.0	5.7388897736855876e-05
17461.0	15.0	1.0	0.0	9.851864178974145e-05
17476.0	15.0	1.0	0.0	2.8755839665730797e-05
17491.0	15.0	1.0	0.0	0.0001423422018686723
17506.0	15.0	1.0	0.0	0.00028703111012772
17521.0	15.0	1.0	0.0	0.0006339541117349867
17536.0	15.0	1.0	0.0	0.00155486729939774
17551.0	15.0	1.0	0.0	0.0014786158243814602
17566.0	15.0	1.0	0.0	0.0016698262532551535
17581.0	15.0	1.0	0.0	0.002603055826822873
17596.0	15.0	1.0	0.0	0.0010672403971353733
17611.0	15.0	1.0	0.0	0.00061892496744786
17626.0	15.0	1.0	0.0	0.0012728302001952733
17641.0	15.0	1.0	0.0	0.0011714141845702599
17656.0	15.0	1.0	0.0	0.0005706817626952733
17671.0	15.0	1.0	0.0	0.00028265889485672
17686.0	15.0	1.0	0.0	0.00011179911295569417
17701.0	15.0	1.0	0.0	5.9517415364583345e-05
17716.0	15.0	1.0	0.0	3.3514404296874995e-05
17731.0	15.0	1.0	0.0	2.0917122066020967e-05
17746.0	15.0	1.0	0.0	1.3586434225241343e-05
17761.0	15.0	1.0	0.0	9.88049805164337e-06
17776.0	15.0	1.0	0.0	7.657843828201296e-06
17791.0	15.0	1.0	0.0	6.179942687352499e-06
17806.0	15.0	1.0	0.0	5.060120423634846e-06
17821.0	15.0	1.0	0.0	3.9208193620038766e-05
17836.0	15.0	1.0	0.0	1.829671065012614e-05
17851.0	15.0	1.0	0.0	0.00021521859963732087
17866.0	15.0	1.0	0.0	0.00064648946126296
17881.0	15.0	1.0	0.0	0.0009784332911172932
17896.0	15.0	1.0	0.0	0.0006297776540120001
17911.0	15.0	1.0	0.0	0.0007097188313801667
17926.0	15.0	1.0	0.0	0.0011392450968423931
17941.0	15.0	1.0	0.0	0.00071504058837886
17956.0	15.0	1.0	0.0	0.00039996185302730667
17971.0	15.0	1.0	0.0	0.0003165486653645333
17986.0	15.0	1.0	0.0	0.00029444936116532666
18001.0	15.0	1.0	0.0	0.00018551890055334004
18016.0	15.0	1.0	0.0	9.167785644530292e-05
18031.0	15.0	1.0	0.0	5.1830037434895824e-05
18046.0	15.0	1.0	0.0	3.134714762369791e-05
18061.0	15.0	1.0	0.0	1.877492268880209e-05
18076.0	15.0	1.0	0.0	1.2386067708333333e-05
18091.0	15.0	1.0	0.0	9.021504720052082e-06
18106.0	15.0	1.0	0.0	6.825479865074158e-06
18121.0	15.0	1.0	0.0	5.244388182957968e-06
18136.0	15.0	1.0	0.0	4.281997680664063e-06
18151.0	15.0	1.0	0.0	3.8070907195409142e-06
18166.0	15.0	1.0	0.0	5.805250008900959e-06
18181.0	15.0	1.0	0.0	7.58679290612478e-05
18196.0	15.0	1.0	0.0	9.521341323849952e-05
18211.0	15.0	1.0	0.0	0.00034827521642045355
18226.0	15.0	1.0	0.0	0.0006185738881428666
18241.0	15.0	1.0	0.0	0.0014708941141763734
18256.0	7.0	1.0	0.0	0.0013056667872837
