stress_period	sp_length	time_step	study (0 : TS or 1 : SS)	rech
0.0	1.0	1.0	1.0	0.0005658614305834779
1.0	21.0	1.0	0.0	0.0024114060174850716
22.0	21.0	1.0	0.0	0.003483638218470933
43.0	21.0	1.0	0.0	0.0036370173863001765
64.0	21.0	1.0	0.0	0.001961944580078091
85.0	21.0	1.0	0.0	0.0023303833007812047
106.0	21.0	1.0	0.0	0.0009305739629836047
127.0	21.0	1.0	0.0	0.00019234357561380002
148.0	21.0	1.0	0.0	6.602696010044643e-05
169.0	21.0	1.0	0.0	3.49062965029762e-05
190.0	21.0	1.0	0.0	2.2510346912202384e-05
211.0	21.0	1.0	0.0	1.512230010259719e-05
232.0	21.0	1.0	0.0	9.881805805932906e-06
253.0	21.0	1.0	0.0	7.028857866923012e-06
274.0	21.0	1.0	0.0	3.57923649606181e-05
295.0	21.0	1.0	0.0	8.72676713126046e-06
316.0	21.0	1.0	0.0	0.00012942638851344727
337.0	21.0	1.0	0.0	0.00018830517360138345
358.0	21.0	1.0	0.0	0.001542267935616581
379.0	21.0	1.0	0.0	0.002747827620733305
400.0	21.0	1.0	0.0	0.001848946707589243
421.0	21.0	1.0	0.0	0.0015622645786829905
442.0	21.0	1.0	0.0	0.0014747401646204904
463.0	21.0	1.0	0.0	0.0004984341575985379
484.0	21.0	1.0	0.0	0.0002130497523716047
505.0	21.0	1.0	0.0	0.00010029093424475833
526.0	21.0	1.0	0.0	4.1949317568824415e-05
547.0	21.0	1.0	0.0	1.9495646158854157e-05
568.0	21.0	1.0	0.0	1.098774763799849e-05
589.0	21.0	1.0	0.0	9.556318677607037e-06
610.0	21.0	1.0	0.0	5.621495701017834e-06
631.0	21.0	1.0	0.0	4.641779831477574e-06
652.0	21.0	1.0	0.0	1.3456424077351892e-05
673.0	21.0	1.0	0.0	1.2296642575945172e-05
694.0	21.0	1.0	0.0	0.0001480398348399214
715.0	21.0	1.0	0.0	0.0006985741115751239
736.0	21.0	1.0	0.0	0.0004919594355991383
757.0	21.0	1.0	0.0	0.0003056299118768095
778.0	21.0	1.0	0.0	0.0014832529340470999
799.0	21.0	1.0	0.0	0.0015973761422293092
820.0	21.0	1.0	0.0	0.0005495768955775332
841.0	21.0	1.0	0.0	0.0002634582519530714
862.0	21.0	1.0	0.0	9.866696312312084e-05
883.0	21.0	1.0	0.0	5.096689860026043e-05
904.0	21.0	1.0	0.0	2.629525320870535e-05
925.0	21.0	1.0	0.0	1.3215690585119383e-05
946.0	21.0	1.0	0.0	8.785823537480263e-06
967.0	21.0	1.0	0.0	6.145659656751724e-06
988.0	21.0	1.0	0.0	4.773171175093879e-06
1009.0	21.0	1.0	0.0	5.362361669540405e-06
1030.0	21.0	1.0	0.0	0.0001897534472601585
1051.0	21.0	1.0	0.0	0.0005478526524134523
1072.0	21.0	1.0	0.0	0.0006512562888008668
1093.0	21.0	1.0	0.0	0.0015084800720214237
1114.0	21.0	1.0	0.0	0.001656676337832438
1135.0	21.0	1.0	0.0	0.0007280327933174715
1156.0	21.0	1.0	0.0	0.0003937170846121238
1177.0	21.0	1.0	0.0	0.0005607470557802809
1198.0	21.0	1.0	0.0	0.0003582124255951952
1219.0	21.0	1.0	0.0	0.0002603178478422143
1240.0	21.0	1.0	0.0	0.0001163286481584542
1261.0	21.0	1.0	0.0	5.045064290364583e-05
1282.0	21.0	1.0	0.0	2.489435105096726e-05
1303.0	21.0	1.0	0.0	1.3527986549195788e-05
1324.0	21.0	1.0	0.0	8.594930171966552e-06
1345.0	21.0	1.0	0.0	6.131230365662348e-06
1366.0	21.0	1.0	0.0	4.793282066072735e-06
1387.0	21.0	1.0	0.0	1.0713659581683932e-05
1408.0	21.0	1.0	0.0	2.781094823564802e-05
1429.0	21.0	1.0	0.0	6.40325943628904e-05
1450.0	21.0	1.0	0.0	0.0002300106230235762
1471.0	21.0	1.0	0.0	0.00016243557702921429
1492.0	21.0	1.0	0.0	0.000831380934942281
1513.0	21.0	1.0	0.0	0.002037644431704514
1534.0	21.0	1.0	0.0	0.0005831059047153616
1555.0	21.0	1.0	0.0	0.000591619582403219
1576.0	21.0	1.0	0.0	0.0002681615920293333
1597.0	21.0	1.0	0.0	0.00013375309535432293
1618.0	21.0	1.0	0.0	4.794493175688244e-05
1639.0	21.0	1.0	0.0	2.2031511579241066e-05
1660.0	21.0	1.0	0.0	1.2843078445820583e-05
1681.0	21.0	1.0	0.0	8.19614352214904e-06
1702.0	21.0	1.0	0.0	6.8215273675464435e-06
1723.0	21.0	1.0	0.0	5.662946473984492e-06
1744.0	21.0	1.0	0.0	6.241188162849065e-06
1765.0	21.0	1.0	0.0	6.380219970429737e-05
1786.0	21.0	1.0	0.0	0.0002251372053509259
1807.0	21.0	1.0	0.0	0.0007922451382591239
1828.0	21.0	1.0	0.0	0.0010037475767589287
1849.0	21.0	1.0	0.0	0.003821652730305942
1870.0	21.0	1.0	0.0	0.0025678798130579863
1891.0	21.0	1.0	0.0	0.0018280240013485427
1912.0	21.0	1.0	0.0	0.0006373966761997287
1933.0	21.0	1.0	0.0	0.00019249398367741908
1954.0	21.0	1.0	0.0	0.00010918317522319286
1975.0	21.0	1.0	0.0	4.4142223539806544e-05
1996.0	21.0	1.0	0.0	2.235557919456845e-05
2017.0	21.0	1.0	0.0	1.3114565894717262e-05
2038.0	21.0	1.0	0.0	8.4862049136843e-06
2059.0	21.0	1.0	0.0	6.837705061549233e-06
2080.0	21.0	1.0	0.0	6.869130191348848e-06
2101.0	21.0	1.0	0.0	4.02932791482819e-05
2122.0	21.0	1.0	0.0	0.00021196713901697808
2143.0	21.0	1.0	0.0	0.0003278244336445618
2164.0	21.0	1.0	0.0	0.0003971504483903714
2185.0	21.0	1.0	0.0	0.0012517589387438996
2206.0	21.0	1.0	0.0	0.002881903875441738
2227.0	21.0	1.0	0.0	0.00317693982805519
2248.0	21.0	1.0	0.0	0.0017119184221539617
2269.0	21.0	1.0	0.0	0.0011441098167782333
2290.0	21.0	1.0	0.0	0.0007765626453217524
2311.0	21.0	1.0	0.0	0.0009055568150111143
2332.0	21.0	1.0	0.0	0.0012037237258184096
2353.0	21.0	1.0	0.0	0.00045081728980649993
2374.0	21.0	1.0	0.0	9.266735258555237e-05
2395.0	21.0	1.0	0.0	3.585900437264215e-05
2416.0	21.0	1.0	0.0	1.9407886834371657e-05
2437.0	21.0	1.0	0.0	1.2281639235360279e-05
2458.0	21.0	1.0	0.0	8.412622270129977e-06
2479.0	21.0	1.0	0.0	2.985019910902859e-05
2500.0	21.0	1.0	0.0	0.0006462712912331905
2521.0	21.0	1.0	0.0	0.0009325138273692811
2542.0	21.0	1.0	0.0	0.00046032351539242845
2563.0	21.0	1.0	0.0	0.0017690022786457857
2584.0	21.0	1.0	0.0	0.001001663571312262
2605.0	21.0	1.0	0.0	0.0006026738484700048
2626.0	21.0	1.0	0.0	0.0003377373105003191
2647.0	21.0	1.0	0.0	0.00012655784970235358
2668.0	21.0	1.0	0.0	8.26928274972098e-05
2689.0	21.0	1.0	0.0	6.21210734049479e-05
2710.0	21.0	1.0	0.0	3.354390462239583e-05
2731.0	21.0	1.0	0.0	1.8597557431175598e-05
2752.0	21.0	1.0	0.0	1.1215487140275184e-05
2773.0	21.0	1.0	0.0	7.494051098113967e-06
2794.0	21.0	1.0	0.0	9.433531335421971e-06
2815.0	21.0	1.0	0.0	6.17831235840207e-06
2836.0	21.0	1.0	0.0	1.9426039287018537e-05
2857.0	21.0	1.0	0.0	0.00036702490420564864
2878.0	21.0	1.0	0.0	0.0006585606620424762
2899.0	21.0	1.0	0.0	0.0037032365344818992
2920.0	21.0	1.0	0.0	0.0031436818440754755
2941.0	21.0	1.0	0.0	0.0017170097714378331
2962.0	21.0	1.0	0.0	0.0018868313743954236
2983.0	21.0	1.0	0.0	0.0015770852225167004
3004.0	21.0	1.0	0.0	0.0020111490885416287
3025.0	21.0	1.0	0.0	0.0006879621233258523
3046.0	21.0	1.0	0.0	0.0010112871442522
3067.0	21.0	1.0	0.0	0.000298597063337019
3088.0	21.0	1.0	0.0	8.906482514880237e-05
3109.0	21.0	1.0	0.0	3.559076218377976e-05
3130.0	21.0	1.0	0.0	1.9050067379361106e-05
3151.0	21.0	1.0	0.0	1.1774707408178423e-05
3172.0	21.0	1.0	0.0	7.96030248914446e-06
3193.0	21.0	1.0	0.0	5.860893499283563e-06
3214.0	21.0	1.0	0.0	5.216068597066085e-05
3235.0	21.0	1.0	0.0	0.00014900044600166373
3256.0	21.0	1.0	0.0	0.0003453005836123
3277.0	21.0	1.0	0.0	0.0002683085487001857
3298.0	21.0	1.0	0.0	0.0010188891092935807
3319.0	21.0	1.0	0.0	0.0008635996863955001
3340.0	21.0	1.0	0.0	0.0020042650131951757
3361.0	21.0	1.0	0.0	0.0024212566557384237
3382.0	21.0	1.0	0.0	0.002595456077938953
3403.0	21.0	1.0	0.0	0.0011190236409504809
3424.0	21.0	1.0	0.0	0.0004597073509579189
3445.0	21.0	1.0	0.0	0.000110021682012622
3466.0	21.0	1.0	0.0	4.0439424060639865e-05
3487.0	21.0	1.0	0.0	1.9843583305676777e-05
3508.0	21.0	1.0	0.0	1.2389673363594783e-05
3529.0	21.0	1.0	0.0	8.733140570776804e-06
3550.0	21.0	1.0	0.0	6.675652095249721e-06
3571.0	21.0	1.0	0.0	0.00013046249889190798
3592.0	21.0	1.0	0.0	0.00012532421520776226
3613.0	21.0	1.0	0.0	0.0004840160324459572
3634.0	21.0	1.0	0.0	0.0016772120339529476
3655.0	21.0	1.0	0.0	0.0027523638407388764
3676.0	21.0	1.0	0.0	0.0035290629069009943
3697.0	21.0	1.0	0.0	0.001935915265764466
3718.0	21.0	1.0	0.0	0.0007163761683872333
3739.0	21.0	1.0	0.0	0.0012649841308593286
3760.0	21.0	1.0	0.0	0.0007368600027901524
3781.0	21.0	1.0	0.0	0.0003487970261346429
3802.0	21.0	1.0	0.0	0.00010362170991441427
3823.0	21.0	1.0	0.0	3.9802187965029774e-05
3844.0	21.0	1.0	0.0	1.8753778366815478e-05
3865.0	21.0	1.0	0.0	1.1256762913295201e-05
3886.0	21.0	1.0	0.0	7.172350372586929e-06
3907.0	21.0	1.0	0.0	5.134826614743187e-06
3928.0	21.0	1.0	0.0	4.204033386139643e-06
3949.0	21.0	1.0	0.0	7.066952898386173e-05
3970.0	21.0	1.0	0.0	0.0004438083625974572
3991.0	21.0	1.0	0.0	0.0008035454522995332
4012.0	21.0	1.0	0.0	0.0030816676730200812
4033.0	21.0	1.0	0.0	0.0014010031563894572
4054.0	21.0	1.0	0.0	0.0006114712669735476
4075.0	21.0	1.0	0.0	0.0004206259591238429
4096.0	21.0	1.0	0.0	0.0002654309953961715
4117.0	21.0	1.0	0.0	0.0001875457763671476
4138.0	21.0	1.0	0.0	9.389168875556488e-05
4159.0	21.0	1.0	0.0	0.00012101527622767205
4180.0	21.0	1.0	0.0	5.306280226934523e-05
4201.0	21.0	1.0	0.0	2.6138305664062505e-05
4222.0	21.0	1.0	0.0	1.4136802582513718e-05
4243.0	21.0	1.0	0.0	8.726410922550018e-06
4264.0	21.0	1.0	0.0	6.362760350817726e-06
4285.0	21.0	1.0	0.0	5.130906899770101e-06
4306.0	21.0	1.0	0.0	2.8776932330354725e-05
4327.0	21.0	1.0	0.0	0.00014427404744281807
4348.0	21.0	1.0	0.0	0.0002967586517333477
4369.0	21.0	1.0	0.0	0.0016335489636375333
4390.0	21.0	1.0	0.0	0.003150409335181776
4411.0	21.0	1.0	0.0	0.0014162724812825142
4432.0	21.0	1.0	0.0	0.0025376586914062096
4453.0	21.0	1.0	0.0	0.001495088849748843
4474.0	21.0	1.0	0.0	0.0005566856747581428
4495.0	21.0	1.0	0.0	0.00028866213843931906
4516.0	21.0	1.0	0.0	0.00021431259881877623
4537.0	21.0	1.0	0.0	7.690647670200239e-05
4558.0	21.0	1.0	0.0	3.170994349888394e-05
4579.0	21.0	1.0	0.0	1.8819119071676612e-05
4600.0	21.0	1.0	0.0	1.1805134337572824e-05
4621.0	21.0	1.0	0.0	8.618479683285668e-06
4642.0	21.0	1.0	0.0	6.191971756163098e-06
4663.0	21.0	1.0	0.0	2.3782119864506447e-05
4684.0	21.0	1.0	0.0	0.0001809994322912701
4705.0	21.0	1.0	0.0	0.0003377498899186904
4726.0	21.0	1.0	0.0	0.0027275434675670287
4747.0	21.0	1.0	0.0	0.0020196889241535995
4768.0	21.0	1.0	0.0	0.0011336589994884285
4789.0	21.0	1.0	0.0	0.0012559967041015096
4810.0	21.0	1.0	0.0	0.0026515742710658046
4831.0	21.0	1.0	0.0	0.0006556985037667
4852.0	21.0	1.0	0.0	0.0008864687965029377
4873.0	21.0	1.0	0.0	0.0007175002325148334
4894.0	21.0	1.0	0.0	0.00015771048409594883
4915.0	21.0	1.0	0.0	4.558454241071428e-05
4936.0	21.0	1.0	0.0	2.211361839657738e-05
4957.0	21.0	1.0	0.0	1.2857999830018908e-05
4978.0	21.0	1.0	0.0	8.46733720529647e-06
4999.0	21.0	1.0	0.0	5.98919533547901e-06
5020.0	21.0	1.0	0.0	7.129870709918796e-06
5041.0	21.0	1.0	0.0	6.0987974916180924e-05
5062.0	21.0	1.0	0.0	0.000381135662396693
5083.0	21.0	1.0	0.0	0.0005131126585460332
5104.0	21.0	1.0	0.0	0.0004992269788469095
5125.0	21.0	1.0	0.0	0.002063473565237805
5146.0	21.0	1.0	0.0	0.0013442862374441473
5167.0	21.0	1.0	0.0	0.002006960914248462
5188.0	21.0	1.0	0.0	0.0014545898437499571
5209.0	21.0	1.0	0.0	0.0008804430280412332
5230.0	21.0	1.0	0.0	0.00045282999674475235
5251.0	21.0	1.0	0.0	0.00026498631068633813
5272.0	21.0	1.0	0.0	0.0001398686000278643
5293.0	21.0	1.0	0.0	4.971095493861607e-05
5314.0	21.0	1.0	0.0	2.2037383346330553e-05
5335.0	21.0	1.0	0.0	1.7907994843664625e-05
5356.0	21.0	1.0	0.0	9.91170746939523e-06
5377.0	21.0	1.0	0.0	7.017819654373897e-06
5398.0	21.0	1.0	0.0	1.2581132707141693e-05
5419.0	21.0	1.0	0.0	2.6838302612304687e-05
5440.0	21.0	1.0	0.0	0.00019790680635538207
5461.0	21.0	1.0	0.0	0.0003046408380780528
5482.0	21.0	1.0	0.0	0.001547905240740052
5503.0	21.0	1.0	0.0	0.0021354709806895903
5524.0	21.0	1.0	0.0	0.0011155199323381237
5545.0	21.0	1.0	0.0	0.00045472063337049053
5566.0	21.0	1.0	0.0	0.0002989432925269191
5587.0	21.0	1.0	0.0	0.00038827950613834277
5608.0	21.0	1.0	0.0	0.00026773071289057143
5629.0	21.0	1.0	0.0	0.0002144317626952572
5650.0	21.0	1.0	0.0	0.00010000029064357678
5671.0	21.0	1.0	0.0	4.2322067987351194e-05
5692.0	21.0	1.0	0.0	2.192792012577965e-05
5713.0	21.0	1.0	0.0	1.589145404951913e-05
5734.0	21.0	1.0	0.0	1.9069245883392247e-05
5755.0	21.0	1.0	0.0	2.446501027970087e-05
5776.0	21.0	1.0	0.0	0.00015170979499813276
5797.0	21.0	1.0	0.0	0.00014901542663569523
5818.0	21.0	1.0	0.0	0.00036570998600545716
5839.0	21.0	1.0	0.0	0.0006558778853642954
5860.0	21.0	1.0	0.0	0.0016210792178198905
5881.0	21.0	1.0	0.0	0.0027219272795177144
5902.0	21.0	1.0	0.0	0.0017321134294781906
5923.0	21.0	1.0	0.0	0.001046405610584024
5944.0	21.0	1.0	0.0	0.0005460386730375332
5965.0	21.0	1.0	0.0	0.0001924612862722857
5986.0	21.0	1.0	0.0	9.291948590958928e-05
6007.0	21.0	1.0	0.0	5.8406284877232145e-05
6028.0	21.0	1.0	0.0	3.6376953125e-05
6049.0	21.0	1.0	0.0	1.9916456370126636e-05
6070.0	21.0	1.0	0.0	1.2846079610642938e-05
6091.0	21.0	1.0	0.0	8.791878109886532e-06
6112.0	21.0	1.0	0.0	7.061722732725599e-06
6133.0	21.0	1.0	0.0	4.398952211651875e-05
6154.0	21.0	1.0	0.0	0.00019863124120798615
6175.0	21.0	1.0	0.0	0.0001869288626170826
6196.0	21.0	1.0	0.0	0.0002010134288242381
6217.0	21.0	1.0	0.0	0.0001541534151349286
6238.0	21.0	1.0	0.0	0.00016501099722719998
6259.0	21.0	1.0	0.0	0.00014917809622622856
6280.0	21.0	1.0	0.0	0.00010550144740508097
6301.0	21.0	1.0	0.0	9.005001613070485e-05
6322.0	21.0	1.0	0.0	5.57562510172526e-05
6343.0	21.0	1.0	0.0	3.3319382440476197e-05
6364.0	21.0	1.0	0.0	2.0595823015485487e-05
6385.0	21.0	1.0	0.0	1.270566667829241e-05
6406.0	21.0	1.0	0.0	9.275333335002262e-06
6427.0	21.0	1.0	0.0	6.642802308003107e-06
6448.0	21.0	1.0	0.0	5.051002615974063e-06
6469.0	21.0	1.0	0.0	1.1021741798945835e-05
6490.0	21.0	1.0	0.0	1.2928196362086707e-05
6511.0	21.0	1.0	0.0	2.5239552770342147e-05
6532.0	21.0	1.0	0.0	3.0082804816109787e-05
6553.0	21.0	1.0	0.0	0.00022844623384017144
6574.0	21.0	1.0	0.0	0.0010556742350259906
6595.0	21.0	1.0	0.0	0.002451028733026371
6616.0	21.0	1.0	0.0	0.0021966294788178524
6637.0	21.0	1.0	0.0	0.0015005413237071808
6658.0	21.0	1.0	0.0	0.0008123990013485334
6679.0	21.0	1.0	0.0	0.00042363993326818573
6700.0	21.0	1.0	0.0	0.00013035874139691667
6721.0	21.0	1.0	0.0	5.676996140252977e-05
6742.0	21.0	1.0	0.0	2.574739002046131e-05
6763.0	21.0	1.0	0.0	1.391746884300595e-05
6784.0	21.0	1.0	0.0	8.892790192649478e-06
6805.0	21.0	1.0	0.0	7.773551202955702e-06
6826.0	21.0	1.0	0.0	6.125687133698236e-06
6847.0	21.0	1.0	0.0	1.509056914420355e-05
6868.0	21.0	1.0	0.0	7.541817994343192e-05
6889.0	21.0	1.0	0.0	5.863014856973465e-05
6910.0	21.0	1.0	0.0	0.0002561577615283386
6931.0	21.0	1.0	0.0	0.00020316219329829523
6952.0	21.0	1.0	0.0	0.0008935402915590714
6973.0	21.0	1.0	0.0	0.0018707021077473377
6994.0	21.0	1.0	0.0	0.0022112681070963047
7015.0	21.0	1.0	0.0	0.001301377795991395
7036.0	21.0	1.0	0.0	0.0005474170503161716
7057.0	21.0	1.0	0.0	0.00043124825613834763
7078.0	21.0	1.0	0.0	0.000123730614071775
7099.0	21.0	1.0	0.0	4.079836890811012e-05
7120.0	21.0	1.0	0.0	2.0445324125744048e-05
7141.0	21.0	1.0	0.0	1.1902581722963423e-05
7162.0	21.0	1.0	0.0	7.653011097794488e-06
7183.0	21.0	1.0	0.0	6.3798569497608e-06
7204.0	21.0	1.0	0.0	4.4817427794138595e-06
7225.0	21.0	1.0	0.0	1.4304450580051965e-05
7246.0	21.0	1.0	0.0	2.549791336059526e-05
7267.0	21.0	1.0	0.0	0.00035970377354389523
7288.0	21.0	1.0	0.0	0.001548069499787781
7309.0	21.0	1.0	0.0	0.002580203828357471
7330.0	21.0	1.0	0.0	0.0018860164823985715
7351.0	21.0	1.0	0.0	0.0009163149879091858
7372.0	21.0	1.0	0.0	0.0007182777041480285
7393.0	21.0	1.0	0.0	0.0005364045642670618
7414.0	21.0	1.0	0.0	0.0002921861921037619
7435.0	21.0	1.0	0.0	0.00023713756742927143
7456.0	21.0	1.0	0.0	8.736964634485417e-05
7477.0	21.0	1.0	0.0	3.552246093750001e-05
7498.0	21.0	1.0	0.0	2.002258811678205e-05
7519.0	21.0	1.0	0.0	1.190833534513201e-05
7540.0	21.0	1.0	0.0	7.822185754775999e-06
7561.0	21.0	1.0	0.0	6.182345606031872e-06
7582.0	21.0	1.0	0.0	6.612388860611689e-06
7603.0	21.0	1.0	0.0	4.581253017697305e-05
7624.0	21.0	1.0	0.0	0.0002744963339396514
7645.0	21.0	1.0	0.0	0.00033638356980818094
7666.0	21.0	1.0	0.0	0.0004445618674868143
7687.0	21.0	1.0	0.0	0.0011604480743407715
7708.0	21.0	1.0	0.0	0.0009479052225748192
7729.0	21.0	1.0	0.0	0.0009000611078170999
7750.0	21.0	1.0	0.0	0.0005992086501348095
7771.0	21.0	1.0	0.0	0.00030595107305612376
7792.0	21.0	1.0	0.0	0.00018103063674195711
7813.0	21.0	1.0	0.0	0.00010436357770644703
7834.0	21.0	1.0	0.0	4.196275983537946e-05
7855.0	21.0	1.0	0.0	2.2418430873325894e-05
7876.0	21.0	1.0	0.0	1.3694623396510167e-05
7897.0	21.0	1.0	0.0	2.234246404398055e-05
7918.0	21.0	1.0	0.0	1.2194170838310606e-05
7939.0	21.0	1.0	0.0	1.298404023760841e-05
7960.0	21.0	1.0	0.0	1.783469177427746e-05
7981.0	21.0	1.0	0.0	0.00026016269979017457
8002.0	21.0	1.0	0.0	0.00034855851672940477
8023.0	21.0	1.0	0.0	0.0011507194155738001
8044.0	21.0	1.0	0.0	0.0008969103495279429
8065.0	21.0	1.0	0.0	0.0007932048979259142
8086.0	21.0	1.0	0.0	0.0013291179112025144
8107.0	21.0	1.0	0.0	0.0012093008132207522
8128.0	21.0	1.0	0.0	0.00045326777866904757
8149.0	21.0	1.0	0.0	0.0001385490780784607
8170.0	21.0	1.0	0.0	7.146199544270477e-05
8191.0	21.0	1.0	0.0	3.737676711309523e-05
8212.0	21.0	1.0	0.0	2.106148856026785e-05
8233.0	21.0	1.0	0.0	1.4284338624704451e-05
8254.0	21.0	1.0	0.0	8.980496653488704e-06
8275.0	21.0	1.0	0.0	6.697508550825573e-06
8296.0	21.0	1.0	0.0	7.479205017998105e-06
8317.0	21.0	1.0	0.0	4.922795863378616e-06
8338.0	21.0	1.0	0.0	0.0002863368562289298
8359.0	21.0	1.0	0.0	0.000558898289998324
8380.0	21.0	1.0	0.0	0.0012962329501196954
8401.0	21.0	1.0	0.0	0.001959901718866219
8422.0	21.0	1.0	0.0	0.0006951043265206
8443.0	21.0	1.0	0.0	0.0006394642421177048
8464.0	21.0	1.0	0.0	0.0026590503510974237
8485.0	21.0	1.0	0.0	0.001673512050083657
8506.0	21.0	1.0	0.0	0.00042878577822725726
8527.0	21.0	1.0	0.0	0.00013908386230466373
8548.0	21.0	1.0	0.0	6.335957845052084e-05
8569.0	21.0	1.0	0.0	3.0250912620907746e-05
8590.0	21.0	1.0	0.0	3.148178827194702e-05
8611.0	21.0	1.0	0.0	1.562555914833432e-05
8632.0	21.0	1.0	0.0	1.1772192659832185e-05
8653.0	21.0	1.0	0.0	8.382184164864676e-06
8674.0	21.0	1.0	0.0	6.634340399787541e-06
8695.0	21.0	1.0	0.0	8.956219468797958e-06
8716.0	21.0	1.0	0.0	0.00017997499874656563
8737.0	21.0	1.0	0.0	0.0004462263924734524
8758.0	21.0	1.0	0.0	0.0021921447572253614
8779.0	21.0	1.0	0.0	0.0033367267790294338
8800.0	21.0	1.0	0.0	0.002323221842447867
8821.0	21.0	1.0	0.0	0.0025325004940940808
8842.0	21.0	1.0	0.0	0.0018196963355654342
8863.0	21.0	1.0	0.0	0.0010298360188801617
8884.0	21.0	1.0	0.0	0.00043659900483627626
8905.0	21.0	1.0	0.0	0.0001205894833519226
8926.0	21.0	1.0	0.0	4.831949869791666e-05
8947.0	21.0	1.0	0.0	2.1729968843005952e-05
8968.0	21.0	1.0	0.0	1.2894647816816967e-05
8989.0	21.0	1.0	0.0	9.53425218661626e-06
9010.0	21.0	1.0	0.0	7.302578006471905e-06
9031.0	21.0	1.0	0.0	5.95760458991516e-05
9052.0	21.0	1.0	0.0	0.000191351016362458
9073.0	21.0	1.0	0.0	0.00022104535784035236
9094.0	21.0	1.0	0.0	0.0006374597095307334
9115.0	21.0	1.0	0.0	0.002528598058791343
9136.0	21.0	1.0	0.0	0.0032892543247767386
9157.0	21.0	1.0	0.0	0.0023446807861327618
9178.0	21.0	1.0	0.0	0.0014632590157644572
9199.0	21.0	1.0	0.0	0.0008037327357700335
9220.0	21.0	1.0	0.0	0.0012041255405970573
9241.0	21.0	1.0	0.0	0.0005126168387276477
9262.0	21.0	1.0	0.0	0.00020944359188985716
9283.0	21.0	1.0	0.0	7.948957170758572e-05
9304.0	21.0	1.0	0.0	3.816150483630954e-05
9325.0	21.0	1.0	0.0	2.0169677611972605e-05
9346.0	21.0	1.0	0.0	1.4412135417972292e-05
9367.0	21.0	1.0	0.0	9.840027207419986e-06
9388.0	21.0	1.0	0.0	2.0114620526631673e-05
9409.0	21.0	1.0	0.0	1.156999667485555e-05
9430.0	21.0	1.0	0.0	1.163992995307559e-05
9451.0	21.0	1.0	0.0	5.509033089591555e-05
9472.0	21.0	1.0	0.0	0.00034873053005758566
9493.0	21.0	1.0	0.0	0.0002620192482357524
9514.0	21.0	1.0	0.0	0.0003085122335524334
9535.0	21.0	1.0	0.0	0.00021080253237765238
9556.0	21.0	1.0	0.0	0.0003152389526366666
9577.0	21.0	1.0	0.0	0.00015779458908801903
9598.0	21.0	1.0	0.0	7.43335542224649e-05
9619.0	21.0	1.0	0.0	3.6620185488746275e-05
9640.0	21.0	1.0	0.0	2.2737775530133926e-05
9661.0	21.0	1.0	0.0	1.3600304013206843e-05
9682.0	21.0	1.0	0.0	8.229210263206847e-06
9703.0	21.0	1.0	0.0	6.80575981026604e-06
9724.0	21.0	1.0	0.0	4.655549923578899e-06
9745.0	21.0	1.0	0.0	5.7085120961779645e-06
9766.0	21.0	1.0	0.0	2.947315715607738e-05
9787.0	21.0	1.0	0.0	1.049179690224784e-05
9808.0	21.0	1.0	0.0	0.0001934370426904313
9829.0	21.0	1.0	0.0	0.000232229119255382
9850.0	21.0	1.0	0.0	0.0006042257490611715
9871.0	21.0	1.0	0.0	0.0024861275809151284
9892.0	21.0	1.0	0.0	0.0011720791771297858
9913.0	21.0	1.0	0.0	0.00036394210088815234
9934.0	21.0	1.0	0.0	0.00017250787644154764
9955.0	21.0	1.0	0.0	0.0003714374360583524
9976.0	21.0	1.0	0.0	0.0005307246616908097
9997.0	21.0	1.0	0.0	0.00016991606212794284
10018.0	21.0	1.0	0.0	5.297996884300593e-05
10039.0	21.0	1.0	0.0	2.3138137090773806e-05
10060.0	21.0	1.0	0.0	1.3141982257366178e-05
10081.0	21.0	1.0	0.0	9.846877838884083e-06
10102.0	21.0	1.0	0.0	6.62679047811599e-06
10123.0	21.0	1.0	0.0	4.920370521999542e-06
10144.0	21.0	1.0	0.0	5.572774296714248e-05
10165.0	21.0	1.0	0.0	8.812773795353268e-05
10186.0	21.0	1.0	0.0	0.00026830382574168966
10207.0	21.0	1.0	0.0	0.0017215413593110096
10228.0	21.0	1.0	0.0	0.002303886595226419
10249.0	21.0	1.0	0.0	0.0011242574055989238
10270.0	21.0	1.0	0.0	0.0019889820643833288
10291.0	21.0	1.0	0.0	0.0011889822823660241
10312.0	21.0	1.0	0.0	0.00048112560453864766
10333.0	21.0	1.0	0.0	0.00040700204031803337
10354.0	21.0	1.0	0.0	0.00012364487420942199
10375.0	21.0	1.0	0.0	4.2520432245163686e-05
10396.0	21.0	1.0	0.0	2.086966378348214e-05
10417.0	21.0	1.0	0.0	1.2073335193452378e-05
10438.0	21.0	1.0	0.0	7.628799903960456e-06
10459.0	21.0	1.0	0.0	7.221429120926631e-06
10480.0	21.0	1.0	0.0	4.994576885586693e-06
10501.0	21.0	1.0	0.0	3.7414034207661942e-06
10522.0	21.0	1.0	0.0	2.602882754234598e-05
10543.0	21.0	1.0	0.0	7.850179785773085e-05
10564.0	21.0	1.0	0.0	0.00019834893090379526
10585.0	21.0	1.0	0.0	0.0007995369547888809
10606.0	21.0	1.0	0.0	0.002019406273251429
10627.0	21.0	1.0	0.0	0.001323722476050919
10648.0	21.0	1.0	0.0	0.000841351463681138
10669.0	21.0	1.0	0.0	0.0004883640834262904
10690.0	21.0	1.0	0.0	0.00020337822323748572
10711.0	21.0	1.0	0.0	0.0001982912336076572
10732.0	21.0	1.0	0.0	0.00017081415085561905
10753.0	21.0	1.0	0.0	9.678795224141428e-05
10774.0	21.0	1.0	0.0	3.7872314453124996e-05
10795.0	21.0	1.0	0.0	1.80966222570056e-05
10816.0	21.0	1.0	0.0	1.0551507274309795e-05
10837.0	21.0	1.0	0.0	7.590858709244501e-06
10858.0	21.0	1.0	0.0	5.550611586797805e-06
10879.0	21.0	1.0	0.0	4.3487548828125e-06
10900.0	21.0	1.0	0.0	9.094612939015657e-05
10921.0	21.0	1.0	0.0	0.0004223798343112953
10942.0	21.0	1.0	0.0	0.0012573197682698
10963.0	21.0	1.0	0.0	0.0011279669262113526
10984.0	21.0	1.0	0.0	0.0015985185532342331
11005.0	21.0	1.0	0.0	0.0008036717006137907
11026.0	21.0	1.0	0.0	0.0004660085042317287
11047.0	21.0	1.0	0.0	0.000766906738281205
11068.0	21.0	1.0	0.0	0.00046124122256320006
11089.0	21.0	1.0	0.0	0.0003741186232793476
11110.0	21.0	1.0	0.0	0.00011566598074774225
11131.0	21.0	1.0	0.0	4.292152041480655e-05
11152.0	21.0	1.0	0.0	2.3368871282963523e-05
11173.0	21.0	1.0	0.0	1.2701935356571562e-05
11194.0	21.0	1.0	0.0	9.842784631819952e-06
11215.0	21.0	1.0	0.0	6.676214081900461e-06
11236.0	21.0	1.0	0.0	1.0945689110528857e-05
11257.0	21.0	1.0	0.0	0.0002886852678798
11278.0	21.0	1.0	0.0	0.00029257224854963335
11299.0	21.0	1.0	0.0	0.0013964522225515526
11320.0	21.0	1.0	0.0	0.0015812882922944002
11341.0	21.0	1.0	0.0	0.003802721659342395
11362.0	21.0	1.0	0.0	0.0028066624232700476
11383.0	21.0	1.0	0.0	0.002383362543015214
11404.0	21.0	1.0	0.0	0.0023218921479724376
11425.0	21.0	1.0	0.0	0.0006441621326264571
11446.0	21.0	1.0	0.0	0.0003272094726562047
11467.0	21.0	1.0	0.0	0.00015805780319937265
11488.0	21.0	1.0	0.0	5.8420817057291656e-05
11509.0	21.0	1.0	0.0	2.7332124255952382e-05
11530.0	21.0	1.0	0.0	1.4832305056708199e-05
11551.0	21.0	1.0	0.0	9.050135101590837e-06
11572.0	21.0	1.0	0.0	8.173516818455288e-06
11593.0	21.0	1.0	0.0	1.0349818638392859e-05
11614.0	21.0	1.0	0.0	1.077472028278169e-05
11635.0	21.0	1.0	0.0	0.00014560176645002268
11656.0	21.0	1.0	0.0	0.0013240745862324616
11677.0	21.0	1.0	0.0	0.0021395914895193527
11698.0	21.0	1.0	0.0	0.0009720557076589762
11719.0	21.0	1.0	0.0	0.0006256481352306094
11740.0	21.0	1.0	0.0	0.0003240276518321667
11761.0	21.0	1.0	0.0	0.00021265375046498097
11782.0	21.0	1.0	0.0	0.00016619400751018094
11803.0	21.0	1.0	0.0	9.591820126485507e-05
11824.0	21.0	1.0	0.0	4.248809814453124e-05
11845.0	21.0	1.0	0.0	2.1227882021949403e-05
11866.0	21.0	1.0	0.0	2.773539225260238e-05
11887.0	21.0	1.0	0.0	9.00128554730188e-06
11908.0	21.0	1.0	0.0	6.305669035230366e-06
11929.0	21.0	1.0	0.0	5.070738139606657e-06
11950.0	21.0	1.0	0.0	4.065698101407004e-06
11971.0	21.0	1.0	0.0	3.306359052658081e-06
11992.0	21.0	1.0	0.0	0.0001052645430678073
12013.0	21.0	1.0	0.0	0.00020147832234697257
12034.0	21.0	1.0	0.0	0.0004552177474611763
12055.0	21.0	1.0	0.0	0.0009062161218551951
12076.0	21.0	1.0	0.0	0.0011212692260741763
12097.0	21.0	1.0	0.0	0.003405047098795524
12118.0	21.0	1.0	0.0	0.001701405843098905
12139.0	21.0	1.0	0.0	0.0011611509777250239
12160.0	21.0	1.0	0.0	0.0005529196602957049
12181.0	21.0	1.0	0.0	0.00017915925525479522
12202.0	21.0	1.0	0.0	8.693586077007083e-05
12223.0	21.0	1.0	0.0	3.576805478050596e-05
12244.0	21.0	1.0	0.0	1.7560686383928567e-05
12265.0	21.0	1.0	0.0	1.0533207938784646e-05
12286.0	21.0	1.0	0.0	7.106647604987735e-06
12307.0	21.0	1.0	0.0	5.039799781072708e-06
12328.0	21.0	1.0	0.0	3.932893276214599e-06
12349.0	21.0	1.0	0.0	0.00011822775999702936
12370.0	21.0	1.0	0.0	0.00011201502027963725
12391.0	21.0	1.0	0.0	0.00019149571373343812
12412.0	21.0	1.0	0.0	0.0007809821991692857
12433.0	21.0	1.0	0.0	0.0029190116155714723
12454.0	21.0	1.0	0.0	0.002397333417619933
12475.0	21.0	1.0	0.0	0.001499072846912148
12496.0	21.0	1.0	0.0	0.0018658519926524762
12517.0	21.0	1.0	0.0	0.000688492547898019
12538.0	21.0	1.0	0.0	0.0002452675955635618
12559.0	21.0	1.0	0.0	9.777396065846009e-05
12580.0	21.0	1.0	0.0	3.899347214471726e-05
12601.0	21.0	1.0	0.0	1.994469052269345e-05
12622.0	21.0	1.0	0.0	1.1354390709173109e-05
12643.0	21.0	1.0	0.0	7.5348789493242885e-06
12664.0	21.0	1.0	0.0	5.848692996161324e-06
12685.0	21.0	1.0	0.0	6.418370065234957e-06
12706.0	21.0	1.0	0.0	6.83942777769838e-05
12727.0	21.0	1.0	0.0	0.00013418345224287605
12748.0	21.0	1.0	0.0	0.001797110852741005
12769.0	21.0	1.0	0.0	0.004754117329915324
12790.0	21.0	1.0	0.0	0.0029102238246372283
12811.0	21.0	1.0	0.0	0.0024542417980375425
12832.0	21.0	1.0	0.0	0.0028592957996186378
12853.0	21.0	1.0	0.0	0.0018558494931175142
12874.0	21.0	1.0	0.0	0.0005079214913504192
12895.0	21.0	1.0	0.0	0.00020050194149922378
12916.0	21.0	1.0	0.0	6.579444521949288e-05
12937.0	21.0	1.0	0.0	2.6807512555803565e-05
12958.0	21.0	1.0	0.0	1.3988676525297618e-05
12979.0	21.0	1.0	0.0	8.550234759847325e-06
13000.0	21.0	1.0	0.0	5.808101257398016e-06
13021.0	21.0	1.0	0.0	4.197054675647191e-06
13042.0	21.0	1.0	0.0	4.672613172304063e-06
13063.0	21.0	1.0	0.0	3.193081844420661e-06
13084.0	21.0	1.0	0.0	3.955936148053124e-06
13105.0	21.0	1.0	0.0	4.283686478932698e-06
13126.0	21.0	1.0	0.0	0.0004353721198581166
13147.0	21.0	1.0	0.0	0.0008496015639531762
13168.0	21.0	1.0	0.0	0.0011749238513764334
13189.0	21.0	1.0	0.0	0.0017596931457519052
13210.0	21.0	1.0	0.0	0.001127833411807062
13231.0	21.0	1.0	0.0	0.0012849270048595094
13252.0	21.0	1.0	0.0	0.0008766799200148286
13273.0	21.0	1.0	0.0	0.0002972557431175191
13294.0	21.0	1.0	0.0	8.132716587610298e-05
13315.0	21.0	1.0	0.0	3.05393763950893e-05
13336.0	21.0	1.0	0.0	1.5028454008556548e-05
13357.0	21.0	1.0	0.0	1.1243898244131181e-05
13378.0	21.0	1.0	0.0	8.395298605873472e-06
13399.0	21.0	1.0	0.0	7.316515559241885e-06
13420.0	21.0	1.0	0.0	2.3847023646035095e-05
13441.0	21.0	1.0	0.0	0.00010576253277911969
13462.0	21.0	1.0	0.0	4.545408203488304e-05
13483.0	21.0	1.0	0.0	0.00012084758849369196
13504.0	21.0	1.0	0.0	0.0007083335603985998
13525.0	21.0	1.0	0.0	0.0003983246031261047
13546.0	21.0	1.0	0.0	0.00021447953723721427
13567.0	21.0	1.0	0.0	0.0001597646077473476
13588.0	21.0	1.0	0.0	0.00021273749215257627
13609.0	21.0	1.0	0.0	0.0002369884309314
13630.0	21.0	1.0	0.0	0.00011682946341374908
13651.0	21.0	1.0	0.0	5.862481253487722e-05
13672.0	21.0	1.0	0.0	3.012502761114212e-05
13693.0	21.0	1.0	0.0	1.6371227446056543e-05
13714.0	21.0	1.0	0.0	1.150560982170559e-05
13735.0	21.0	1.0	0.0	1.0664400245462143e-05
13756.0	21.0	1.0	0.0	5.708204848425728e-06
13777.0	21.0	1.0	0.0	1.5075622569944325e-05
13798.0	21.0	1.0	0.0	1.8140327362787153e-05
13819.0	21.0	1.0	0.0	0.00010709393024441955
13840.0	21.0	1.0	0.0	5.758367265973646e-05
13861.0	21.0	1.0	0.0	0.00016234670366556254
13882.0	21.0	1.0	0.0	0.0007137057894751666
13903.0	21.0	1.0	0.0	0.0005640780131021713
13924.0	21.0	1.0	0.0	0.0006090131487164761
13945.0	21.0	1.0	0.0	0.0003841481889996715
13966.0	21.0	1.0	0.0	0.00023889305478046665
13987.0	21.0	1.0	0.0	0.0003925176348004667
14008.0	21.0	1.0	0.0	0.00019888487316308098
14029.0	21.0	1.0	0.0	7.681274414061875e-05
14050.0	21.0	1.0	0.0	2.9672895159040178e-05
14071.0	21.0	1.0	0.0	1.643189929780506e-05
14092.0	21.0	1.0	0.0	9.879860849607555e-06
14113.0	21.0	1.0	0.0	6.730291815031142e-06
14134.0	21.0	1.0	0.0	3.7800793136862174e-05
14155.0	21.0	1.0	0.0	1.2874245643615723e-05
14176.0	21.0	1.0	0.0	9.91600070680721e-05
14197.0	21.0	1.0	0.0	0.0005279618558429048
14218.0	21.0	1.0	0.0	0.001448335284278462
14239.0	21.0	1.0	0.0	0.002560929797944524
14260.0	21.0	1.0	0.0	0.001970110212053524
14281.0	21.0	1.0	0.0	0.002525325230189686
14302.0	21.0	1.0	0.0	0.002164588564918119
14323.0	21.0	1.0	0.0	0.0012024572463262236
14344.0	21.0	1.0	0.0	0.00035606311616439526
14365.0	21.0	1.0	0.0	0.00013842192150294167
14386.0	21.0	1.0	0.0	6.174577985491072e-05
14407.0	21.0	1.0	0.0	2.9302687872023822e-05
14428.0	21.0	1.0	0.0	2.0945231119791664e-05
14449.0	21.0	1.0	0.0	1.4701514726593378e-05
14470.0	21.0	1.0	0.0	1.0532780062584653e-05
14491.0	21.0	1.0	0.0	7.106055816014608e-06
14512.0	21.0	1.0	0.0	6.447488353365944e-06
14533.0	21.0	1.0	0.0	1.0291817642393565e-05
14554.0	21.0	1.0	0.0	4.671046279725472e-05
14575.0	21.0	1.0	0.0	0.00016909103734148357
14596.0	21.0	1.0	0.0	0.00040684111913039524
14617.0	21.0	1.0	0.0	0.000929942312694681
14638.0	21.0	1.0	0.0	0.00214867219470791
14659.0	21.0	1.0	0.0	0.001653714497884057
14680.0	21.0	1.0	0.0	0.0005706910632905048
14701.0	21.0	1.0	0.0	0.00045306687127971907
14722.0	21.0	1.0	0.0	0.0007657470703124572
14743.0	21.0	1.0	0.0	0.0012548842657179717
14764.0	21.0	1.0	0.0	0.0003526611328124667
14785.0	21.0	1.0	0.0	8.922540573845298e-05
14806.0	21.0	1.0	0.0	3.45161911987123e-05
14827.0	21.0	1.0	0.0	1.68033568632035e-05
14848.0	21.0	1.0	0.0	1.0355347678774878e-05
14869.0	21.0	1.0	0.0	7.142464319864908e-06
14890.0	21.0	1.0	0.0	5.74050063178653e-06
14911.0	21.0	1.0	0.0	9.09211522056943e-06
14932.0	21.0	1.0	0.0	0.00015415334701534446
14953.0	21.0	1.0	0.0	0.001006163551693819
14974.0	21.0	1.0	0.0	0.002829469680786076
14995.0	21.0	1.0	0.0	0.0016500687372116428
15016.0	21.0	1.0	0.0	0.0019460583641415096
15037.0	21.0	1.0	0.0	0.0008077617826915476
15058.0	21.0	1.0	0.0	0.0002833251953124619
15079.0	21.0	1.0	0.0	0.0001463586716424476
15100.0	21.0	1.0	0.0	9.333873930429941e-05
15121.0	21.0	1.0	0.0	5.025954473586309e-05
15142.0	21.0	1.0	0.0	3.0410039992559525e-05
15163.0	21.0	1.0	0.0	2.3968651181175593e-05
15184.0	21.0	1.0	0.0	1.1113606748126802e-05
15205.0	21.0	1.0	0.0	7.47703512509664e-06
15226.0	21.0	1.0	0.0	6.043827249890282e-06
15247.0	21.0	1.0	0.0	7.458748703910846e-05
15268.0	21.0	1.0	0.0	0.00017820403689426713
15289.0	21.0	1.0	0.0	0.00017588256654280476
15310.0	21.0	1.0	0.0	0.0013332349686395093
15331.0	21.0	1.0	0.0	0.0033194280351910906
15352.0	21.0	1.0	0.0	0.0026263493129184854
15373.0	21.0	1.0	0.0	0.0022614637102399138
15394.0	21.0	1.0	0.0	0.0009820120675222666
15415.0	21.0	1.0	0.0	0.001275506882440438
15436.0	21.0	1.0	0.0	0.0014164864676338954
15457.0	21.0	1.0	0.0	0.0008354942685081521
15478.0	21.0	1.0	0.0	0.0007455764043898382
15499.0	21.0	1.0	0.0	0.00019675845191589406
15520.0	21.0	1.0	0.0	6.0684930710565464e-05
15541.0	21.0	1.0	0.0	2.7893331788835073e-05
15562.0	21.0	1.0	0.0	1.5546564544950213e-05
15583.0	21.0	1.0	0.0	1.4762628646123978e-05
15604.0	21.0	1.0	0.0	1.581920612426031e-05
15625.0	21.0	1.0	0.0	8.737737224213973e-05
15646.0	21.0	1.0	0.0	0.00028602573985141405
15667.0	21.0	1.0	0.0	0.001440912610008557
15688.0	21.0	1.0	0.0	0.002010372525169681
15709.0	21.0	1.0	0.0	0.002256915864490281
15730.0	21.0	1.0	0.0	0.002964009602864547
15751.0	21.0	1.0	0.0	0.0018490135556175145
15772.0	21.0	1.0	0.0	0.000980704171316924
15793.0	21.0	1.0	0.0	0.000846645536876819
15814.0	21.0	1.0	0.0	0.0005448448544456474
15835.0	21.0	1.0	0.0	0.00020397803896944765
15856.0	21.0	1.0	0.0	7.418823242186549e-05
15877.0	21.0	1.0	0.0	3.214227585565476e-05
15898.0	21.0	1.0	0.0	1.681954520089286e-05
15919.0	21.0	1.0	0.0	1.708753336043585e-05
15940.0	21.0	1.0	0.0	9.441500618344263e-06
15961.0	21.0	1.0	0.0	6.689312912168956e-06
15982.0	21.0	1.0	0.0	2.9976904392237893e-05
16003.0	21.0	1.0	0.0	5.0802367074148996e-05
16024.0	21.0	1.0	0.0	1.9869270778837658e-05
16045.0	21.0	1.0	0.0	1.5538147517613006e-05
16066.0	21.0	1.0	0.0	0.0004621422971997553
16087.0	21.0	1.0	0.0	0.001422415460858976
16108.0	21.0	1.0	0.0	0.003685824076334581
16129.0	21.0	1.0	0.0	0.003018824259440062
16150.0	21.0	1.0	0.0	0.001157125563848543
16171.0	21.0	1.0	0.0	0.0002632548014322619
16192.0	21.0	1.0	0.0	9.70749627976e-05
16213.0	21.0	1.0	0.0	3.731500534784226e-05
16234.0	21.0	1.0	0.0	1.80511474609375e-05
16255.0	21.0	1.0	0.0	1.0426112583705359e-05
16276.0	21.0	1.0	0.0	6.501458585262299e-06
16297.0	21.0	1.0	0.0	4.547245800495147e-06
16318.0	21.0	1.0	0.0	3.425383142062596e-06
16339.0	21.0	1.0	0.0	1.3144005622182571e-05
16360.0	21.0	1.0	0.0	2.6594840344927643e-05
16381.0	21.0	1.0	0.0	5.394956043787558e-05
16402.0	21.0	1.0	0.0	2.412307830083938e-05
16423.0	21.0	1.0	0.0	0.00031451638539627634
16444.0	21.0	1.0	0.0	0.0011346147628057
16465.0	21.0	1.0	0.0	0.001185934157598543
16486.0	21.0	1.0	0.0	0.0025222256978352383
16507.0	21.0	1.0	0.0	0.001965950012206981
16528.0	21.0	1.0	0.0	0.0005972827729724284
16549.0	21.0	1.0	0.0	0.0002083224341982429
16570.0	21.0	1.0	0.0	8.751060849143333e-05
16591.0	21.0	1.0	0.0	4.529680524553572e-05
16612.0	21.0	1.0	0.0	2.0339239211309523e-05
16633.0	21.0	1.0	0.0	1.1078465729951855e-05
16654.0	21.0	1.0	0.0	7.124501147440501e-06
16675.0	21.0	1.0	0.0	5.619740911892483e-06
16696.0	21.0	1.0	0.0	8.829016061056229e-06
16717.0	21.0	1.0	0.0	0.00026065994018598196
16738.0	21.0	1.0	0.0	0.00042451967511853334
16759.0	21.0	1.0	0.0	0.00037333647410069993
16780.0	21.0	1.0	0.0	0.0010580384390694285
16801.0	21.0	1.0	0.0	0.0021793310982839904
16822.0	21.0	1.0	0.0	0.0023015663510276667
16843.0	21.0	1.0	0.0	0.0010175403413318048
16864.0	21.0	1.0	0.0	0.0008873719714936287
16885.0	21.0	1.0	0.0	0.00032072230747762865
16906.0	21.0	1.0	0.0	0.00010094052269342556
16927.0	21.0	1.0	0.0	4.6303885323660716e-05
16948.0	21.0	1.0	0.0	2.2527785528273812e-05
16969.0	21.0	1.0	0.0	1.1840093703497022e-05
16990.0	21.0	1.0	0.0	7.776896158854166e-06
17011.0	21.0	1.0	0.0	5.180297153336662e-06
17032.0	21.0	1.0	0.0	3.874903633480979e-06
17053.0	21.0	1.0	0.0	4.833549970672243e-06
17074.0	21.0	1.0	0.0	7.556903929937453e-06
17095.0	21.0	1.0	0.0	3.878340834663028e-06
17116.0	21.0	1.0	0.0	0.00019602485781620757
17137.0	21.0	1.0	0.0	0.00036816674187064766
17158.0	21.0	1.0	0.0	0.0020355961209251334
17179.0	21.0	1.0	0.0	0.002940609704880434
17200.0	21.0	1.0	0.0	0.0036210054670060905
17221.0	21.0	1.0	0.0	0.0031580905006045046
17242.0	21.0	1.0	0.0	0.0009089006696428144
17263.0	21.0	1.0	0.0	0.00023437645321797618
17284.0	21.0	1.0	0.0	8.055623372395e-05
17305.0	21.0	1.0	0.0	3.530447823660715e-05
17326.0	21.0	1.0	0.0	1.6835530598958336e-05
17347.0	21.0	1.0	0.0	1.025390625e-05
17368.0	21.0	1.0	0.0	6.750778073356264e-06
17389.0	21.0	1.0	0.0	4.668388338316055e-06
17410.0	21.0	1.0	0.0	6.243436819031127e-06
17431.0	21.0	1.0	0.0	9.421158404577346e-06
17452.0	21.0	1.0	0.0	7.801826653025654e-05
17473.0	21.0	1.0	0.0	0.00011721500896270508
17494.0	21.0	1.0	0.0	0.00042660742714286775
17515.0	21.0	1.0	0.0	0.001804630869910795
17536.0	21.0	1.0	0.0	0.0014846262250627427
17557.0	21.0	1.0	0.0	0.0013452057611374186
17578.0	21.0	1.0	0.0	0.0028766555786132334
17599.0	21.0	1.0	0.0	0.0030843287876673752
17620.0	21.0	1.0	0.0	0.0022174130394344857
17641.0	21.0	1.0	0.0	0.000988449823288657
17662.0	21.0	1.0	0.0	0.00024911644345234767
17683.0	21.0	1.0	0.0	8.23117210751381e-05
17704.0	21.0	1.0	0.0	3.796241396949405e-05
17725.0	21.0	1.0	0.0	2.0464737899601454e-05
17746.0	21.0	1.0	0.0	1.2973639537535964e-05
17767.0	21.0	1.0	0.0	8.395664748691377e-06
17788.0	21.0	1.0	0.0	9.106292611076718e-06
17809.0	21.0	1.0	0.0	3.7133548940927624e-05
17830.0	21.0	1.0	0.0	0.00020308145454949763
17851.0	21.0	1.0	0.0	0.00047081431888393327
17872.0	21.0	1.0	0.0	0.001321746054149757
17893.0	21.0	1.0	0.0	0.0030597299848283575
17914.0	21.0	1.0	0.0	0.0017261519659132769
17935.0	21.0	1.0	0.0	0.0015904105050222764
17956.0	21.0	1.0	0.0	0.0009180435907272666
17977.0	21.0	1.0	0.0	0.0005972246442521857
17998.0	21.0	1.0	0.0	0.0005169103713262142
18019.0	21.0	1.0	0.0	0.00025976199195493807
18040.0	21.0	1.0	0.0	0.00011314973377043094
18061.0	21.0	1.0	0.0	4.5086815243675595e-05
18082.0	21.0	1.0	0.0	2.149600074404762e-05
18103.0	21.0	1.0	0.0	1.1665945251782737e-05
18124.0	21.0	1.0	0.0	7.595616437139966e-06
18145.0	21.0	1.0	0.0	5.4463928654080335e-06
18166.0	21.0	1.0	0.0	1.7912820691154115e-05
18187.0	21.0	1.0	0.0	4.8805137475314205e-05
18208.0	21.0	1.0	0.0	0.00014870389870232472
18229.0	21.0	1.0	0.0	0.0006687033744084905
18250.0	13.0	1.0	0.0	0.001028373278104277
