stress_period	sp_length	time_step	study (0 : TS or 1 : SS)	rech
0.0	1.0	1.0	1.0	0.0008355622188905548
5480.0	7.0	1.0	0.0	4.5714285714285716e-05
5487.0	7.0	1.0	0.0	3.142857142857143e-05
5494.0	7.0	1.0	0.0	4.8571428571428576e-05
5501.0	7.0	1.0	0.0	7.999999999999999e-05
5508.0	7.0	1.0	0.0	4.8571428571428576e-05
5515.0	7.0	1.0	0.0	0.0
5522.0	7.0	1.0	0.0	1.2857142857142856e-05
5529.0	7.0	1.0	0.0	1.4285714285714286e-06
5536.0	7.0	1.0	0.0	0.0
5543.0	7.0	1.0	0.0	1.4285714285714287e-05
5550.0	7.0	1.0	0.0	0.0
5557.0	7.0	1.0	0.0	0.0
5564.0	7.0	1.0	0.0	1.4285714285714286e-06
5571.0	7.0	1.0	0.0	9.285714285714287e-05
5578.0	7.0	1.0	0.0	6.000000000000001e-05
5585.0	7.0	1.0	0.0	3.857142857142857e-05
5592.0	7.0	1.0	0.0	0.00010285714285714286
5599.0	7.0	1.0	0.0	0.00018142857142857145
5606.0	7.0	1.0	0.0	0.0001742857142857143
5613.0	7.0	1.0	0.0	0.00010857142857142858
5620.0	7.0	1.0	0.0	0.0002442857142857143
5627.0	7.0	1.0	0.0	0.0002757142857142857
5634.0	7.0	1.0	0.0	0.0009199999999999999
5641.0	7.0	1.0	0.0	0.0029942857142857145
5648.0	7.0	1.0	0.0	0.0020057142857142856
5655.0	7.0	1.0	0.0	0.00242
5662.0	7.0	1.0	0.0	0.001722857142857143
5669.0	7.0	1.0	0.0	0.00024
5676.0	7.0	1.0	0.0	0.00045571428571428575
5683.0	7.0	1.0	0.0	0.00011714285714285714
5690.0	7.0	1.0	0.0	0.0016357142857142855
5697.0	7.0	1.0	0.0	0.0010828571428571428
5704.0	7.0	1.0	0.0	0.0002942857142857143
5711.0	7.0	1.0	0.0	0.0013257142857142858
5718.0	7.0	1.0	0.0	0.003584285714285714
5725.0	7.0	1.0	0.0	0.0012985714285714287
5732.0	7.0	1.0	0.0	0.0009828571428571427
5739.0	7.0	1.0	0.0	0.0024342857142857144
5746.0	7.0	1.0	0.0	0.0006000000000000001
5753.0	7.0	1.0	0.0	0.00042999999999999994
5760.0	7.0	1.0	0.0	0.00012571428571428572
5767.0	7.0	1.0	0.0	0.00013
5774.0	7.0	1.0	0.0	6e-05
5781.0	7.0	1.0	0.0	5.2857142857142855e-05
5788.0	7.0	1.0	0.0	0.00010142857142857143
5795.0	7.0	1.0	0.0	0.0
5802.0	7.0	1.0	0.0	0.00041000000000000005
5809.0	7.0	1.0	0.0	0.0
5816.0	7.0	1.0	0.0	0.00025428571428571427
5823.0	7.0	1.0	0.0	2.8571428571428574e-05
5830.0	7.0	1.0	0.0	0.0
5837.0	7.0	1.0	0.0	1.1428571428571429e-05
5844.0	7.0	1.0	0.0	8.571428571428571e-06
1468.0	7.0	1.0	0.0	5.142857142857142e-05
1475.0	7.0	1.0	0.0	0.0
1482.0	7.0	1.0	0.0	1.4285714285714286e-06
1489.0	7.0	1.0	0.0	0.00016571428571428572
1496.0	7.0	1.0	0.0	0.0001628571428571429
1503.0	7.0	1.0	0.0	5e-05
1510.0	7.0	1.0	0.0	0.00073
1517.0	7.0	1.0	0.0	0.0014171428571428568
1524.0	7.0	1.0	0.0	0.004325714285714285
1531.0	7.0	1.0	0.0	0.004074285714285714
1538.0	7.0	1.0	0.0	0.005837142857142856
1545.0	7.0	1.0	0.0	0.004025714285714286
1552.0	7.0	1.0	0.0	0.002234285714285714
1559.0	7.0	1.0	0.0	0.0034314285714285714
1566.0	7.0	1.0	0.0	0.004388571428571428
1573.0	7.0	1.0	0.0	0.004657142857142857
1580.0	7.0	1.0	0.0	0.0038842857142857147
1587.0	7.0	1.0	0.0	0.0014585714285714286
1594.0	7.0	1.0	0.0	0.0012971428571428572
1601.0	7.0	1.0	0.0	0.0014014285714285713
1608.0	7.0	1.0	0.0	0.00115
1615.0	7.0	1.0	0.0	0.0005285714285714286
1622.0	7.0	1.0	0.0	5.571428571428572e-05
1629.0	7.0	1.0	0.0	0.0009700000000000002
1636.0	7.0	1.0	0.0	0.002704285714285714
1643.0	7.0	1.0	0.0	0.0025114285714285716
1650.0	7.0	1.0	0.0	0.0006585714285714286
1657.0	7.0	1.0	0.0	0.0013214285714285713
1664.0	7.0	1.0	0.0	0.0007442857142857141
1671.0	7.0	1.0	0.0	0.00044999999999999993
1678.0	7.0	1.0	0.0	0.0033271428571428575
1685.0	7.0	1.0	0.0	0.0019114285714285715
1692.0	7.0	1.0	0.0	0.0014757142857142857
1699.0	7.0	1.0	0.0	0.002385714285714286
1706.0	7.0	1.0	0.0	0.002324285714285714
1713.0	7.0	1.0	0.0	0.0015385714285714286
1720.0	7.0	1.0	0.0	0.0010114285714285713
1727.0	7.0	1.0	0.0	7.142857142857143e-05
1734.0	7.0	1.0	0.0	2.4285714285714288e-05
1741.0	7.0	1.0	0.0	0.00014714285714285716
1748.0	7.0	1.0	0.0	0.0003885714285714286
1755.0	7.0	1.0	0.0	1.7142857142857142e-05
1762.0	7.0	1.0	0.0	5.428571428571429e-05
1769.0	7.0	1.0	0.0	0.0
1776.0	7.0	1.0	0.0	0.00012714285714285714
1783.0	7.0	1.0	0.0	0.0
1790.0	7.0	1.0	0.0	0.0
1797.0	7.0	1.0	0.0	5.7142857142857145e-06
1804.0	7.0	1.0	0.0	2.7142857142857144e-05
1811.0	7.0	1.0	0.0	1.8571428571428575e-05
1818.0	7.0	1.0	0.0	0.0
1825.0	7.0	1.0	0.0	0.0
3658.0	7.0	1.0	0.0	8.571428571428571e-06
3665.0	7.0	1.0	0.0	4.5714285714285716e-05
3672.0	7.0	1.0	0.0	0.0
3679.0	7.0	1.0	0.0	3e-05
3686.0	7.0	1.0	0.0	3.285714285714286e-05
3693.0	7.0	1.0	0.0	4.285714285714286e-05
3700.0	7.0	1.0	0.0	0.0002457142857142857
3707.0	7.0	1.0	0.0	4.142857142857143e-05
3714.0	7.0	1.0	0.0	8e-05
3721.0	7.0	1.0	0.0	0.00087
3728.0	7.0	1.0	0.0	0.00012142857142857144
3735.0	7.0	1.0	0.0	0.00047999999999999996
3742.0	7.0	1.0	0.0	3.857142857142857e-05
3749.0	7.0	1.0	0.0	0.00011428571428571431
3756.0	7.0	1.0	0.0	0.0019357142857142856
3763.0	7.0	1.0	0.0	0.002122857142857143
3770.0	7.0	1.0	0.0	0.002178571428571429
3777.0	7.0	1.0	0.0	0.0015271428571428571
3784.0	7.0	1.0	0.0	0.0011057142857142858
3791.0	7.0	1.0	0.0	0.005324285714285714
3798.0	7.0	1.0	0.0	0.0041257142857142855
3805.0	7.0	1.0	0.0	0.0028557142857142856
3812.0	7.0	1.0	0.0	0.00275
3819.0	7.0	1.0	0.0	0.0037171428571428572
3826.0	7.0	1.0	0.0	0.003207142857142857
3833.0	7.0	1.0	0.0	0.001097142857142857
3840.0	7.0	1.0	0.0	0.0017757142857142856
3847.0	7.0	1.0	0.0	0.00039857142857142863
3854.0	7.0	1.0	0.0	0.0007471428571428571
3861.0	7.0	1.0	0.0	0.00221
3868.0	7.0	1.0	0.0	0.0028142857142857145
3875.0	7.0	1.0	0.0	0.0022185714285714287
3882.0	7.0	1.0	0.0	0.001152857142857143
3889.0	7.0	1.0	0.0	0.001842857142857143
3896.0	7.0	1.0	0.0	0.0016428571428571425
3903.0	7.0	1.0	0.0	0.0012214285714285714
3910.0	7.0	1.0	0.0	0.0002814285714285714
3917.0	7.0	1.0	0.0	0.0003757142857142857
3924.0	7.0	1.0	0.0	0.0008385714285714286
3931.0	7.0	1.0	0.0	0.00188
3938.0	7.0	1.0	0.0	0.004914285714285714
3945.0	7.0	1.0	0.0	0.0029714285714285715
3952.0	7.0	1.0	0.0	0.0045928571428571425
3959.0	7.0	1.0	0.0	0.0033785714285714287
3966.0	7.0	1.0	0.0	0.00046285714285714284
3973.0	7.0	1.0	0.0	5.7142857142857145e-06
3980.0	7.0	1.0	0.0	2.7142857142857144e-05
3987.0	7.0	1.0	0.0	0.00012857142857142858
3994.0	7.0	1.0	0.0	5.142857142857143e-05
4001.0	7.0	1.0	0.0	6.285714285714286e-05
4008.0	7.0	1.0	0.0	0.0002914285714285714
4015.0	7.0	1.0	0.0	2.7142857142857144e-05
13518.0	7.0	1.0	0.0	9.999999999999999e-06
13525.0	7.0	1.0	0.0	0.00012285714285714287
13532.0	7.0	1.0	0.0	0.0004542857142857143
13539.0	7.0	1.0	0.0	0.0
13546.0	7.0	1.0	0.0	1.4285714285714286e-06
13553.0	7.0	1.0	0.0	1.4285714285714286e-06
13560.0	7.0	1.0	0.0	2.1428571428571428e-05
13567.0	7.0	1.0	0.0	6.571428571428571e-05
13574.0	7.0	1.0	0.0	4.571428571428571e-05
13581.0	7.0	1.0	0.0	2.4285714285714288e-05
13588.0	7.0	1.0	0.0	9.999999999999999e-06
13595.0	7.0	1.0	0.0	0.0
13602.0	7.0	1.0	0.0	4.8571428571428576e-05
13609.0	7.0	1.0	0.0	4.2857142857142855e-06
13616.0	7.0	1.0	0.0	1.8571428571428575e-05
13623.0	7.0	1.0	0.0	0.00011857142857142856
13630.0	7.0	1.0	0.0	0.00011999999999999999
13637.0	7.0	1.0	0.0	0.0006942857142857142
13644.0	7.0	1.0	0.0	0.00022
13651.0	7.0	1.0	0.0	1.4285714285714286e-06
13658.0	7.0	1.0	0.0	0.00013714285714285713
13665.0	7.0	1.0	0.0	0.00032285714285714285
13672.0	7.0	1.0	0.0	0.0009100000000000001
13679.0	7.0	1.0	0.0	0.003425714285714286
13686.0	7.0	1.0	0.0	0.0014671428571428572
13693.0	7.0	1.0	0.0	0.0005528571428571429
13700.0	7.0	1.0	0.0	0.001487142857142857
13707.0	7.0	1.0	0.0	0.00020000000000000004
13714.0	7.0	1.0	0.0	2.8571428571428573e-06
13721.0	7.0	1.0	0.0	0.0003942857142857143
13728.0	7.0	1.0	0.0	0.00019428571428571428
13735.0	7.0	1.0	0.0	0.0013471428571428573
13742.0	7.0	1.0	0.0	0.0005771428571428571
13749.0	7.0	1.0	0.0	0.0006371428571428572
13756.0	7.0	1.0	0.0	0.0010742857142857143
13763.0	7.0	1.0	0.0	0.00011142857142857143
13770.0	7.0	1.0	0.0	4.142857142857143e-05
13777.0	7.0	1.0	0.0	0.00022428571428571427
13784.0	7.0	1.0	0.0	0.0002657142857142857
13791.0	7.0	1.0	0.0	0.00021714285714285713
13798.0	7.0	1.0	0.0	0.0001757142857142857
13805.0	7.0	1.0	0.0	0.00015714285714285716
13812.0	7.0	1.0	0.0	0.0004771428571428571
13819.0	7.0	1.0	0.0	0.00037571428571428575
13826.0	7.0	1.0	0.0	1.4285714285714286e-06
13833.0	7.0	1.0	0.0	9.000000000000002e-05
13840.0	7.0	1.0	0.0	0.0
13847.0	7.0	1.0	0.0	1.9999999999999998e-05
13854.0	7.0	1.0	0.0	7.857142857142858e-05
13861.0	7.0	1.0	0.0	7.1428571428571436e-06
13868.0	7.0	1.0	0.0	2.2857142857142855e-05
13875.0	7.0	1.0	0.0	1.5714285714285715e-05
4021.0	7.0	1.0	0.0	0.0002757142857142857
4028.0	7.0	1.0	0.0	0.0
4035.0	7.0	1.0	0.0	3.4285714285714284e-05
4042.0	7.0	1.0	0.0	2.8571428571428573e-06
4049.0	7.0	1.0	0.0	4.2857142857142855e-06
4056.0	7.0	1.0	0.0	5.142857142857142e-05
4063.0	7.0	1.0	0.0	0.0005128571428571428
4070.0	7.0	1.0	0.0	0.0005957142857142857
4077.0	7.0	1.0	0.0	6e-05
4084.0	7.0	1.0	0.0	0.0007571428571428572
4091.0	7.0	1.0	0.0	0.0022328571428571428
4098.0	7.0	1.0	0.0	0.004854285714285714
4105.0	7.0	1.0	0.0	0.004072857142857143
4112.0	7.0	1.0	0.0	0.00126
4119.0	7.0	1.0	0.0	0.00029
4126.0	7.0	1.0	0.0	0.0006185714285714285
4133.0	7.0	1.0	0.0	0.001162857142857143
4140.0	7.0	1.0	0.0	0.002287142857142858
4147.0	7.0	1.0	0.0	0.00371
4154.0	7.0	1.0	0.0	0.005904285714285714
4161.0	7.0	1.0	0.0	0.003767142857142857
4168.0	7.0	1.0	0.0	0.0034071428571428573
4175.0	7.0	1.0	0.0	0.0035742857142857143
4182.0	7.0	1.0	0.0	0.00304
4189.0	7.0	1.0	0.0	0.0017228571428571427
4196.0	7.0	1.0	0.0	0.0012057142857142859
4203.0	7.0	1.0	0.0	0.00018714285714285713
4210.0	7.0	1.0	0.0	0.00028571428571428574
4217.0	7.0	1.0	0.0	0.0006971428571428571
4224.0	7.0	1.0	0.0	0.0005914285714285715
4231.0	7.0	1.0	0.0	0.0010014285714285713
4238.0	7.0	1.0	0.0	0.0020528571428571423
4245.0	7.0	1.0	0.0	0.0024685714285714285
4252.0	7.0	1.0	0.0	0.0009328571428571429
4259.0	7.0	1.0	0.0	8.571428571428571e-06
4266.0	7.0	1.0	0.0	0.00016142857142857145
4273.0	7.0	1.0	0.0	0.0
4280.0	7.0	1.0	0.0	0.0
4287.0	7.0	1.0	0.0	4.8571428571428576e-05
4294.0	7.0	1.0	0.0	0.00015571428571428572
4301.0	7.0	1.0	0.0	9.999999999999999e-06
4308.0	7.0	1.0	0.0	8.714285714285714e-05
4315.0	7.0	1.0	0.0	0.00010428571428571428
4322.0	7.0	1.0	0.0	4.428571428571428e-05
4329.0	7.0	1.0	0.0	0.0002185714285714286
4336.0	7.0	1.0	0.0	0.00010857142857142856
4343.0	7.0	1.0	0.0	0.0002557142857142857
4350.0	7.0	1.0	0.0	0.0
4357.0	7.0	1.0	0.0	5.428571428571429e-05
4364.0	7.0	1.0	0.0	0.0003071428571428571
4371.0	7.0	1.0	0.0	0.00015000000000000001
4378.0	7.0	1.0	0.0	0.00016
11690.0	7.0	1.0	0.0	7.142857142857143e-05
11697.0	7.0	1.0	0.0	9.142857142857142e-05
11704.0	7.0	1.0	0.0	0.0
11711.0	7.0	1.0	0.0	4.142857142857143e-05
11718.0	7.0	1.0	0.0	0.0
11725.0	7.0	1.0	0.0	0.00029285714285714283
11732.0	7.0	1.0	0.0	3.142857142857143e-05
11739.0	7.0	1.0	0.0	0.0
11746.0	7.0	1.0	0.0	5.142857142857143e-05
11753.0	7.0	1.0	0.0	2.4285714285714285e-05
11760.0	7.0	1.0	0.0	0.00022
11767.0	7.0	1.0	0.0	0.0005014285714285714
11774.0	7.0	1.0	0.0	0.00016285714285714284
11781.0	7.0	1.0	0.0	0.0011699999999999998
11788.0	7.0	1.0	0.0	0.0033499999999999997
11795.0	7.0	1.0	0.0	0.0023857142857142857
11802.0	7.0	1.0	0.0	0.0013357142857142858
11809.0	7.0	1.0	0.0	0.0031971428571428576
11816.0	7.0	1.0	0.0	0.0016257142857142859
11823.0	7.0	1.0	0.0	0.0016899999999999999
11830.0	7.0	1.0	0.0	0.0037314285714285717
11837.0	7.0	1.0	0.0	0.004815714285714285
11844.0	7.0	1.0	0.0	0.003425714285714286
11851.0	7.0	1.0	0.0	0.0008314285714285715
11858.0	7.0	1.0	0.0	0.0023085714285714285
11865.0	7.0	1.0	0.0	0.0018971428571428572
11872.0	7.0	1.0	0.0	0.003465714285714286
11879.0	7.0	1.0	0.0	0.0024228571428571433
11886.0	7.0	1.0	0.0	0.00047428571428571425
11893.0	7.0	1.0	0.0	0.00015285714285714287
11900.0	7.0	1.0	0.0	0.0016857142857142856
11907.0	7.0	1.0	0.0	0.0008228571428571429
11914.0	7.0	1.0	0.0	1.1428571428571427e-05
11921.0	7.0	1.0	0.0	1.1428571428571429e-05
11928.0	7.0	1.0	0.0	7.142857142857143e-05
11935.0	7.0	1.0	0.0	0.0
11942.0	7.0	1.0	0.0	5.7142857142857145e-06
11949.0	7.0	1.0	0.0	4.2857142857142855e-06
11956.0	7.0	1.0	0.0	5.571428571428572e-05
11963.0	7.0	1.0	0.0	7.1428571428571436e-06
11970.0	7.0	1.0	0.0	3.571428571428572e-05
11977.0	7.0	1.0	0.0	0.00015857142857142855
11984.0	7.0	1.0	0.0	0.00010857142857142858
11991.0	7.0	1.0	0.0	3.428571428571429e-05
11998.0	7.0	1.0	0.0	0.0
12005.0	7.0	1.0	0.0	1.5714285714285715e-05
12012.0	7.0	1.0	0.0	1.4285714285714286e-06
12019.0	7.0	1.0	0.0	1.4285714285714286e-06
12026.0	7.0	1.0	0.0	0.0
12033.0	7.0	1.0	0.0	3.571428571428572e-05
12040.0	7.0	1.0	0.0	4.2857142857142855e-06
12047.0	7.0	1.0	0.0	1.5714285714285715e-05
731.0	7.0	1.0	0.0	0.00010857142857142858
738.0	7.0	1.0	0.0	1.5714285714285715e-05
745.0	7.0	1.0	0.0	1.4285714285714286e-06
752.0	7.0	1.0	0.0	0.0
759.0	7.0	1.0	0.0	5.7142857142857145e-06
766.0	7.0	1.0	0.0	6.142857142857143e-05
773.0	7.0	1.0	0.0	3.714285714285715e-05
780.0	7.0	1.0	0.0	1.2857142857142857e-05
787.0	7.0	1.0	0.0	0.0
794.0	7.0	1.0	0.0	4.2857142857142855e-06
801.0	7.0	1.0	0.0	7e-05
808.0	7.0	1.0	0.0	0.0
815.0	7.0	1.0	0.0	4.571428571428571e-05
822.0	7.0	1.0	0.0	1.8571428571428575e-05
829.0	7.0	1.0	0.0	0.00032142857142857147
836.0	7.0	1.0	0.0	0.0011385714285714285
843.0	7.0	1.0	0.0	2.4285714285714288e-05
850.0	7.0	1.0	0.0	0.00022714285714285718
857.0	7.0	1.0	0.0	0.0008900000000000002
864.0	7.0	1.0	0.0	0.0019414285714285716
871.0	7.0	1.0	0.0	0.0005
878.0	7.0	1.0	0.0	0.00021714285714285718
885.0	7.0	1.0	0.0	8.571428571428571e-06
892.0	7.0	1.0	0.0	7.857142857142858e-05
899.0	7.0	1.0	0.0	0.00043142857142857143
906.0	7.0	1.0	0.0	0.002662857142857143
913.0	7.0	1.0	0.0	0.0027057142857142857
920.0	7.0	1.0	0.0	0.001465714285714286
927.0	7.0	1.0	0.0	0.0021614285714285715
934.0	7.0	1.0	0.0	0.0019442857142857144
941.0	7.0	1.0	0.0	0.0015499999999999997
948.0	7.0	1.0	0.0	0.0002671428571428571
955.0	7.0	1.0	0.0	0.0
962.0	7.0	1.0	0.0	6.285714285714286e-05
969.0	7.0	1.0	0.0	7.714285714285714e-05
976.0	7.0	1.0	0.0	0.00010571428571428571
983.0	7.0	1.0	0.0	7.1428571428571436e-06
990.0	7.0	1.0	0.0	5.857142857142857e-05
997.0	7.0	1.0	0.0	0.0002785714285714286
1004.0	7.0	1.0	0.0	0.0003742857142857143
1011.0	7.0	1.0	0.0	7.1428571428571436e-06
1018.0	7.0	1.0	0.0	0.0003128571428571429
1025.0	7.0	1.0	0.0	0.0003128571428571429
1032.0	7.0	1.0	0.0	0.0003642857142857143
1039.0	7.0	1.0	0.0	1.4285714285714286e-06
1046.0	7.0	1.0	0.0	0.0
1053.0	7.0	1.0	0.0	0.00024
1060.0	7.0	1.0	0.0	0.00010999999999999998
1067.0	7.0	1.0	0.0	0.0003014285714285714
1074.0	7.0	1.0	0.0	0.0002585714285714286
1081.0	7.0	1.0	0.0	0.00022142857142857142
1088.0	7.0	1.0	0.0	3.4285714285714284e-05
1095.0	7.0	1.0	0.0	7.571428571428573e-05
14981.0	7.0	1.0	0.0	0.00012
14988.0	7.0	1.0	0.0	3.142857142857143e-05
14995.0	7.0	1.0	0.0	0.00014714285714285716
15002.0	7.0	1.0	0.0	0.0
15009.0	7.0	1.0	0.0	6.428571428571429e-05
15016.0	7.0	1.0	0.0	7.571428571428573e-05
15023.0	7.0	1.0	0.0	7.285714285714286e-05
15030.0	7.0	1.0	0.0	0.0
15037.0	7.0	1.0	0.0	5.7142857142857145e-06
15044.0	7.0	1.0	0.0	5.7142857142857145e-06
15051.0	7.0	1.0	0.0	3e-05
15058.0	7.0	1.0	0.0	4.714285714285714e-05
15065.0	7.0	1.0	0.0	5.571428571428572e-05
15072.0	7.0	1.0	0.0	4.285714285714286e-06
15079.0	7.0	1.0	0.0	2.8571428571428573e-06
15086.0	7.0	1.0	0.0	0.0
15093.0	7.0	1.0	0.0	0.0002671428571428572
15100.0	7.0	1.0	0.0	0.000547142857142857
15107.0	7.0	1.0	0.0	0.0013328571428571428
15114.0	7.0	1.0	0.0	0.00383
15121.0	7.0	1.0	0.0	0.0029385714285714284
15128.0	7.0	1.0	0.0	0.004130000000000001
15135.0	7.0	1.0	0.0	0.0018242857142857143
15142.0	7.0	1.0	0.0	0.0004242857142857143
15149.0	7.0	1.0	0.0	0.0006942857142857142
15156.0	7.0	1.0	0.0	0.00083
15163.0	7.0	1.0	0.0	0.0004371428571428572
15170.0	7.0	1.0	0.0	0.00010142857142857143
15177.0	7.0	1.0	0.0	6.857142857142858e-05
15184.0	7.0	1.0	0.0	1.4285714285714286e-06
15191.0	7.0	1.0	0.0	0.0002
15198.0	7.0	1.0	0.0	0.00017428571428571428
15205.0	7.0	1.0	0.0	5.7142857142857145e-06
15212.0	7.0	1.0	0.0	0.0
15219.0	7.0	1.0	0.0	1.4285714285714286e-06
15226.0	7.0	1.0	0.0	0.00020857142857142854
15233.0	7.0	1.0	0.0	0.00019142857142857142
15240.0	7.0	1.0	0.0	0.0005042857142857143
15247.0	7.0	1.0	0.0	0.00011571428571428571
15254.0	7.0	1.0	0.0	0.00022571428571428571
15261.0	7.0	1.0	0.0	2.8571428571428574e-05
15268.0	7.0	1.0	0.0	0.00022142857142857142
15275.0	7.0	1.0	0.0	8.142857142857142e-05
15282.0	7.0	1.0	0.0	0.00013428571428571428
15289.0	7.0	1.0	0.0	0.00015571428571428572
15296.0	7.0	1.0	0.0	0.00015285714285714287
15303.0	7.0	1.0	0.0	0.00013571428571428572
15310.0	7.0	1.0	0.0	9.142857142857143e-05
15317.0	7.0	1.0	0.0	0.00017285714285714284
15324.0	7.0	1.0	0.0	8.571428571428573e-06
15331.0	7.0	1.0	0.0	0.0
15338.0	7.0	1.0	0.0	5.142857142857142e-05
2927.0	7.0	1.0	0.0	0.00015
2934.0	7.0	1.0	0.0	0.0
2941.0	7.0	1.0	0.0	0.0
2948.0	7.0	1.0	0.0	0.0
2955.0	7.0	1.0	0.0	6e-05
2962.0	7.0	1.0	0.0	1.4285714285714286e-06
2969.0	7.0	1.0	0.0	0.0
2976.0	7.0	1.0	0.0	7.142857142857143e-05
2983.0	7.0	1.0	0.0	1.1428571428571429e-05
2990.0	7.0	1.0	0.0	1.2857142857142857e-05
2997.0	7.0	1.0	0.0	1.1428571428571429e-05
3004.0	7.0	1.0	0.0	5.7142857142857145e-06
3011.0	7.0	1.0	0.0	1.5714285714285715e-05
3018.0	7.0	1.0	0.0	1.4285714285714286e-06
3025.0	7.0	1.0	0.0	1.1428571428571429e-05
3032.0	7.0	1.0	0.0	7.142857142857143e-05
3039.0	7.0	1.0	0.0	2.571428571428571e-05
3046.0	7.0	1.0	0.0	0.00021428571428571425
3053.0	7.0	1.0	0.0	0.00026428571428571424
3060.0	7.0	1.0	0.0	4.428571428571428e-05
3067.0	7.0	1.0	0.0	0.0007914285714285714
3074.0	7.0	1.0	0.0	2.4285714285714288e-05
3081.0	7.0	1.0	0.0	0.0005585714285714286
3088.0	7.0	1.0	0.0	0.0009114285714285715
3095.0	7.0	1.0	0.0	0.001484285714285714
3102.0	7.0	1.0	0.0	0.0017828571428571427
3109.0	7.0	1.0	0.0	0.00455
3116.0	7.0	1.0	0.0	0.005641428571428571
3123.0	7.0	1.0	0.0	0.0022971428571428574
3130.0	7.0	1.0	0.0	0.0005371428571428572
3137.0	7.0	1.0	0.0	0.00186
3144.0	7.0	1.0	0.0	0.004038571428571428
3151.0	7.0	1.0	0.0	0.0024242857142857143
3158.0	7.0	1.0	0.0	0.001497142857142857
3165.0	7.0	1.0	0.0	0.0009457142857142856
3172.0	7.0	1.0	0.0	0.0013557142857142858
3179.0	7.0	1.0	0.0	0.00028285714285714286
3186.0	7.0	1.0	0.0	0.0011771428571428573
3193.0	7.0	1.0	0.0	0.00108
3200.0	7.0	1.0	0.0	0.00019428571428571433
3207.0	7.0	1.0	0.0	8.857142857142859e-05
3214.0	7.0	1.0	0.0	0.0014757142857142855
3221.0	7.0	1.0	0.0	0.0020557142857142857
3228.0	7.0	1.0	0.0	0.0006785714285714287
3235.0	7.0	1.0	0.0	8.428571428571429e-05
3242.0	7.0	1.0	0.0	0.0
3249.0	7.0	1.0	0.0	2.142857142857143e-05
3256.0	7.0	1.0	0.0	0.0
3263.0	7.0	1.0	0.0	0.0
3270.0	7.0	1.0	0.0	0.0
3277.0	7.0	1.0	0.0	2.8571428571428573e-06
3284.0	7.0	1.0	0.0	7.285714285714286e-05
2561.0	7.0	1.0	0.0	1.4285714285714284e-05
2568.0	7.0	1.0	0.0	1.4285714285714286e-06
2575.0	7.0	1.0	0.0	9.142857142857143e-05
2582.0	7.0	1.0	0.0	5.8571428571428575e-05
2589.0	7.0	1.0	0.0	2.4285714285714288e-05
2596.0	7.0	1.0	0.0	0.0
2603.0	7.0	1.0	0.0	0.0
2610.0	7.0	1.0	0.0	2e-05
2617.0	7.0	1.0	0.0	9.571428571428571e-05
2624.0	7.0	1.0	0.0	2.4285714285714288e-05
2631.0	7.0	1.0	0.0	3.857142857142857e-05
2638.0	7.0	1.0	0.0	9.42857142857143e-05
2645.0	7.0	1.0	0.0	0.0002557142857142857
2652.0	7.0	1.0	0.0	0.0001742857142857143
2659.0	7.0	1.0	0.0	0.0008285714285714286
2666.0	7.0	1.0	0.0	0.0009557142857142856
2673.0	7.0	1.0	0.0	0.0015985714285714284
2680.0	7.0	1.0	0.0	0.001
2687.0	7.0	1.0	0.0	0.0021657142857142856
2694.0	7.0	1.0	0.0	0.0010928571428571426
2701.0	7.0	1.0	0.0	0.0027657142857142854
2708.0	7.0	1.0	0.0	0.00259
2715.0	7.0	1.0	0.0	0.0016142857142857144
2722.0	7.0	1.0	0.0	0.0011414285714285714
2729.0	7.0	1.0	0.0	0.00225
2736.0	7.0	1.0	0.0	0.004795714285714286
2743.0	7.0	1.0	0.0	0.005038571428571428
2750.0	7.0	1.0	0.0	0.0028957142857142858
2757.0	7.0	1.0	0.0	0.006324285714285714
2764.0	7.0	1.0	0.0	0.0034185714285714284
2771.0	7.0	1.0	0.0	0.0010785714285714285
2778.0	7.0	1.0	0.0	0.0008571428571428572
2785.0	7.0	1.0	0.0	0.0035214285714285716
2792.0	7.0	1.0	0.0	0.003427142857142857
2799.0	7.0	1.0	0.0	0.0027
2806.0	7.0	1.0	0.0	0.00068
2813.0	7.0	1.0	0.0	0.0003485714285714286
2820.0	7.0	1.0	0.0	6e-05
2827.0	7.0	1.0	0.0	0.00043571428571428575
2834.0	7.0	1.0	0.0	0.0009514285714285715
2841.0	7.0	1.0	0.0	0.00013571428571428572
2848.0	7.0	1.0	0.0	4.142857142857143e-05
2855.0	7.0	1.0	0.0	7.857142857142858e-05
2862.0	7.0	1.0	0.0	0.00016142857142857145
2869.0	7.0	1.0	0.0	1.4285714285714286e-06
2876.0	7.0	1.0	0.0	0.00016
2883.0	7.0	1.0	0.0	0.00013428571428571428
2890.0	7.0	1.0	0.0	0.0003042857142857143
2897.0	7.0	1.0	0.0	2.8571428571428573e-06
2904.0	7.0	1.0	0.0	0.0
2911.0	7.0	1.0	0.0	3.142857142857143e-05
2918.0	7.0	1.0	0.0	0.0002871428571428572
9499.0	7.0	1.0	0.0	1.4285714285714287e-05
9506.0	7.0	1.0	0.0	1.5714285714285715e-05
9513.0	7.0	1.0	0.0	5.7142857142857145e-06
9520.0	7.0	1.0	0.0	5.571428571428572e-05
9527.0	7.0	1.0	0.0	0.0
9534.0	7.0	1.0	0.0	1.4285714285714286e-06
9541.0	7.0	1.0	0.0	1.4285714285714286e-06
9548.0	7.0	1.0	0.0	1e-05
9555.0	7.0	1.0	0.0	8.285714285714286e-05
9562.0	7.0	1.0	0.0	5.4285714285714295e-05
9569.0	7.0	1.0	0.0	0.00011285714285714287
9576.0	7.0	1.0	0.0	6.142857142857142e-05
9583.0	7.0	1.0	0.0	9.571428571428571e-05
9590.0	7.0	1.0	0.0	0.0002585714285714286
9597.0	7.0	1.0	0.0	0.00010428571428571428
9604.0	7.0	1.0	0.0	0.00044714285714285716
9611.0	7.0	1.0	0.0	0.001207142857142857
9618.0	7.0	1.0	0.0	0.0035585714285714287
9625.0	7.0	1.0	0.0	0.0022099999999999997
9632.0	7.0	1.0	0.0	0.0019428571428571427
9639.0	7.0	1.0	0.0	0.0024542857142857144
9646.0	7.0	1.0	0.0	0.00039000000000000005
9653.0	7.0	1.0	0.0	6.571428571428571e-05
9660.0	7.0	1.0	0.0	9.857142857142856e-05
9667.0	7.0	1.0	0.0	0.0002971428571428572
9674.0	7.0	1.0	0.0	0.00042714285714285716
9681.0	7.0	1.0	0.0	0.0007328571428571428
9688.0	7.0	1.0	0.0	0.0021
9695.0	7.0	1.0	0.0	0.00316
9702.0	7.0	1.0	0.0	0.0009685714285714287
9709.0	7.0	1.0	0.0	0.00011571428571428572
9716.0	7.0	1.0	0.0	1.4285714285714286e-06
9723.0	7.0	1.0	0.0	1.7142857142857142e-05
9730.0	7.0	1.0	0.0	6.857142857142857e-05
9737.0	7.0	1.0	0.0	0.0
9744.0	7.0	1.0	0.0	0.0
9751.0	7.0	1.0	0.0	0.0
9758.0	7.0	1.0	0.0	3e-05
9765.0	7.0	1.0	0.0	0.00010000000000000002
9772.0	7.0	1.0	0.0	0.00016285714285714284
9779.0	7.0	1.0	0.0	0.00013142857142857143
9786.0	7.0	1.0	0.0	0.00027428571428571427
9793.0	7.0	1.0	0.0	0.0
9800.0	7.0	1.0	0.0	5.7142857142857145e-06
9807.0	7.0	1.0	0.0	9.285714285714286e-05
9814.0	7.0	1.0	0.0	8.857142857142859e-05
9821.0	7.0	1.0	0.0	0.0002642857142857143
9828.0	7.0	1.0	0.0	0.0002428571428571429
9835.0	7.0	1.0	0.0	0.0
9842.0	7.0	1.0	0.0	0.0
9849.0	7.0	1.0	0.0	1.4285714285714287e-05
9856.0	7.0	1.0	0.0	2.8571428571428573e-06
8402.0	7.0	1.0	0.0	2e-05
8409.0	7.0	1.0	0.0	5.285714285714286e-05
8416.0	7.0	1.0	0.0	1.4285714285714286e-06
8423.0	7.0	1.0	0.0	2.7142857142857144e-05
8430.0	7.0	1.0	0.0	0.0
8437.0	7.0	1.0	0.0	0.00029285714285714283
8444.0	7.0	1.0	0.0	0.00066
8451.0	7.0	1.0	0.0	0.0002757142857142857
8458.0	7.0	1.0	0.0	0.0010914285714285715
8465.0	7.0	1.0	0.0	0.0042928571428571425
8472.0	7.0	1.0	0.0	0.004175714285714285
8479.0	7.0	1.0	0.0	0.0014785714285714287
8486.0	7.0	1.0	0.0	0.0002642857142857143
8493.0	7.0	1.0	0.0	3.857142857142857e-05
8500.0	7.0	1.0	0.0	0.0015142857142857143
8507.0	7.0	1.0	0.0	0.0010857142857142858
8514.0	7.0	1.0	0.0	5.000000000000001e-05
8521.0	7.0	1.0	0.0	0.0007157142857142857
8528.0	7.0	1.0	0.0	0.0038371428571428575
8535.0	7.0	1.0	0.0	0.006915714285714287
8542.0	7.0	1.0	0.0	0.006785714285714285
8549.0	7.0	1.0	0.0	0.005367142857142857
8556.0	7.0	1.0	0.0	0.0054600000000000004
8563.0	7.0	1.0	0.0	0.004267142857142857
8570.0	7.0	1.0	0.0	0.00352
8577.0	7.0	1.0	0.0	0.004434285714285715
8584.0	7.0	1.0	0.0	0.002527142857142857
8591.0	7.0	1.0	0.0	0.0030185714285714286
8598.0	7.0	1.0	0.0	0.002947142857142857
8605.0	7.0	1.0	0.0	0.0025471428571428576
8612.0	7.0	1.0	0.0	0.0021471428571428574
8619.0	7.0	1.0	0.0	0.0007157142857142858
8626.0	7.0	1.0	0.0	0.0004428571428571429
8633.0	7.0	1.0	0.0	0.0009928571428571428
8640.0	7.0	1.0	0.0	0.0008714285714285714
8647.0	7.0	1.0	0.0	0.003824285714285714
8654.0	7.0	1.0	0.0	0.0027699999999999995
8661.0	7.0	1.0	0.0	0.00042428571428571434
8668.0	7.0	1.0	0.0	0.00017142857142857145
8675.0	7.0	1.0	0.0	0.00010857142857142858
8682.0	7.0	1.0	0.0	0.00023714285714285715
8689.0	7.0	1.0	0.0	0.004877142857142858
8696.0	7.0	1.0	0.0	0.00429142857142857
8703.0	7.0	1.0	0.0	0.0014628571428571427
8710.0	7.0	1.0	0.0	0.00055
8717.0	7.0	1.0	0.0	0.0
8724.0	7.0	1.0	0.0	3.4285714285714284e-05
8731.0	7.0	1.0	0.0	0.0001042857142857143
8738.0	7.0	1.0	0.0	0.00010999999999999999
8745.0	7.0	1.0	0.0	7.1428571428571436e-06
8752.0	7.0	1.0	0.0	1.7142857142857142e-05
8759.0	7.0	1.0	0.0	5.857142857142857e-05
8766.0	7.0	1.0	0.0	0.0
12060.0	7.0	1.0	0.0	0.0
12067.0	7.0	1.0	0.0	0.0
12074.0	7.0	1.0	0.0	0.0
12081.0	7.0	1.0	0.0	0.0
12088.0	7.0	1.0	0.0	8.571428571428571e-06
12095.0	7.0	1.0	0.0	0.0
12102.0	7.0	1.0	0.0	2.8571428571428573e-06
12109.0	7.0	1.0	0.0	1.4285714285714287e-05
12116.0	7.0	1.0	0.0	9.714285714285714e-05
12123.0	7.0	1.0	0.0	1.8571428571428575e-05
12130.0	7.0	1.0	0.0	4.8571428571428576e-05
12137.0	7.0	1.0	0.0	0.00014714285714285716
12144.0	7.0	1.0	0.0	1.8571428571428575e-05
12151.0	7.0	1.0	0.0	7.428571428571427e-05
12158.0	7.0	1.0	0.0	8.857142857142857e-05
12165.0	7.0	1.0	0.0	0.0003971428571428572
12172.0	7.0	1.0	0.0	0.0004000000000000001
12179.0	7.0	1.0	0.0	7.714285714285714e-05
12186.0	7.0	1.0	0.0	0.00012285714285714284
12193.0	7.0	1.0	0.0	0.00035428571428571426
12200.0	7.0	1.0	0.0	0.0011
12207.0	7.0	1.0	0.0	0.0020942857142857143
12214.0	7.0	1.0	0.0	0.004044285714285715
12221.0	7.0	1.0	0.0	0.004375714285714287
12228.0	7.0	1.0	0.0	0.004677142857142857
12235.0	7.0	1.0	0.0	0.0027785714285714284
12242.0	7.0	1.0	0.0	0.0004285714285714286
12249.0	7.0	1.0	0.0	4.1428571428571437e-05
12256.0	7.0	1.0	0.0	0.00012
12263.0	7.0	1.0	0.0	0.00013857142857142857
12270.0	7.0	1.0	0.0	8.142857142857142e-05
12277.0	7.0	1.0	0.0	0.0005457142857142857
12284.0	7.0	1.0	0.0	0.0005442857142857143
12291.0	7.0	1.0	0.0	0.0002442857142857143
12298.0	7.0	1.0	0.0	7.714285714285714e-05
12305.0	7.0	1.0	0.0	2.8571428571428573e-06
12312.0	7.0	1.0	0.0	0.00017428571428571428
12319.0	7.0	1.0	0.0	5.714285714285715e-05
12326.0	7.0	1.0	0.0	0.0006
12333.0	7.0	1.0	0.0	4.285714285714286e-06
12340.0	7.0	1.0	0.0	0.0
12347.0	7.0	1.0	0.0	4.2857142857142855e-06
12354.0	7.0	1.0	0.0	8.285714285714286e-05
12361.0	7.0	1.0	0.0	5.7142857142857145e-06
12368.0	7.0	1.0	0.0	1.2857142857142857e-05
12375.0	7.0	1.0	0.0	8.571428571428573e-06
12382.0	7.0	1.0	0.0	1.4285714285714286e-06
12389.0	7.0	1.0	0.0	9.285714285714286e-05
12396.0	7.0	1.0	0.0	0.00013285714285714287
12403.0	7.0	1.0	0.0	4.2857142857142856e-05
12410.0	7.0	1.0	0.0	3.285714285714286e-05
12417.0	7.0	1.0	0.0	3.142857142857143e-05
5850.0	7.0	1.0	0.0	9.999999999999999e-06
5857.0	7.0	1.0	0.0	1.1428571428571429e-05
5864.0	7.0	1.0	0.0	0.0001042857142857143
5871.0	7.0	1.0	0.0	0.00013571428571428572
5878.0	7.0	1.0	0.0	0.0
5885.0	7.0	1.0	0.0	0.0004957142857142857
5892.0	7.0	1.0	0.0	5.7142857142857145e-06
5899.0	7.0	1.0	0.0	1.4285714285714287e-05
5906.0	7.0	1.0	0.0	0.0
5913.0	7.0	1.0	0.0	0.00017428571428571428
5920.0	7.0	1.0	0.0	0.00024142857142857145
5927.0	7.0	1.0	0.0	0.0005685714285714285
5934.0	7.0	1.0	0.0	0.00015428571428571428
5941.0	7.0	1.0	0.0	0.00022428571428571433
5948.0	7.0	1.0	0.0	0.0016871428571428573
5955.0	7.0	1.0	0.0	0.00334
5962.0	7.0	1.0	0.0	0.0016471428571428572
5969.0	7.0	1.0	0.0	0.0008271428571428571
5976.0	7.0	1.0	0.0	0.0019371428571428571
5983.0	7.0	1.0	0.0	0.00436
5990.0	7.0	1.0	0.0	0.004590000000000001
5997.0	7.0	1.0	0.0	0.004505714285714286
6004.0	7.0	1.0	0.0	0.001574285714285714
6011.0	7.0	1.0	0.0	7.857142857142858e-05
6018.0	7.0	1.0	0.0	2.2857142857142855e-05
6025.0	7.0	1.0	0.0	2.5714285714285714e-05
6032.0	7.0	1.0	0.0	0.0003314285714285714
6039.0	7.0	1.0	0.0	0.0007085714285714285
6046.0	7.0	1.0	0.0	0.0007828571428571428
6053.0	7.0	1.0	0.0	0.0016200000000000001
6060.0	7.0	1.0	0.0	0.0008342857142857144
6067.0	7.0	1.0	0.0	0.00012857142857142858
6074.0	7.0	1.0	0.0	0.0011671428571428573
6081.0	7.0	1.0	0.0	0.0018528571428571426
6088.0	7.0	1.0	0.0	0.00118
6095.0	7.0	1.0	0.0	0.00012285714285714287
6102.0	7.0	1.0	0.0	7.571428571428571e-05
6109.0	7.0	1.0	0.0	4.714285714285715e-05
6116.0	7.0	1.0	0.0	1.4285714285714286e-06
6123.0	7.0	1.0	0.0	7.142857142857143e-05
6130.0	7.0	1.0	0.0	6.142857142857143e-05
6137.0	7.0	1.0	0.0	2.7142857142857144e-05
6144.0	7.0	1.0	0.0	3.428571428571429e-05
6151.0	7.0	1.0	0.0	0.00022428571428571425
6158.0	7.0	1.0	0.0	6.714285714285715e-05
6165.0	7.0	1.0	0.0	0.00026285714285714286
6172.0	7.0	1.0	0.0	4.285714285714286e-05
6179.0	7.0	1.0	0.0	1.4285714285714286e-06
6186.0	7.0	1.0	0.0	2.571428571428571e-05
6193.0	7.0	1.0	0.0	0.0005985714285714286
6200.0	7.0	1.0	0.0	1.7142857142857145e-05
6207.0	7.0	1.0	0.0	1.4285714285714286e-06
6579.0	7.0	1.0	0.0	1.4285714285714286e-06
6586.0	7.0	1.0	0.0	2.8571428571428573e-06
6593.0	7.0	1.0	0.0	1.4285714285714286e-06
6600.0	7.0	1.0	0.0	7.142857142857143e-05
6607.0	7.0	1.0	0.0	0.00014714285714285716
6614.0	7.0	1.0	0.0	1.7142857142857145e-05
6621.0	7.0	1.0	0.0	8.571428571428571e-06
6628.0	7.0	1.0	0.0	3.4285714285714284e-05
6635.0	7.0	1.0	0.0	0.00011857142857142858
6642.0	7.0	1.0	0.0	0.0003314285714285714
6649.0	7.0	1.0	0.0	7.999999999999999e-05
6656.0	7.0	1.0	0.0	0.0
6663.0	7.0	1.0	0.0	1.7142857142857142e-05
6670.0	7.0	1.0	0.0	0.0
6677.0	7.0	1.0	0.0	2.7142857142857144e-05
6684.0	7.0	1.0	0.0	0.00013285714285714287
6691.0	7.0	1.0	0.0	0.00043714285714285714
6698.0	7.0	1.0	0.0	0.00054
6705.0	7.0	1.0	0.0	3.285714285714286e-05
6712.0	7.0	1.0	0.0	4.142857142857143e-05
6719.0	7.0	1.0	0.0	5.7142857142857145e-06
6726.0	7.0	1.0	0.0	0.00020000000000000004
6733.0	7.0	1.0	0.0	0.0003042857142857143
6740.0	7.0	1.0	0.0	0.0009
6747.0	7.0	1.0	0.0	0.000477142857142857
6754.0	7.0	1.0	0.0	2.142857142857143e-05
6761.0	7.0	1.0	0.0	2.571428571428571e-05
6768.0	7.0	1.0	0.0	0.00016142857142857145
6775.0	7.0	1.0	0.0	0.001905714285714286
6782.0	7.0	1.0	0.0	0.004674285714285714
6789.0	7.0	1.0	0.0	0.0038728571428571427
6796.0	7.0	1.0	0.0	0.0025485714285714287
6803.0	7.0	1.0	0.0	0.002694285714285714
6810.0	7.0	1.0	0.0	0.0010014285714285715
6817.0	7.0	1.0	0.0	0.00014
6824.0	7.0	1.0	0.0	0.00020714285714285716
6831.0	7.0	1.0	0.0	0.00016714285714285716
6838.0	7.0	1.0	0.0	7.999999999999999e-05
6845.0	7.0	1.0	0.0	2.8571428571428574e-05
6852.0	7.0	1.0	0.0	9.857142857142858e-05
6859.0	7.0	1.0	0.0	1.1428571428571429e-05
6866.0	7.0	1.0	0.0	4.714285714285714e-05
6873.0	7.0	1.0	0.0	4.2857142857142855e-06
6880.0	7.0	1.0	0.0	5e-05
6887.0	7.0	1.0	0.0	0.0
6894.0	7.0	1.0	0.0	0.0
6901.0	7.0	1.0	0.0	7.285714285714286e-05
6908.0	7.0	1.0	0.0	6.571428571428571e-05
6915.0	7.0	1.0	0.0	7.714285714285714e-05
6922.0	7.0	1.0	0.0	0.0
6929.0	7.0	1.0	0.0	0.0
6936.0	7.0	1.0	0.0	0.0
9865.0	7.0	1.0	0.0	1.7142857142857142e-05
9872.0	7.0	1.0	0.0	3e-05
9879.0	7.0	1.0	0.0	0.0
9886.0	7.0	1.0	0.0	0.00013142857142857143
9893.0	7.0	1.0	0.0	1.9999999999999998e-05
9900.0	7.0	1.0	0.0	1.2857142857142856e-05
9907.0	7.0	1.0	0.0	1.4285714285714286e-06
9914.0	7.0	1.0	0.0	0.0
9921.0	7.0	1.0	0.0	0.0
9928.0	7.0	1.0	0.0	9.285714285714286e-05
9935.0	7.0	1.0	0.0	7.285714285714286e-05
9942.0	7.0	1.0	0.0	0.00014428571428571428
9949.0	7.0	1.0	0.0	0.0
9956.0	7.0	1.0	0.0	0.00033
9963.0	7.0	1.0	0.0	3.1428571428571424e-05
9970.0	7.0	1.0	0.0	0.00023000000000000003
9977.0	7.0	1.0	0.0	0.00041714285714285714
9984.0	7.0	1.0	0.0	0.00030571428571428573
9991.0	7.0	1.0	0.0	0.00030714285714285723
9998.0	7.0	1.0	0.0	0.0005328571428571429
10005.0	7.0	1.0	0.0	0.002685714285714285
10012.0	7.0	1.0	0.0	0.005744285714285715
10019.0	7.0	1.0	0.0	0.004517142857142858
10026.0	7.0	1.0	0.0	0.002572857142857143
10033.0	7.0	1.0	0.0	0.002317142857142857
10040.0	7.0	1.0	0.0	0.00040142857142857135
10047.0	7.0	1.0	0.0	5.428571428571429e-05
10054.0	7.0	1.0	0.0	1.4285714285714286e-06
10061.0	7.0	1.0	0.0	0.00017285714285714287
10068.0	7.0	1.0	0.0	3.571428571428572e-05
10075.0	7.0	1.0	0.0	0.00033142857142857144
10082.0	7.0	1.0	0.0	0.00014142857142857143
10089.0	7.0	1.0	0.0	1.4285714285714286e-06
10096.0	7.0	1.0	0.0	9.857142857142858e-05
10103.0	7.0	1.0	0.0	0.00040142857142857135
10110.0	7.0	1.0	0.0	0.0010785714285714285
10117.0	7.0	1.0	0.0	0.0030542857142857142
10124.0	7.0	1.0	0.0	0.0027842857142857144
10131.0	7.0	1.0	0.0	0.002204285714285714
10138.0	7.0	1.0	0.0	0.00024142857142857145
10145.0	7.0	1.0	0.0	0.0
10152.0	7.0	1.0	0.0	0.0
10159.0	7.0	1.0	0.0	4.857142857142857e-05
10166.0	7.0	1.0	0.0	0.0001342857142857143
10173.0	7.0	1.0	0.0	0.0004171428571428572
10180.0	7.0	1.0	0.0	3.285714285714286e-05
10187.0	7.0	1.0	0.0	2.8571428571428574e-05
10194.0	7.0	1.0	0.0	2.7142857142857144e-05
10201.0	7.0	1.0	0.0	2.571428571428571e-05
10208.0	7.0	1.0	0.0	5.857142857142857e-05
10215.0	7.0	1.0	0.0	2.4285714285714285e-05
10222.0	7.0	1.0	0.0	1.2857142857142857e-05
10594.0	7.0	1.0	0.0	2.2857142857142858e-05
10601.0	7.0	1.0	0.0	3.571428571428572e-05
10608.0	7.0	1.0	0.0	3.142857142857143e-05
10615.0	7.0	1.0	0.0	7.571428571428571e-05
10622.0	7.0	1.0	0.0	0.0
10629.0	7.0	1.0	0.0	1.4285714285714286e-06
10636.0	7.0	1.0	0.0	3.857142857142857e-05
10643.0	7.0	1.0	0.0	0.00017
10650.0	7.0	1.0	0.0	0.00023142857142857142
10657.0	7.0	1.0	0.0	6e-05
10664.0	7.0	1.0	0.0	1.5714285714285715e-05
10671.0	7.0	1.0	0.0	0.0003314285714285714
10678.0	7.0	1.0	0.0	0.0002042857142857143
10685.0	7.0	1.0	0.0	0.00032142857142857147
10692.0	7.0	1.0	0.0	4.428571428571428e-05
10699.0	7.0	1.0	0.0	0.0006528571428571427
10706.0	7.0	1.0	0.0	0.00025
10713.0	7.0	1.0	0.0	0.0007785714285714286
10720.0	7.0	1.0	0.0	0.0036885714285714278
10727.0	7.0	1.0	0.0	0.007525714285714286
10734.0	7.0	1.0	0.0	0.007095714285714287
10741.0	7.0	1.0	0.0	0.006981428571428573
10748.0	7.0	1.0	0.0	0.003944285714285714
10755.0	7.0	1.0	0.0	0.001427142857142857
10762.0	7.0	1.0	0.0	0.00024000000000000003
10769.0	7.0	1.0	0.0	8.714285714285715e-05
10776.0	7.0	1.0	0.0	0.0004085714285714286
10783.0	7.0	1.0	0.0	0.0018385714285714286
10790.0	7.0	1.0	0.0	0.0036457142857142855
10797.0	7.0	1.0	0.0	0.002092857142857143
10804.0	7.0	1.0	0.0	0.0013871428571428572
10811.0	7.0	1.0	0.0	0.00022142857142857142
10818.0	7.0	1.0	0.0	0.0
10825.0	7.0	1.0	0.0	0.00014571428571428572
10832.0	7.0	1.0	0.0	0.00036
10839.0	7.0	1.0	0.0	5.2857142857142855e-05
10846.0	7.0	1.0	0.0	0.0005157142857142858
10853.0	7.0	1.0	0.0	0.0004728571428571428
10860.0	7.0	1.0	0.0	7.42857142857143e-05
10867.0	7.0	1.0	0.0	0.0003357142857142857
10874.0	7.0	1.0	0.0	0.00041999999999999996
10881.0	7.0	1.0	0.0	0.00010428571428571428
10888.0	7.0	1.0	0.0	0.0002971428571428572
10895.0	7.0	1.0	0.0	0.00033
10902.0	7.0	1.0	0.0	3.4285714285714284e-05
10909.0	7.0	1.0	0.0	0.0
10916.0	7.0	1.0	0.0	1.4285714285714287e-05
10923.0	7.0	1.0	0.0	5.7142857142857145e-06
10930.0	7.0	1.0	0.0	0.00018571428571428572
10937.0	7.0	1.0	0.0	5.5714285714285715e-05
10944.0	7.0	1.0	0.0	5.428571428571429e-05
10951.0	7.0	1.0	0.0	9.142857142857143e-05
10593.0	7.0	1.0	0.0	2.2857142857142858e-05
10600.0	7.0	1.0	0.0	2.8571428571428574e-05
10607.0	7.0	1.0	0.0	3.857142857142858e-05
10614.0	7.0	1.0	0.0	7.571428571428571e-05
10621.0	7.0	1.0	0.0	0.0
10628.0	7.0	1.0	0.0	0.0
10635.0	7.0	1.0	0.0	2.2857142857142855e-05
10642.0	7.0	1.0	0.0	0.00010571428571428571
10649.0	7.0	1.0	0.0	0.00026428571428571424
10656.0	7.0	1.0	0.0	0.00010857142857142858
10663.0	7.0	1.0	0.0	1.5714285714285715e-05
10670.0	7.0	1.0	0.0	0.00029285714285714283
10677.0	7.0	1.0	0.0	0.00016142857142857143
10684.0	7.0	1.0	0.0	0.0003928571428571429
10691.0	7.0	1.0	0.0	5.428571428571429e-05
10698.0	7.0	1.0	0.0	0.0006242857142857143
10705.0	7.0	1.0	0.0	0.00021999999999999998
10712.0	7.0	1.0	0.0	0.0006842857142857143
10719.0	7.0	1.0	0.0	0.0029485714285714284
10726.0	7.0	1.0	0.0	0.007391428571428571
10733.0	7.0	1.0	0.0	0.006845714285714287
10740.0	7.0	1.0	0.0	0.007467142857142857
10747.0	7.0	1.0	0.0	0.004372857142857143
10754.0	7.0	1.0	0.0	0.0016714285714285715
10761.0	7.0	1.0	0.0	0.0003571428571428571
10768.0	7.0	1.0	0.0	8.857142857142859e-05
10775.0	7.0	1.0	0.0	0.00035142857142857144
10782.0	7.0	1.0	0.0	0.0015171428571428573
10789.0	7.0	1.0	0.0	0.0035842857142857143
10796.0	7.0	1.0	0.0	0.002248571428571429
10803.0	7.0	1.0	0.0	0.0015257142857142858
10810.0	7.0	1.0	0.0	0.0003671428571428572
10817.0	7.0	1.0	0.0	0.0
10824.0	7.0	1.0	0.0	5.714285714285715e-05
10831.0	7.0	1.0	0.0	0.0003785714285714286
10838.0	7.0	1.0	0.0	0.00012285714285714284
10845.0	7.0	1.0	0.0	0.00043142857142857143
10852.0	7.0	1.0	0.0	0.00049
10859.0	7.0	1.0	0.0	0.00014142857142857143
10866.0	7.0	1.0	0.0	7.714285714285714e-05
10873.0	7.0	1.0	0.0	0.0006785714285714287
10880.0	7.0	1.0	0.0	9.857142857142856e-05
10887.0	7.0	1.0	0.0	0.00030000000000000003
10894.0	7.0	1.0	0.0	0.0003328571428571429
10901.0	7.0	1.0	0.0	3.4285714285714284e-05
10908.0	7.0	1.0	0.0	0.0
10915.0	7.0	1.0	0.0	1.4285714285714287e-05
10922.0	7.0	1.0	0.0	5.7142857142857145e-06
10929.0	7.0	1.0	0.0	0.00017571428571428572
10936.0	7.0	1.0	0.0	6.571428571428571e-05
10943.0	7.0	1.0	0.0	2.8571428571428573e-06
10950.0	7.0	1.0	0.0	0.00014285714285714287
10957.0	7.0	1.0	0.0	0.0001
737.0	7.0	1.0	0.0	2.4285714285714288e-05
744.0	7.0	1.0	0.0	1.4285714285714286e-06
751.0	7.0	1.0	0.0	0.0
758.0	7.0	1.0	0.0	2.8571428571428573e-06
765.0	7.0	1.0	0.0	6e-05
772.0	7.0	1.0	0.0	4.142857142857143e-05
779.0	7.0	1.0	0.0	1.2857142857142857e-05
786.0	7.0	1.0	0.0	0.0
793.0	7.0	1.0	0.0	0.0
800.0	7.0	1.0	0.0	7.42857142857143e-05
807.0	7.0	1.0	0.0	0.0
814.0	7.0	1.0	0.0	2.714285714285714e-05
821.0	7.0	1.0	0.0	2.8571428571428567e-05
828.0	7.0	1.0	0.0	0.00027714285714285715
835.0	7.0	1.0	0.0	0.0011757142857142858
842.0	7.0	1.0	0.0	4e-05
849.0	7.0	1.0	0.0	0.0001628571428571429
856.0	7.0	1.0	0.0	0.0007428571428571429
863.0	7.0	1.0	0.0	0.00197
870.0	7.0	1.0	0.0	0.0006500000000000001
877.0	7.0	1.0	0.0	0.00023714285714285715
884.0	7.0	1.0	0.0	2.142857142857143e-05
891.0	7.0	1.0	0.0	5.2857142857142855e-05
898.0	7.0	1.0	0.0	0.00023714285714285715
905.0	7.0	1.0	0.0	0.00242
912.0	7.0	1.0	0.0	0.002938571428571429
919.0	7.0	1.0	0.0	0.0013314285714285713
926.0	7.0	1.0	0.0	0.0023014285714285715
933.0	7.0	1.0	0.0	0.0017714285714285714
940.0	7.0	1.0	0.0	0.0018599999999999999
947.0	7.0	1.0	0.0	0.00035428571428571426
954.0	7.0	1.0	0.0	0.0
961.0	7.0	1.0	0.0	1.8571428571428575e-05
968.0	7.0	1.0	0.0	5e-05
975.0	7.0	1.0	0.0	0.00010428571428571428
982.0	7.0	1.0	0.0	8e-05
989.0	7.0	1.0	0.0	4.571428571428571e-05
996.0	7.0	1.0	0.0	0.00024
1003.0	7.0	1.0	0.0	0.00042142857142857146
1010.0	7.0	1.0	0.0	1.1428571428571429e-05
1017.0	7.0	1.0	0.0	0.0002928571428571429
1024.0	7.0	1.0	0.0	0.00019
1031.0	7.0	1.0	0.0	0.0005071428571428572
1038.0	7.0	1.0	0.0	1.4285714285714286e-06
1045.0	7.0	1.0	0.0	0.0
1052.0	7.0	1.0	0.0	0.00024
1059.0	7.0	1.0	0.0	0.00010999999999999998
1066.0	7.0	1.0	0.0	0.0003014285714285714
1073.0	7.0	1.0	0.0	0.00017857142857142857
1080.0	7.0	1.0	0.0	0.00025428571428571427
1087.0	7.0	1.0	0.0	8.142857142857145e-05
1094.0	7.0	1.0	0.0	2.8571428571428573e-06
14250.0	7.0	1.0	0.0	5.428571428571428e-05
14257.0	7.0	1.0	0.0	0.0
14264.0	7.0	1.0	0.0	0.0
14271.0	7.0	1.0	0.0	1.4285714285714286e-06
14278.0	7.0	1.0	0.0	4.285714285714286e-06
14285.0	7.0	1.0	0.0	1.9999999999999998e-05
14292.0	7.0	1.0	0.0	3.857142857142856e-05
14299.0	7.0	1.0	0.0	0.0
14306.0	7.0	1.0	0.0	0.00010285714285714286
14313.0	7.0	1.0	0.0	5.714285714285715e-05
14320.0	7.0	1.0	0.0	3.571428571428572e-05
14327.0	7.0	1.0	0.0	7.285714285714286e-05
14334.0	7.0	1.0	0.0	0.0005871428571428571
14341.0	7.0	1.0	0.0	0.0009842857142857145
14348.0	7.0	1.0	0.0	0.0015057142857142856
14355.0	7.0	1.0	0.0	0.0020557142857142857
14362.0	7.0	1.0	0.0	0.002677142857142857
14369.0	7.0	1.0	0.0	0.003885714285714286
14376.0	7.0	1.0	0.0	0.0030728571428571424
14383.0	7.0	1.0	0.0	0.001827142857142857
14390.0	7.0	1.0	0.0	0.00253
14397.0	7.0	1.0	0.0	0.00182
14404.0	7.0	1.0	0.0	0.0010542857142857144
14411.0	7.0	1.0	0.0	0.003202857142857143
14418.0	7.0	1.0	0.0	0.0024485714285714284
14425.0	7.0	1.0	0.0	0.0015285714285714288
14432.0	7.0	1.0	0.0	0.0009985714285714287
14439.0	7.0	1.0	0.0	0.0005014285714285715
14446.0	7.0	1.0	0.0	0.0007985714285714285
14453.0	7.0	1.0	0.0	0.005014285714285715
14460.0	7.0	1.0	0.0	0.0021757142857142856
14467.0	7.0	1.0	0.0	6.714285714285715e-05
14474.0	7.0	1.0	0.0	0.00012428571428571428
14481.0	7.0	1.0	0.0	0.00031571428571428576
14488.0	7.0	1.0	0.0	0.00016857142857142857
14495.0	7.0	1.0	0.0	0.0
14502.0	7.0	1.0	0.0	0.0
14509.0	7.0	1.0	0.0	0.0
14516.0	7.0	1.0	0.0	1.8571428571428575e-05
14523.0	7.0	1.0	0.0	1.2857142857142857e-05
14530.0	7.0	1.0	0.0	2.8571428571428573e-06
14537.0	7.0	1.0	0.0	1.8571428571428575e-05
14544.0	7.0	1.0	0.0	2.7142857142857144e-05
14551.0	7.0	1.0	0.0	0.0
14558.0	7.0	1.0	0.0	3.1428571428571424e-05
14565.0	7.0	1.0	0.0	1.4285714285714286e-06
14572.0	7.0	1.0	0.0	0.0
14579.0	7.0	1.0	0.0	0.0
14586.0	7.0	1.0	0.0	0.0
14593.0	7.0	1.0	0.0	2.8571428571428573e-06
14600.0	7.0	1.0	0.0	0.0
14607.0	7.0	1.0	0.0	0.0
4752.0	7.0	1.0	0.0	0.0
4759.0	7.0	1.0	0.0	0.0
4766.0	7.0	1.0	0.0	3.285714285714286e-05
4773.0	7.0	1.0	0.0	0.0
4780.0	7.0	1.0	0.0	4.285714285714286e-06
4787.0	7.0	1.0	0.0	0.00011571428571428572
4794.0	7.0	1.0	0.0	0.00019714285714285716
4801.0	7.0	1.0	0.0	0.0
4808.0	7.0	1.0	0.0	0.0
4815.0	7.0	1.0	0.0	2.142857142857143e-05
4822.0	7.0	1.0	0.0	0.0002357142857142857
4829.0	7.0	1.0	0.0	0.0
4836.0	7.0	1.0	0.0	3.571428571428572e-05
4843.0	7.0	1.0	0.0	0.0
4850.0	7.0	1.0	0.0	2.8571428571428573e-06
4857.0	7.0	1.0	0.0	5e-05
4864.0	7.0	1.0	0.0	0.0003485714285714286
4871.0	7.0	1.0	0.0	2.8571428571428573e-06
4878.0	7.0	1.0	0.0	0.0003071428571428571
4885.0	7.0	1.0	0.0	0.00023428571428571427
4892.0	7.0	1.0	0.0	0.00017714285714285713
4899.0	7.0	1.0	0.0	0.00040714285714285717
4906.0	7.0	1.0	0.0	0.0009942857142857143
4913.0	7.0	1.0	0.0	0.004217142857142858
4920.0	7.0	1.0	0.0	0.004467142857142858
4927.0	7.0	1.0	0.0	0.005022857142857142
4934.0	7.0	1.0	0.0	0.00454
4941.0	7.0	1.0	0.0	0.0012885714285714286
4948.0	7.0	1.0	0.0	0.00066
4955.0	7.0	1.0	0.0	0.0009057142857142857
4962.0	7.0	1.0	0.0	0.00013714285714285713
4969.0	7.0	1.0	0.0	0.00012714285714285714
4976.0	7.0	1.0	0.0	0.0
4983.0	7.0	1.0	0.0	0.0005542857142857143
4990.0	7.0	1.0	0.0	0.00193
4997.0	7.0	1.0	0.0	0.00048
5004.0	7.0	1.0	0.0	1.4285714285714286e-06
5011.0	7.0	1.0	0.0	0.0
5018.0	7.0	1.0	0.0	1.8571428571428575e-05
5025.0	7.0	1.0	0.0	0.00010999999999999999
5032.0	7.0	1.0	0.0	8.428571428571429e-05
5039.0	7.0	1.0	0.0	0.00028999999999999995
5046.0	7.0	1.0	0.0	0.00016428571428571428
5053.0	7.0	1.0	0.0	6.428571428571429e-05
5060.0	7.0	1.0	0.0	0.0
5067.0	7.0	1.0	0.0	0.0
5074.0	7.0	1.0	0.0	7.1428571428571436e-06
5081.0	7.0	1.0	0.0	0.0
5088.0	7.0	1.0	0.0	8.571428571428571e-06
5095.0	7.0	1.0	0.0	2.7142857142857144e-05
5102.0	7.0	1.0	0.0	1.4285714285714286e-06
5109.0	7.0	1.0	0.0	2.8571428571428573e-06
7673.0	7.0	1.0	0.0	0.0
7680.0	7.0	1.0	0.0	0.0
7687.0	7.0	1.0	0.0	4.2857142857142855e-06
7694.0	7.0	1.0	0.0	0.0
7701.0	7.0	1.0	0.0	1.1428571428571427e-05
7708.0	7.0	1.0	0.0	0.0
7715.0	7.0	1.0	0.0	0.0
7722.0	7.0	1.0	0.0	0.00012571428571428572
7729.0	7.0	1.0	0.0	0.00010857142857142858
7736.0	7.0	1.0	0.0	2.1428571428571428e-05
7743.0	7.0	1.0	0.0	0.0002842857142857143
7750.0	7.0	1.0	0.0	0.0
7757.0	7.0	1.0	0.0	0.00023714285714285715
7764.0	7.0	1.0	0.0	0.0003628571428571428
7771.0	7.0	1.0	0.0	0.0006714285714285714
7778.0	7.0	1.0	0.0	0.0006628571428571428
7785.0	7.0	1.0	0.0	0.0011357142857142857
7792.0	7.0	1.0	0.0	0.0002871428571428572
7799.0	7.0	1.0	0.0	1.4285714285714286e-06
7806.0	7.0	1.0	0.0	0.0007042857142857144
7813.0	7.0	1.0	0.0	0.0010742857142857143
7820.0	7.0	1.0	0.0	0.00036999999999999994
7827.0	7.0	1.0	0.0	0.0006985714285714286
7834.0	7.0	1.0	0.0	0.0007314285714285713
7841.0	7.0	1.0	0.0	0.00014285714285714287
7848.0	7.0	1.0	0.0	3.571428571428572e-05
7855.0	7.0	1.0	0.0	3e-05
7862.0	7.0	1.0	0.0	0.0009371428571428571
7869.0	7.0	1.0	0.0	0.0007242857142857144
7876.0	7.0	1.0	0.0	1.8571428571428575e-05
7883.0	7.0	1.0	0.0	2.142857142857143e-05
7890.0	7.0	1.0	0.0	9.142857142857142e-05
7897.0	7.0	1.0	0.0	1.1428571428571429e-05
7904.0	7.0	1.0	0.0	0.00033
7911.0	7.0	1.0	0.0	0.00020428571428571428
7918.0	7.0	1.0	0.0	0.00019285714285714286
7925.0	7.0	1.0	0.0	0.00018285714285714286
7932.0	7.0	1.0	0.0	0.00010857142857142858
7939.0	7.0	1.0	0.0	0.00032857142857142856
7946.0	7.0	1.0	0.0	2.8571428571428574e-05
7953.0	7.0	1.0	0.0	0.00015142857142857143
7960.0	7.0	1.0	0.0	5.7142857142857145e-06
7967.0	7.0	1.0	0.0	0.0001042857142857143
7974.0	7.0	1.0	0.0	0.00028571428571428574
7981.0	7.0	1.0	0.0	3.9999999999999996e-05
7988.0	7.0	1.0	0.0	1.4285714285714286e-06
7995.0	7.0	1.0	0.0	9e-05
8002.0	7.0	1.0	0.0	0.0001257142857142857
8009.0	7.0	1.0	0.0	2.142857142857143e-05
8016.0	7.0	1.0	0.0	4.2857142857142855e-06
8023.0	7.0	1.0	0.0	5.857142857142857e-05
8030.0	7.0	1.0	0.0	0.0
13881.0	7.0	1.0	0.0	4.2857142857142856e-05
13888.0	7.0	1.0	0.0	2.4285714285714288e-05
13895.0	7.0	1.0	0.0	2.8571428571428573e-06
13902.0	7.0	1.0	0.0	1.1428571428571427e-05
13909.0	7.0	1.0	0.0	7e-05
13916.0	7.0	1.0	0.0	0.00012
13923.0	7.0	1.0	0.0	3.857142857142857e-05
13930.0	7.0	1.0	0.0	2.8571428571428573e-06
13937.0	7.0	1.0	0.0	9.857142857142858e-05
13944.0	7.0	1.0	0.0	0.00011714285714285715
13951.0	7.0	1.0	0.0	6.714285714285715e-05
13958.0	7.0	1.0	0.0	0.00012142857142857142
13965.0	7.0	1.0	0.0	0.0004057142857142857
13972.0	7.0	1.0	0.0	0.0003457142857142857
13979.0	7.0	1.0	0.0	0.0007971428571428572
13986.0	7.0	1.0	0.0	0.0013628571428571429
13993.0	7.0	1.0	0.0	0.0020428571428571427
14000.0	7.0	1.0	0.0	0.002845714285714286
14007.0	7.0	1.0	0.0	0.003551428571428572
14014.0	7.0	1.0	0.0	0.0031585714285714286
14021.0	7.0	1.0	0.0	0.001057142857142857
14028.0	7.0	1.0	0.0	5.4285714285714295e-05
14035.0	7.0	1.0	0.0	2.1428571428571428e-05
14042.0	7.0	1.0	0.0	0.00019714285714285713
14049.0	7.0	1.0	0.0	0.0018685714285714284
14056.0	7.0	1.0	0.0	0.004588571428571428
14063.0	7.0	1.0	0.0	0.0028357142857142856
14070.0	7.0	1.0	0.0	0.0027085714285714287
14077.0	7.0	1.0	0.0	0.00115
14084.0	7.0	1.0	0.0	6.285714285714286e-05
14091.0	7.0	1.0	0.0	0.0004214285714285714
14098.0	7.0	1.0	0.0	0.0009714285714285715
14105.0	7.0	1.0	0.0	0.0001
14112.0	7.0	1.0	0.0	9.857142857142856e-05
14119.0	7.0	1.0	0.0	8.857142857142857e-05
14126.0	7.0	1.0	0.0	0.00016714285714285716
14133.0	7.0	1.0	0.0	0.0001142857142857143
14140.0	7.0	1.0	0.0	1.857142857142857e-05
14147.0	7.0	1.0	0.0	0.0002871428571428572
14154.0	7.0	1.0	0.0	1.4285714285714286e-06
14161.0	7.0	1.0	0.0	0.0003242857142857143
14168.0	7.0	1.0	0.0	1.4285714285714287e-05
14175.0	7.0	1.0	0.0	0.00019285714285714286
14182.0	7.0	1.0	0.0	0.0
14189.0	7.0	1.0	0.0	0.00022285714285714283
14196.0	7.0	1.0	0.0	1.4285714285714286e-06
14203.0	7.0	1.0	0.0	1.4285714285714286e-06
14210.0	7.0	1.0	0.0	3e-05
14217.0	7.0	1.0	0.0	0.0
14224.0	7.0	1.0	0.0	4.285714285714286e-06
14231.0	7.0	1.0	0.0	8.571428571428573e-06
14238.0	7.0	1.0	0.0	1.1428571428571429e-05
14245.0	7.0	1.0	0.0	2.8571428571428574e-05
12060.0	7.0	1.0	0.0	0.0
12067.0	7.0	1.0	0.0	0.0
12074.0	7.0	1.0	0.0	0.0
12081.0	7.0	1.0	0.0	0.0
12088.0	7.0	1.0	0.0	8.571428571428571e-06
12095.0	7.0	1.0	0.0	0.0
12102.0	7.0	1.0	0.0	2.8571428571428573e-06
12109.0	7.0	1.0	0.0	1.4285714285714287e-05
12116.0	7.0	1.0	0.0	9.714285714285714e-05
12123.0	7.0	1.0	0.0	1.8571428571428575e-05
12130.0	7.0	1.0	0.0	4.8571428571428576e-05
12137.0	7.0	1.0	0.0	0.00014714285714285716
12144.0	7.0	1.0	0.0	1.8571428571428575e-05
12151.0	7.0	1.0	0.0	7.428571428571427e-05
12158.0	7.0	1.0	0.0	8.857142857142857e-05
12165.0	7.0	1.0	0.0	0.0003971428571428572
12172.0	7.0	1.0	0.0	0.0004000000000000001
12179.0	7.0	1.0	0.0	7.714285714285714e-05
12186.0	7.0	1.0	0.0	0.00012285714285714284
12193.0	7.0	1.0	0.0	0.00035428571428571426
12200.0	7.0	1.0	0.0	0.0011
12207.0	7.0	1.0	0.0	0.0020942857142857143
12214.0	7.0	1.0	0.0	0.004044285714285715
12221.0	7.0	1.0	0.0	0.004375714285714287
12228.0	7.0	1.0	0.0	0.004677142857142857
12235.0	7.0	1.0	0.0	0.0027785714285714284
12242.0	7.0	1.0	0.0	0.0004285714285714286
12249.0	7.0	1.0	0.0	4.1428571428571437e-05
12256.0	7.0	1.0	0.0	0.00012
12263.0	7.0	1.0	0.0	0.00013857142857142857
12270.0	7.0	1.0	0.0	8.142857142857142e-05
12277.0	7.0	1.0	0.0	0.0005457142857142857
12284.0	7.0	1.0	0.0	0.0005442857142857143
12291.0	7.0	1.0	0.0	0.0002442857142857143
12298.0	7.0	1.0	0.0	7.714285714285714e-05
12305.0	7.0	1.0	0.0	2.8571428571428573e-06
12312.0	7.0	1.0	0.0	0.00017428571428571428
12319.0	7.0	1.0	0.0	5.714285714285715e-05
12326.0	7.0	1.0	0.0	0.0006
12333.0	7.0	1.0	0.0	4.285714285714286e-06
12340.0	7.0	1.0	0.0	0.0
12347.0	7.0	1.0	0.0	4.2857142857142855e-06
12354.0	7.0	1.0	0.0	8.285714285714286e-05
12361.0	7.0	1.0	0.0	5.7142857142857145e-06
12368.0	7.0	1.0	0.0	1.2857142857142857e-05
12375.0	7.0	1.0	0.0	8.571428571428573e-06
12382.0	7.0	1.0	0.0	1.4285714285714286e-06
12389.0	7.0	1.0	0.0	9.285714285714286e-05
12396.0	7.0	1.0	0.0	0.00013285714285714287
12403.0	7.0	1.0	0.0	4.2857142857142856e-05
12410.0	7.0	1.0	0.0	3.285714285714286e-05
12417.0	7.0	1.0	0.0	4.2857142857142855e-06
10233.0	7.0	1.0	0.0	0.0
10240.0	7.0	1.0	0.0	0.0
10247.0	7.0	1.0	0.0	1.7142857142857145e-05
10254.0	7.0	1.0	0.0	3.714285714285715e-05
10261.0	7.0	1.0	0.0	0.00013285714285714284
10268.0	7.0	1.0	0.0	0.00034428571428571424
10275.0	7.0	1.0	0.0	0.0
10282.0	7.0	1.0	0.0	0.00018571428571428572
10289.0	7.0	1.0	0.0	4.2857142857142855e-06
10296.0	7.0	1.0	0.0	0.00040999999999999994
10303.0	7.0	1.0	0.0	0.00020142857142857145
10310.0	7.0	1.0	0.0	0.0027471428571428573
10317.0	7.0	1.0	0.0	0.006350000000000001
10324.0	7.0	1.0	0.0	0.0036400000000000004
10331.0	7.0	1.0	0.0	0.0036799999999999997
10338.0	7.0	1.0	0.0	0.0015114285714285713
10345.0	7.0	1.0	0.0	0.002351428571428571
10352.0	7.0	1.0	0.0	0.0025857142857142854
10359.0	7.0	1.0	0.0	0.0038328571428571426
10366.0	7.0	1.0	0.0	0.0034442857142857144
10373.0	7.0	1.0	0.0	0.004325714285714286
10380.0	7.0	1.0	0.0	0.0033299999999999996
10387.0	7.0	1.0	0.0	0.002834285714285714
10394.0	7.0	1.0	0.0	0.003454285714285715
10401.0	7.0	1.0	0.0	0.0032857142857142855
10408.0	7.0	1.0	0.0	0.0018657142857142854
10415.0	7.0	1.0	0.0	0.001565714285714286
10422.0	7.0	1.0	0.0	0.0018542857142857141
10429.0	7.0	1.0	0.0	0.0039042857142857143
10436.0	7.0	1.0	0.0	0.003037142857142857
10443.0	7.0	1.0	0.0	0.0031857142857142856
10450.0	7.0	1.0	0.0	0.0011714285714285715
10457.0	7.0	1.0	0.0	6.428571428571429e-05
10464.0	7.0	1.0	0.0	6.428571428571429e-05
10471.0	7.0	1.0	0.0	0.00022857142857142854
10478.0	7.0	1.0	0.0	0.00042142857142857146
10485.0	7.0	1.0	0.0	0.00030571428571428573
10492.0	7.0	1.0	0.0	0.0013385714285714286
10499.0	7.0	1.0	0.0	0.00014428571428571428
10506.0	7.0	1.0	0.0	7e-05
10513.0	7.0	1.0	0.0	0.00048571428571428577
10520.0	7.0	1.0	0.0	1.4285714285714287e-05
10527.0	7.0	1.0	0.0	5.7142857142857145e-06
10534.0	7.0	1.0	0.0	0.00020999999999999998
10541.0	7.0	1.0	0.0	0.0
10548.0	7.0	1.0	0.0	1.4285714285714286e-06
10555.0	7.0	1.0	0.0	4.571428571428571e-05
10562.0	7.0	1.0	0.0	1e-05
10569.0	7.0	1.0	0.0	1.4285714285714286e-06
10576.0	7.0	1.0	0.0	0.0
10583.0	7.0	1.0	0.0	0.0
10590.0	7.0	1.0	0.0	2e-05
8406.0	7.0	1.0	0.0	3.4285714285714284e-05
8413.0	7.0	1.0	0.0	1.8571428571428575e-05
8420.0	7.0	1.0	0.0	2.7142857142857144e-05
8427.0	7.0	1.0	0.0	1.4285714285714286e-06
8434.0	7.0	1.0	0.0	9.857142857142856e-05
8441.0	7.0	1.0	0.0	0.0007814285714285715
8448.0	7.0	1.0	0.0	0.00016714285714285716
8455.0	7.0	1.0	0.0	0.0005128571428571429
8462.0	7.0	1.0	0.0	0.0031385714285714285
8469.0	7.0	1.0	0.0	0.004572857142857142
8476.0	7.0	1.0	0.0	0.0025485714285714287
8483.0	7.0	1.0	0.0	0.0006914285714285714
8490.0	7.0	1.0	0.0	4.714285714285714e-05
8497.0	7.0	1.0	0.0	0.0006657142857142858
8504.0	7.0	1.0	0.0	0.0016957142857142859
8511.0	7.0	1.0	0.0	0.00030000000000000003
8518.0	7.0	1.0	0.0	0.0003471428571428571
8525.0	7.0	1.0	0.0	0.0014485714285714286
8532.0	7.0	1.0	0.0	0.006764285714285714
8539.0	7.0	1.0	0.0	0.0071142857142857145
8546.0	7.0	1.0	0.0	0.005477142857142857
8553.0	7.0	1.0	0.0	0.0058114285714285716
8560.0	7.0	1.0	0.0	0.004692857142857143
8567.0	7.0	1.0	0.0	0.0037242857142857143
8574.0	7.0	1.0	0.0	0.0043385714285714295
8581.0	7.0	1.0	0.0	0.003161428571428571
8588.0	7.0	1.0	0.0	0.0020942857142857143
8595.0	7.0	1.0	0.0	0.0035528571428571428
8602.0	7.0	1.0	0.0	0.002858571428571428
8609.0	7.0	1.0	0.0	0.0022985714285714285
8616.0	7.0	1.0	0.0	0.0013457142857142858
8623.0	7.0	1.0	0.0	0.0002971428571428572
8630.0	7.0	1.0	0.0	0.0009857142857142857
8637.0	7.0	1.0	0.0	0.0005457142857142858
8644.0	7.0	1.0	0.0	0.0026114285714285714
8651.0	7.0	1.0	0.0	0.0037414285714285713
8658.0	7.0	1.0	0.0	0.0012528571428571426
8665.0	7.0	1.0	0.0	0.00023857142857142857
8672.0	7.0	1.0	0.0	0.0
8679.0	7.0	1.0	0.0	0.00027
8686.0	7.0	1.0	0.0	0.002442857142857143
8693.0	7.0	1.0	0.0	0.005377142857142857
8700.0	7.0	1.0	0.0	0.002247142857142857
8707.0	7.0	1.0	0.0	0.0011514285714285713
8714.0	7.0	1.0	0.0	3.857142857142858e-05
8721.0	7.0	1.0	0.0	1.4285714285714286e-06
8728.0	7.0	1.0	0.0	3.285714285714286e-05
8735.0	7.0	1.0	0.0	0.0001742857142857143
8742.0	7.0	1.0	0.0	3.9999999999999996e-05
8749.0	7.0	1.0	0.0	2.4285714285714288e-05
8756.0	7.0	1.0	0.0	2.2857142857142858e-05
8763.0	7.0	1.0	0.0	0.00013571428571428572
734.0	7.0	1.0	0.0	2.4285714285714288e-05
741.0	7.0	1.0	0.0	1.4285714285714286e-06
748.0	7.0	1.0	0.0	0.0
755.0	7.0	1.0	0.0	2.8571428571428573e-06
762.0	7.0	1.0	0.0	8.571428571428573e-06
769.0	7.0	1.0	0.0	9.285714285714287e-05
776.0	7.0	1.0	0.0	1.2857142857142857e-05
783.0	7.0	1.0	0.0	0.0
790.0	7.0	1.0	0.0	0.0
797.0	7.0	1.0	0.0	7.42857142857143e-05
804.0	7.0	1.0	0.0	0.0
811.0	7.0	1.0	0.0	5.7142857142857145e-06
818.0	7.0	1.0	0.0	4.142857142857143e-05
825.0	7.0	1.0	0.0	2.142857142857143e-05
832.0	7.0	1.0	0.0	0.0007985714285714285
839.0	7.0	1.0	0.0	0.0006671428571428571
846.0	7.0	1.0	0.0	0.00012857142857142858
853.0	7.0	1.0	0.0	0.00026142857142857147
860.0	7.0	1.0	0.0	0.0017328571428571432
867.0	7.0	1.0	0.0	0.0012685714285714284
874.0	7.0	1.0	0.0	0.00025285714285714283
881.0	7.0	1.0	0.0	0.0001542857142857143
888.0	7.0	1.0	0.0	0.0
895.0	7.0	1.0	0.0	8e-05
902.0	7.0	1.0	0.0	0.00125
909.0	7.0	1.0	0.0	0.0033128571428571426
916.0	7.0	1.0	0.0	0.0017057142857142857
923.0	7.0	1.0	0.0	0.00205
930.0	7.0	1.0	0.0	0.0017385714285714285
937.0	7.0	1.0	0.0	0.00225
944.0	7.0	1.0	0.0	0.0008457142857142857
951.0	7.0	1.0	0.0	3.4285714285714284e-05
958.0	7.0	1.0	0.0	0.0
965.0	7.0	1.0	0.0	6.285714285714286e-05
972.0	7.0	1.0	0.0	7.714285714285714e-05
979.0	7.0	1.0	0.0	0.00011285714285714286
986.0	7.0	1.0	0.0	0.0
993.0	7.0	1.0	0.0	0.0002614285714285714
1000.0	7.0	1.0	0.0	0.0001042857142857143
1007.0	7.0	1.0	0.0	0.0003528571428571429
1014.0	7.0	1.0	0.0	2.8571428571428573e-06
1021.0	7.0	1.0	0.0	0.00041000000000000005
1028.0	7.0	1.0	0.0	0.0005728571428571429
1035.0	7.0	1.0	0.0	4.2857142857142855e-06
1042.0	7.0	1.0	0.0	1.4285714285714286e-06
1049.0	7.0	1.0	0.0	0.00024
1056.0	7.0	1.0	0.0	0.00010999999999999998
1063.0	7.0	1.0	0.0	0.00027714285714285715
1070.0	7.0	1.0	0.0	2.4285714285714288e-05
1077.0	7.0	1.0	0.0	0.0003528571428571429
1084.0	7.0	1.0	0.0	0.00016142857142857143
1091.0	7.0	1.0	0.0	0.0
5846.0	7.0	1.0	0.0	3.142857142857143e-05
5853.0	7.0	1.0	0.0	9.999999999999999e-06
5860.0	7.0	1.0	0.0	6.857142857142858e-05
5867.0	7.0	1.0	0.0	0.00017857142857142857
5874.0	7.0	1.0	0.0	4.2857142857142855e-06
5881.0	7.0	1.0	0.0	7.571428571428571e-05
5888.0	7.0	1.0	0.0	0.0004257142857142858
5895.0	7.0	1.0	0.0	1.4285714285714287e-05
5902.0	7.0	1.0	0.0	0.0
5909.0	7.0	1.0	0.0	1.1428571428571429e-05
5916.0	7.0	1.0	0.0	0.00016714285714285716
5923.0	7.0	1.0	0.0	0.00041999999999999996
5930.0	7.0	1.0	0.0	0.00054
5937.0	7.0	1.0	0.0	9.571428571428571e-05
5944.0	7.0	1.0	0.0	0.00066
5951.0	7.0	1.0	0.0	0.002612857142857143
5958.0	7.0	1.0	0.0	0.0028442857142857146
5965.0	7.0	1.0	0.0	0.00102
5972.0	7.0	1.0	0.0	0.0011214285714285714
5979.0	7.0	1.0	0.0	0.0032128571428571423
5986.0	7.0	1.0	0.0	0.004787142857142857
5993.0	7.0	1.0	0.0	0.0044771428571428575
6000.0	7.0	1.0	0.0	0.003315714285714286
6007.0	7.0	1.0	0.0	0.0006228571428571429
6014.0	7.0	1.0	0.0	1.4285714285714286e-06
6021.0	7.0	1.0	0.0	2.2857142857142855e-05
6028.0	7.0	1.0	0.0	0.00024285714285714283
6035.0	7.0	1.0	0.0	0.0003671428571428571
6042.0	7.0	1.0	0.0	0.0008471428571428571
6049.0	7.0	1.0	0.0	0.0010314285714285716
6056.0	7.0	1.0	0.0	0.001457142857142857
6063.0	7.0	1.0	0.0	0.0003928571428571429
6070.0	7.0	1.0	0.0	0.00032285714285714285
6077.0	7.0	1.0	0.0	0.0018299999999999998
6084.0	7.0	1.0	0.0	0.001602857142857143
6091.0	7.0	1.0	0.0	0.0006471428571428572
6098.0	7.0	1.0	0.0	1.2857142857142856e-05
6105.0	7.0	1.0	0.0	7.714285714285714e-05
6112.0	7.0	1.0	0.0	4.5714285714285716e-05
6119.0	7.0	1.0	0.0	1.4285714285714286e-06
6126.0	7.0	1.0	0.0	9.857142857142858e-05
6133.0	7.0	1.0	0.0	3.4285714285714284e-05
6140.0	7.0	1.0	0.0	2.7142857142857144e-05
6147.0	7.0	1.0	0.0	5.7142857142857155e-05
6154.0	7.0	1.0	0.0	0.00020142857142857142
6161.0	7.0	1.0	0.0	0.00027857142857142854
6168.0	7.0	1.0	0.0	9.428571428571429e-05
6175.0	7.0	1.0	0.0	0.0
6182.0	7.0	1.0	0.0	1.4285714285714286e-06
6189.0	7.0	1.0	0.0	0.00013428571428571428
6196.0	7.0	1.0	0.0	0.0004928571428571429
6203.0	7.0	1.0	0.0	1.5714285714285715e-05
10228.0	7.0	1.0	0.0	4.2857142857142855e-06
10235.0	7.0	1.0	0.0	0.0
10242.0	7.0	1.0	0.0	1e-05
10249.0	7.0	1.0	0.0	7.1428571428571436e-06
10256.0	7.0	1.0	0.0	0.00011285714285714286
10263.0	7.0	1.0	0.0	0.00027
10270.0	7.0	1.0	0.0	0.00013142857142857143
10277.0	7.0	1.0	0.0	3.9999999999999996e-05
10284.0	7.0	1.0	0.0	0.00014571428571428572
10291.0	7.0	1.0	0.0	0.00012142857142857144
10298.0	7.0	1.0	0.0	0.00040857142857142855
10305.0	7.0	1.0	0.0	0.0011014285714285713
10312.0	7.0	1.0	0.0	0.0037528571428571433
10319.0	7.0	1.0	0.0	0.005545714285714287
10326.0	7.0	1.0	0.0	0.0035657142857142858
10333.0	7.0	1.0	0.0	0.0031185714285714284
10340.0	7.0	1.0	0.0	0.0016914285714285714
10347.0	7.0	1.0	0.0	0.002004285714285714
10354.0	7.0	1.0	0.0	0.00354
10361.0	7.0	1.0	0.0	0.0032557142857142854
10368.0	7.0	1.0	0.0	0.003721428571428571
10375.0	7.0	1.0	0.0	0.004377142857142857
10382.0	7.0	1.0	0.0	0.0030657142857142858
10389.0	7.0	1.0	0.0	0.0030614285714285713
10396.0	7.0	1.0	0.0	0.0031528571428571426
10403.0	7.0	1.0	0.0	0.0033257142857142856
10410.0	7.0	1.0	0.0	0.0011885714285714288
10417.0	7.0	1.0	0.0	0.0020114285714285716
10424.0	7.0	1.0	0.0	0.0023714285714285716
10431.0	7.0	1.0	0.0	0.003802857142857143
10438.0	7.0	1.0	0.0	0.002795714285714286
10445.0	7.0	1.0	0.0	0.0030714285714285713
10452.0	7.0	1.0	0.0	0.0005357142857142857
10459.0	7.0	1.0	0.0	0.00011
10466.0	7.0	1.0	0.0	0.00019142857142857142
10473.0	7.0	1.0	0.0	4.285714285714286e-05
10480.0	7.0	1.0	0.0	0.0004671428571428571
10487.0	7.0	1.0	0.0	0.0005714285714285715
10494.0	7.0	1.0	0.0	0.0011471428571428572
10501.0	7.0	1.0	0.0	3.571428571428572e-05
10508.0	7.0	1.0	0.0	5.714285714285715e-05
10515.0	7.0	1.0	0.0	0.0005
10522.0	7.0	1.0	0.0	0.0
10529.0	7.0	1.0	0.0	9.857142857142856e-05
10536.0	7.0	1.0	0.0	0.00011714285714285715
10543.0	7.0	1.0	0.0	0.0
10550.0	7.0	1.0	0.0	1.4285714285714286e-06
10557.0	7.0	1.0	0.0	4.571428571428571e-05
10564.0	7.0	1.0	0.0	1e-05
10571.0	7.0	1.0	0.0	1.4285714285714286e-06
10578.0	7.0	1.0	0.0	0.0
10585.0	7.0	1.0	0.0	0.0
10592.0	7.0	1.0	0.0	5.142857142857142e-05
14252.0	7.0	1.0	0.0	5.7142857142857145e-06
14259.0	7.0	1.0	0.0	0.0
14266.0	7.0	1.0	0.0	0.0
14273.0	7.0	1.0	0.0	4.285714285714286e-06
14280.0	7.0	1.0	0.0	1.4285714285714286e-06
14287.0	7.0	1.0	0.0	1.9999999999999998e-05
14294.0	7.0	1.0	0.0	3.857142857142856e-05
14301.0	7.0	1.0	0.0	0.0
14308.0	7.0	1.0	0.0	0.00014428571428571428
14315.0	7.0	1.0	0.0	1.5714285714285715e-05
14322.0	7.0	1.0	0.0	4.714285714285714e-05
14329.0	7.0	1.0	0.0	6.142857142857142e-05
14336.0	7.0	1.0	0.0	0.001087142857142857
14343.0	7.0	1.0	0.0	0.0006457142857142858
14350.0	7.0	1.0	0.0	0.0018599999999999999
14357.0	7.0	1.0	0.0	0.002252857142857143
14364.0	7.0	1.0	0.0	0.003012857142857143
14371.0	7.0	1.0	0.0	0.003995714285714286
14378.0	7.0	1.0	0.0	0.002437142857142857
14385.0	7.0	1.0	0.0	0.00205
14392.0	7.0	1.0	0.0	0.0024999999999999996
14399.0	7.0	1.0	0.0	0.0013271428571428568
14406.0	7.0	1.0	0.0	0.00161
14413.0	7.0	1.0	0.0	0.0032700000000000008
14420.0	7.0	1.0	0.0	0.002118571428571429
14427.0	7.0	1.0	0.0	0.0013714285714285716
14434.0	7.0	1.0	0.0	0.0008371428571428572
14441.0	7.0	1.0	0.0	0.0004157142857142858
14448.0	7.0	1.0	0.0	0.0016071428571428571
14455.0	7.0	1.0	0.0	0.005194285714285715
14462.0	7.0	1.0	0.0	0.0011285714285714287
14469.0	7.0	1.0	0.0	6e-05
14476.0	7.0	1.0	0.0	0.00015428571428571428
14483.0	7.0	1.0	0.0	0.00029571428571428576
14490.0	7.0	1.0	0.0	0.00011285714285714286
14497.0	7.0	1.0	0.0	0.0
14504.0	7.0	1.0	0.0	0.0
14511.0	7.0	1.0	0.0	2.8571428571428573e-06
14518.0	7.0	1.0	0.0	1.5714285714285715e-05
14525.0	7.0	1.0	0.0	1.2857142857142857e-05
14532.0	7.0	1.0	0.0	2.8571428571428573e-06
14539.0	7.0	1.0	0.0	1.8571428571428575e-05
14546.0	7.0	1.0	0.0	2.7142857142857144e-05
14553.0	7.0	1.0	0.0	2.2857142857142855e-05
14560.0	7.0	1.0	0.0	8.571428571428571e-06
14567.0	7.0	1.0	0.0	1.4285714285714286e-06
14574.0	7.0	1.0	0.0	0.0
14581.0	7.0	1.0	0.0	0.0
14588.0	7.0	1.0	0.0	2.8571428571428573e-06
14595.0	7.0	1.0	0.0	0.0
14602.0	7.0	1.0	0.0	0.0
14609.0	7.0	1.0	0.0	0.0
9502.0	7.0	1.0	0.0	3e-05
9509.0	7.0	1.0	0.0	0.0
9516.0	7.0	1.0	0.0	7.1428571428571436e-06
9523.0	7.0	1.0	0.0	5.428571428571429e-05
9530.0	7.0	1.0	0.0	1.4285714285714286e-06
9537.0	7.0	1.0	0.0	0.0
9544.0	7.0	1.0	0.0	1.4285714285714286e-06
9551.0	7.0	1.0	0.0	3.428571428571429e-05
9558.0	7.0	1.0	0.0	0.00010999999999999999
9565.0	7.0	1.0	0.0	2.8571428571428573e-06
9572.0	7.0	1.0	0.0	0.00017
9579.0	7.0	1.0	0.0	2.2857142857142858e-05
9586.0	7.0	1.0	0.0	0.00023285714285714286
9593.0	7.0	1.0	0.0	0.00016571428571428572
9600.0	7.0	1.0	0.0	7.714285714285714e-05
9607.0	7.0	1.0	0.0	0.0009014285714285714
9614.0	7.0	1.0	0.0	0.0017485714285714288
9621.0	7.0	1.0	0.0	0.0038057142857142864
9628.0	7.0	1.0	0.0	0.0012828571428571429
9635.0	7.0	1.0	0.0	0.0028971428571428572
9642.0	7.0	1.0	0.0	0.0014814285714285715
9649.0	7.0	1.0	0.0	7.285714285714286e-05
9656.0	7.0	1.0	0.0	6.142857142857142e-05
9663.0	7.0	1.0	0.0	0.00010714285714285715
9670.0	7.0	1.0	0.0	0.0005442857142857143
9677.0	7.0	1.0	0.0	0.00020285714285714286
9684.0	7.0	1.0	0.0	0.0012171428571428572
9691.0	7.0	1.0	0.0	0.0030085714285714286
9698.0	7.0	1.0	0.0	0.0023771428571428567
9705.0	7.0	1.0	0.0	0.00041285714285714287
9712.0	7.0	1.0	0.0	1.8571428571428575e-05
9719.0	7.0	1.0	0.0	1.7142857142857145e-05
9726.0	7.0	1.0	0.0	3.571428571428572e-05
9733.0	7.0	1.0	0.0	3.4285714285714284e-05
9740.0	7.0	1.0	0.0	0.0
9747.0	7.0	1.0	0.0	0.0
9754.0	7.0	1.0	0.0	0.0
9761.0	7.0	1.0	0.0	0.00013
9768.0	7.0	1.0	0.0	4.428571428571428e-05
9775.0	7.0	1.0	0.0	0.00016142857142857145
9782.0	7.0	1.0	0.0	0.0002785714285714286
9789.0	7.0	1.0	0.0	8.428571428571427e-05
9796.0	7.0	1.0	0.0	0.0
9803.0	7.0	1.0	0.0	5.2857142857142855e-05
9810.0	7.0	1.0	0.0	7e-05
9817.0	7.0	1.0	0.0	0.00012857142857142858
9824.0	7.0	1.0	0.0	0.00033285714285714293
9831.0	7.0	1.0	0.0	0.00011
9838.0	7.0	1.0	0.0	0.0
9845.0	7.0	1.0	0.0	0.0
9852.0	7.0	1.0	0.0	1.7142857142857142e-05
9859.0	7.0	1.0	0.0	1.5714285714285715e-05
8405.0	7.0	1.0	0.0	3.857142857142857e-05
8412.0	7.0	1.0	0.0	1.8571428571428575e-05
8419.0	7.0	1.0	0.0	2.7142857142857144e-05
8426.0	7.0	1.0	0.0	1.4285714285714286e-06
8433.0	7.0	1.0	0.0	9.857142857142856e-05
8440.0	7.0	1.0	0.0	0.0007785714285714286
8447.0	7.0	1.0	0.0	0.00016714285714285716
8454.0	7.0	1.0	0.0	0.00027571428571428576
8461.0	7.0	1.0	0.0	0.00256
8468.0	7.0	1.0	0.0	0.004688571428571429
8475.0	7.0	1.0	0.0	0.0030857142857142854
8482.0	7.0	1.0	0.0	0.0008328571428571429
8489.0	7.0	1.0	0.0	6.142857142857143e-05
8496.0	7.0	1.0	0.0	0.00038714285714285717
8503.0	7.0	1.0	0.0	0.0018342857142857143
8510.0	7.0	1.0	0.0	0.00044857142857142855
8517.0	7.0	1.0	0.0	0.00019285714285714286
8524.0	7.0	1.0	0.0	0.0012771428571428571
8531.0	7.0	1.0	0.0	0.006095714285714286
8538.0	7.0	1.0	0.0	0.007054285714285714
8545.0	7.0	1.0	0.0	0.005732857142857143
8552.0	7.0	1.0	0.0	0.0057657142857142855
8559.0	7.0	1.0	0.0	0.004971428571428571
8566.0	7.0	1.0	0.0	0.0038214285714285715
8573.0	7.0	1.0	0.0	0.004081428571428571
8580.0	7.0	1.0	0.0	0.003502857142857142
8587.0	7.0	1.0	0.0	0.0022185714285714287
8594.0	7.0	1.0	0.0	0.00346
8601.0	7.0	1.0	0.0	0.002794285714285714
8608.0	7.0	1.0	0.0	0.0024142857142857147
8615.0	7.0	1.0	0.0	0.0015728571428571432
8622.0	7.0	1.0	0.0	0.00036428571428571423
8629.0	7.0	1.0	0.0	0.0008414285714285714
8636.0	7.0	1.0	0.0	0.0005757142857142856
8643.0	7.0	1.0	0.0	0.0022242857142857142
8650.0	7.0	1.0	0.0	0.0038800000000000006
8657.0	7.0	1.0	0.0	0.0015928571428571428
8664.0	7.0	1.0	0.0	0.00027
8671.0	7.0	1.0	0.0	0.0
8678.0	7.0	1.0	0.0	0.00016142857142857143
8685.0	7.0	1.0	0.0	0.0019671428571428574
8692.0	7.0	1.0	0.0	0.0052757142857142855
8699.0	7.0	1.0	0.0	0.002691428571428571
8706.0	7.0	1.0	0.0	0.0013399999999999998
8713.0	7.0	1.0	0.0	9.142857142857142e-05
8720.0	7.0	1.0	0.0	1.4285714285714286e-06
8727.0	7.0	1.0	0.0	3.285714285714286e-05
8734.0	7.0	1.0	0.0	0.0001042857142857143
8741.0	7.0	1.0	0.0	0.00010999999999999999
8748.0	7.0	1.0	0.0	2.4285714285714288e-05
8755.0	7.0	1.0	0.0	0.0
8762.0	7.0	1.0	0.0	5.857142857142857e-05
4386.0	7.0	1.0	0.0	7.714285714285714e-05
4393.0	7.0	1.0	0.0	7.571428571428573e-05
4400.0	7.0	1.0	0.0	3.857142857142857e-05
4407.0	7.0	1.0	0.0	0.00014571428571428572
4414.0	7.0	1.0	0.0	2e-05
4421.0	7.0	1.0	0.0	8.571428571428573e-06
4428.0	7.0	1.0	0.0	5.428571428571429e-05
4435.0	7.0	1.0	0.0	3.1428571428571424e-05
4442.0	7.0	1.0	0.0	0.0005985714285714285
4449.0	7.0	1.0	0.0	0.0008
4456.0	7.0	1.0	0.0	0.002662857142857143
4463.0	7.0	1.0	0.0	0.004225714285714286
4470.0	7.0	1.0	0.0	0.0018671428571428571
4477.0	7.0	1.0	0.0	0.0010214285714285714
4484.0	7.0	1.0	0.0	0.0033099999999999996
4491.0	7.0	1.0	0.0	0.003562857142857143
4498.0	7.0	1.0	0.0	0.0031228571428571425
4505.0	7.0	1.0	0.0	0.001992857142857143
4512.0	7.0	1.0	0.0	0.00417
4519.0	7.0	1.0	0.0	0.008392857142857143
4526.0	7.0	1.0	0.0	0.006662857142857143
4533.0	7.0	1.0	0.0	0.0029114285714285713
4540.0	7.0	1.0	0.0	0.0016728571428571428
4547.0	7.0	1.0	0.0	0.0013328571428571428
4554.0	7.0	1.0	0.0	0.0002742857142857143
4561.0	7.0	1.0	0.0	0.0008928571428571429
4568.0	7.0	1.0	0.0	0.0022942857142857144
4575.0	7.0	1.0	0.0	0.0017371428571428572
4582.0	7.0	1.0	0.0	0.0002442857142857143
4589.0	7.0	1.0	0.0	0.0014928571428571428
4596.0	7.0	1.0	0.0	0.00077
4603.0	7.0	1.0	0.0	0.00017857142857142857
4610.0	7.0	1.0	0.0	0.0002971428571428571
4617.0	7.0	1.0	0.0	0.0009385714285714286
4624.0	7.0	1.0	0.0	0.00093
4631.0	7.0	1.0	0.0	0.0013557142857142858
4638.0	7.0	1.0	0.0	0.0007099999999999999
4645.0	7.0	1.0	0.0	0.00083
4652.0	7.0	1.0	0.0	0.00091
4659.0	7.0	1.0	0.0	0.0011014285714285713
4666.0	7.0	1.0	0.0	0.0024214285714285713
4673.0	7.0	1.0	0.0	0.002525714285714286
4680.0	7.0	1.0	0.0	0.00024571428571428574
4687.0	7.0	1.0	0.0	0.0
4694.0	7.0	1.0	0.0	4.714285714285714e-05
4701.0	7.0	1.0	0.0	0.0
4708.0	7.0	1.0	0.0	2.9999999999999997e-05
4715.0	7.0	1.0	0.0	3.714285714285715e-05
4722.0	7.0	1.0	0.0	2.8571428571428573e-06
4729.0	7.0	1.0	0.0	0.0
4736.0	7.0	1.0	0.0	0.0
4743.0	7.0	1.0	0.0	1.1428571428571429e-05
367.0	7.0	1.0	0.0	0.00021285714285714286
374.0	7.0	1.0	0.0	0.00010142857142857144
381.0	7.0	1.0	0.0	0.0001642857142857143
388.0	7.0	1.0	0.0	1.4285714285714286e-06
395.0	7.0	1.0	0.0	4.285714285714286e-06
402.0	7.0	1.0	0.0	9e-05
409.0	7.0	1.0	0.0	0.0
416.0	7.0	1.0	0.0	4.285714285714286e-05
423.0	7.0	1.0	0.0	9.999999999999999e-06
430.0	7.0	1.0	0.0	0.0
437.0	7.0	1.0	0.0	7.285714285714286e-05
444.0	7.0	1.0	0.0	3.714285714285715e-05
451.0	7.0	1.0	0.0	0.0
458.0	7.0	1.0	0.0	0.00018714285714285713
465.0	7.0	1.0	0.0	0.00012714285714285714
472.0	7.0	1.0	0.0	0.0005799999999999999
479.0	7.0	1.0	0.0	0.0007928571428571428
486.0	7.0	1.0	0.0	0.0014257142857142858
493.0	7.0	1.0	0.0	0.00097
500.0	7.0	1.0	0.0	0.00014428571428571428
507.0	7.0	1.0	0.0	0.0005957142857142857
514.0	7.0	1.0	0.0	0.00016285714285714284
521.0	7.0	1.0	0.0	0.0007271428571428571
528.0	7.0	1.0	0.0	0.002307142857142857
535.0	7.0	1.0	0.0	0.003021428571428571
542.0	7.0	1.0	0.0	0.005728571428571428
549.0	7.0	1.0	0.0	0.0038514285714285716
556.0	7.0	1.0	0.0	0.004588571428571428
563.0	7.0	1.0	0.0	0.004541428571428571
570.0	7.0	1.0	0.0	0.0022242857142857142
577.0	7.0	1.0	0.0	0.0015457142857142857
584.0	7.0	1.0	0.0	0.0027028571428571427
591.0	7.0	1.0	0.0	0.0007457142857142856
598.0	7.0	1.0	0.0	8.142857142857142e-05
605.0	7.0	1.0	0.0	8.285714285714287e-05
612.0	7.0	1.0	0.0	0.0006557142857142857
619.0	7.0	1.0	0.0	0.0015685714285714283
626.0	7.0	1.0	0.0	0.00022142857142857145
633.0	7.0	1.0	0.0	0.00038
640.0	7.0	1.0	0.0	0.0008085714285714286
647.0	7.0	1.0	0.0	0.0014685714285714285
654.0	7.0	1.0	0.0	0.00023285714285714286
661.0	7.0	1.0	0.0	0.0002728571428571429
668.0	7.0	1.0	0.0	0.0002228571428571429
675.0	7.0	1.0	0.0	0.0004728571428571428
682.0	7.0	1.0	0.0	4.428571428571428e-05
689.0	7.0	1.0	0.0	1.4285714285714286e-06
696.0	7.0	1.0	0.0	0.00014571428571428572
703.0	7.0	1.0	0.0	1.4285714285714286e-06
710.0	7.0	1.0	0.0	2.8571428571428573e-06
717.0	7.0	1.0	0.0	6.571428571428571e-05
724.0	7.0	1.0	0.0	6.857142857142857e-05
6575.0	7.0	1.0	0.0	0.0
6582.0	7.0	1.0	0.0	1.4285714285714286e-06
6589.0	7.0	1.0	0.0	2.8571428571428573e-06
6596.0	7.0	1.0	0.0	2.8571428571428567e-05
6603.0	7.0	1.0	0.0	0.00019
6610.0	7.0	1.0	0.0	4.285714285714286e-06
6617.0	7.0	1.0	0.0	1.4285714285714287e-05
6624.0	7.0	1.0	0.0	3.285714285714286e-05
6631.0	7.0	1.0	0.0	1e-05
6638.0	7.0	1.0	0.0	0.00034285714285714285
6645.0	7.0	1.0	0.0	0.00010714285714285712
6652.0	7.0	1.0	0.0	7.999999999999999e-05
6659.0	7.0	1.0	0.0	1.7142857142857142e-05
6666.0	7.0	1.0	0.0	0.0
6673.0	7.0	1.0	0.0	0.0
6680.0	7.0	1.0	0.0	0.00015142857142857145
6687.0	7.0	1.0	0.0	8.571428571428571e-06
6694.0	7.0	1.0	0.0	0.0005657142857142857
6701.0	7.0	1.0	0.0	0.0004428571428571429
6708.0	7.0	1.0	0.0	2.8571428571428573e-06
6715.0	7.0	1.0	0.0	4.285714285714287e-05
6722.0	7.0	1.0	0.0	4.285714285714286e-06
6729.0	7.0	1.0	0.0	0.00032142857142857147
6736.0	7.0	1.0	0.0	0.0005785714285714285
6743.0	7.0	1.0	0.0	0.0008114285714285715
6750.0	7.0	1.0	0.0	0.0001885714285714286
6757.0	7.0	1.0	0.0	2.714285714285714e-05
6764.0	7.0	1.0	0.0	6.571428571428571e-05
6771.0	7.0	1.0	0.0	0.0005471428571428572
6778.0	7.0	1.0	0.0	0.003201428571428571
6785.0	7.0	1.0	0.0	0.004781428571428573
6792.0	7.0	1.0	0.0	0.003102857142857143
6799.0	7.0	1.0	0.0	0.002662857142857143
6806.0	7.0	1.0	0.0	0.0022057142857142857
6813.0	7.0	1.0	0.0	0.0003771428571428572
6820.0	7.0	1.0	0.0	5.428571428571429e-05
6827.0	7.0	1.0	0.0	0.00037142857142857143
6834.0	7.0	1.0	0.0	2.8571428571428573e-06
6841.0	7.0	1.0	0.0	0.00010857142857142856
6848.0	7.0	1.0	0.0	0.0
6855.0	7.0	1.0	0.0	0.00011
6862.0	7.0	1.0	0.0	0.0
6869.0	7.0	1.0	0.0	4.714285714285714e-05
6876.0	7.0	1.0	0.0	2.4285714285714285e-05
6883.0	7.0	1.0	0.0	3e-05
6890.0	7.0	1.0	0.0	0.0
6897.0	7.0	1.0	0.0	0.0
6904.0	7.0	1.0	0.0	7.571428571428573e-05
6911.0	7.0	1.0	0.0	0.00014
6918.0	7.0	1.0	0.0	0.0
6925.0	7.0	1.0	0.0	0.0
6932.0	7.0	1.0	0.0	0.0
6939.0	7.0	1.0	0.0	3e-05
3293.0	7.0	1.0	0.0	6.857142857142857e-05
3300.0	7.0	1.0	0.0	2.571428571428571e-05
3307.0	7.0	1.0	0.0	0.00012428571428571428
3314.0	7.0	1.0	0.0	1.7142857142857142e-05
3321.0	7.0	1.0	0.0	0.0
3328.0	7.0	1.0	0.0	0.0
3335.0	7.0	1.0	0.0	4.142857142857143e-05
3342.0	7.0	1.0	0.0	2.8571428571428573e-06
3349.0	7.0	1.0	0.0	5.7142857142857145e-06
3356.0	7.0	1.0	0.0	0.00033714285714285714
3363.0	7.0	1.0	0.0	5.857142857142857e-05
3370.0	7.0	1.0	0.0	0.00014857142857142855
3377.0	7.0	1.0	0.0	0.0002942857142857143
3384.0	7.0	1.0	0.0	0.00093
3391.0	7.0	1.0	0.0	0.0046414285714285715
3398.0	7.0	1.0	0.0	0.003924285714285714
3405.0	7.0	1.0	0.0	0.0010057142857142856
3412.0	7.0	1.0	0.0	0.0014785714285714283
3419.0	7.0	1.0	0.0	0.008397142857142858
3426.0	7.0	1.0	0.0	0.008552857142857143
3433.0	7.0	1.0	0.0	0.005022857142857142
3440.0	7.0	1.0	0.0	0.004348571428571428
3447.0	7.0	1.0	0.0	0.003088571428571429
3454.0	7.0	1.0	0.0	0.0008242857142857142
3461.0	7.0	1.0	0.0	0.0006514285714285714
3468.0	7.0	1.0	0.0	0.002427142857142857
3475.0	7.0	1.0	0.0	0.004265714285714287
3482.0	7.0	1.0	0.0	0.002664285714285714
3489.0	7.0	1.0	0.0	0.00128
3496.0	7.0	1.0	0.0	0.00043571428571428575
3503.0	7.0	1.0	0.0	0.0013971428571428572
3510.0	7.0	1.0	0.0	0.0025371428571428567
3517.0	7.0	1.0	0.0	0.0013871428571428572
3524.0	7.0	1.0	0.0	0.0012242857142857142
3531.0	7.0	1.0	0.0	0.0005828571428571428
3538.0	7.0	1.0	0.0	1.4285714285714286e-06
3545.0	7.0	1.0	0.0	0.0
3552.0	7.0	1.0	0.0	4.714285714285714e-05
3559.0	7.0	1.0	0.0	0.00013428571428571428
3566.0	7.0	1.0	0.0	2.4285714285714288e-05
3573.0	7.0	1.0	0.0	4.142857142857143e-05
3580.0	7.0	1.0	0.0	8.428571428571429e-05
3587.0	7.0	1.0	0.0	6.857142857142857e-05
3594.0	7.0	1.0	0.0	5.7142857142857145e-06
3601.0	7.0	1.0	0.0	0.0002528571428571429
3608.0	7.0	1.0	0.0	0.00017714285714285713
3615.0	7.0	1.0	0.0	0.0003757142857142857
3622.0	7.0	1.0	0.0	0.00015428571428571428
3629.0	7.0	1.0	0.0	0.00027142857142857144
3636.0	7.0	1.0	0.0	0.00017714285714285713
3643.0	7.0	1.0	0.0	5.7142857142857145e-06
3650.0	7.0	1.0	0.0	7.1428571428571436e-06
14615.0	7.0	1.0	0.0	1.2857142857142857e-05
14622.0	7.0	1.0	0.0	3.714285714285715e-05
14629.0	7.0	1.0	0.0	3.1428571428571424e-05
14636.0	7.0	1.0	0.0	7.1428571428571436e-06
14643.0	7.0	1.0	0.0	5.5714285714285715e-05
14650.0	7.0	1.0	0.0	8.571428571428571e-06
14657.0	7.0	1.0	0.0	2.8571428571428574e-05
14664.0	7.0	1.0	0.0	6.714285714285715e-05
14671.0	7.0	1.0	0.0	0.0005957142857142857
14678.0	7.0	1.0	0.0	0.0
14685.0	7.0	1.0	0.0	4.857142857142857e-05
14692.0	7.0	1.0	0.0	0.0002285714285714286
14699.0	7.0	1.0	0.0	0.00013142857142857143
14706.0	7.0	1.0	0.0	0.0005414285714285714
14713.0	7.0	1.0	0.0	0.0024185714285714288
14720.0	7.0	1.0	0.0	0.0029899999999999996
14727.0	7.0	1.0	0.0	0.0020757142857142853
14734.0	7.0	1.0	0.0	0.0017585714285714284
14741.0	7.0	1.0	0.0	0.0010442857142857144
14748.0	7.0	1.0	0.0	0.0024214285714285713
14755.0	7.0	1.0	0.0	0.0020814285714285717
14762.0	7.0	1.0	0.0	0.0010985714285714286
14769.0	7.0	1.0	0.0	0.0017642857142857143
14776.0	7.0	1.0	0.0	0.0014314285714285711
14783.0	7.0	1.0	0.0	0.0007428571428571429
14790.0	7.0	1.0	0.0	0.0005714285714285715
14797.0	7.0	1.0	0.0	0.0001757142857142857
14804.0	7.0	1.0	0.0	0.0003728571428571428
14811.0	7.0	1.0	0.0	0.00138
14818.0	7.0	1.0	0.0	0.00174
14825.0	7.0	1.0	0.0	0.00031571428571428576
14832.0	7.0	1.0	0.0	5.285714285714286e-05
14839.0	7.0	1.0	0.0	7.999999999999999e-05
14846.0	7.0	1.0	0.0	0.00010714285714285715
14853.0	7.0	1.0	0.0	3.142857142857143e-05
14860.0	7.0	1.0	0.0	0.0
14867.0	7.0	1.0	0.0	0.0
14874.0	7.0	1.0	0.0	0.0
14881.0	7.0	1.0	0.0	1.7142857142857145e-05
14888.0	7.0	1.0	0.0	5.7142857142857145e-06
14895.0	7.0	1.0	0.0	0.0
14902.0	7.0	1.0	0.0	0.0
14909.0	7.0	1.0	0.0	0.0
14916.0	7.0	1.0	0.0	4.285714285714286e-06
14923.0	7.0	1.0	0.0	1.4285714285714287e-05
14930.0	7.0	1.0	0.0	3.142857142857143e-05
14937.0	7.0	1.0	0.0	0.0
14944.0	7.0	1.0	0.0	1.4285714285714286e-06
14951.0	7.0	1.0	0.0	0.00013571428571428572
14958.0	7.0	1.0	0.0	0.00027428571428571427
14965.0	7.0	1.0	0.0	2.8571428571428573e-06
14972.0	7.0	1.0	0.0	2.8571428571428573e-06
14249.0	7.0	1.0	0.0	5.428571428571428e-05
14256.0	7.0	1.0	0.0	0.0
14263.0	7.0	1.0	0.0	0.0
14270.0	7.0	1.0	0.0	0.0
14277.0	7.0	1.0	0.0	5.7142857142857145e-06
14284.0	7.0	1.0	0.0	1.9999999999999998e-05
14291.0	7.0	1.0	0.0	3.857142857142856e-05
14298.0	7.0	1.0	0.0	0.0
14305.0	7.0	1.0	0.0	5.428571428571429e-05
14312.0	7.0	1.0	0.0	0.00010571428571428572
14319.0	7.0	1.0	0.0	1.9999999999999998e-05
14326.0	7.0	1.0	0.0	8.857142857142857e-05
14333.0	7.0	1.0	0.0	0.00047714285714285713
14340.0	7.0	1.0	0.0	0.0010400000000000001
14347.0	7.0	1.0	0.0	0.0012742857142857141
14354.0	7.0	1.0	0.0	0.00194
14361.0	7.0	1.0	0.0	0.00272
14368.0	7.0	1.0	0.0	0.003517142857142857
14375.0	7.0	1.0	0.0	0.003557142857142857
14382.0	7.0	1.0	0.0	0.0018128571428571427
14389.0	7.0	1.0	0.0	0.002442857142857143
14396.0	7.0	1.0	0.0	0.001987142857142857
14403.0	7.0	1.0	0.0	0.0006599999999999999
14410.0	7.0	1.0	0.0	0.0032500000000000003
14417.0	7.0	1.0	0.0	0.0027314285714285713
14424.0	7.0	1.0	0.0	0.0015600000000000002
14431.0	7.0	1.0	0.0	0.0011285714285714284
14438.0	7.0	1.0	0.0	0.0005471428571428572
14445.0	7.0	1.0	0.0	0.0005614285714285714
14452.0	7.0	1.0	0.0	0.004564285714285714
14459.0	7.0	1.0	0.0	0.002828571428571429
14466.0	7.0	1.0	0.0	0.00013571428571428572
14473.0	7.0	1.0	0.0	0.00011857142857142858
14480.0	7.0	1.0	0.0	0.00023857142857142857
14487.0	7.0	1.0	0.0	0.0002514285714285714
14494.0	7.0	1.0	0.0	0.0
14501.0	7.0	1.0	0.0	0.0
14508.0	7.0	1.0	0.0	0.0
14515.0	7.0	1.0	0.0	1.8571428571428575e-05
14522.0	7.0	1.0	0.0	1.2857142857142857e-05
14529.0	7.0	1.0	0.0	2.8571428571428573e-06
14536.0	7.0	1.0	0.0	7.1428571428571436e-06
14543.0	7.0	1.0	0.0	3.857142857142857e-05
14550.0	7.0	1.0	0.0	0.0
14557.0	7.0	1.0	0.0	3.1428571428571424e-05
14564.0	7.0	1.0	0.0	1.4285714285714286e-06
14571.0	7.0	1.0	0.0	0.0
14578.0	7.0	1.0	0.0	0.0
14585.0	7.0	1.0	0.0	0.0
14592.0	7.0	1.0	0.0	2.8571428571428573e-06
14599.0	7.0	1.0	0.0	0.0
14606.0	7.0	1.0	0.0	0.0
10960.0	7.0	1.0	0.0	3.285714285714286e-05
10967.0	7.0	1.0	0.0	1.4285714285714287e-05
10974.0	7.0	1.0	0.0	1.4285714285714287e-05
10981.0	7.0	1.0	0.0	2.142857142857143e-05
10988.0	7.0	1.0	0.0	4.428571428571428e-05
10995.0	7.0	1.0	0.0	0.0
11002.0	7.0	1.0	0.0	6.428571428571429e-05
11009.0	7.0	1.0	0.0	7.714285714285714e-05
11016.0	7.0	1.0	0.0	0.00022428571428571433
11023.0	7.0	1.0	0.0	0.00066
11030.0	7.0	1.0	0.0	0.0005157142857142857
11037.0	7.0	1.0	0.0	0.0008328571428571429
11044.0	7.0	1.0	0.0	0.002144285714285714
11051.0	7.0	1.0	0.0	0.007181428571428573
11058.0	7.0	1.0	0.0	0.011045714285714285
11065.0	7.0	1.0	0.0	0.010128571428571428
11072.0	7.0	1.0	0.0	0.007567142857142857
11079.0	7.0	1.0	0.0	0.0030728571428571437
11086.0	7.0	1.0	0.0	0.0021371428571428574
11093.0	7.0	1.0	0.0	0.0036500000000000005
11100.0	7.0	1.0	0.0	0.00221
11107.0	7.0	1.0	0.0	0.0019585714285714284
11114.0	7.0	1.0	0.0	0.004739999999999999
11121.0	7.0	1.0	0.0	0.0039871428571428575
11128.0	7.0	1.0	0.0	0.0030242857142857146
11135.0	7.0	1.0	0.0	0.004761428571428571
11142.0	7.0	1.0	0.0	0.003405714285714286
11149.0	7.0	1.0	0.0	0.0038814285714285717
11156.0	7.0	1.0	0.0	0.0008257142857142857
11163.0	7.0	1.0	0.0	0.00015
11170.0	7.0	1.0	0.0	7.142857142857143e-05
11177.0	7.0	1.0	0.0	0.0007171428571428572
11184.0	7.0	1.0	0.0	0.0034314285714285714
11191.0	7.0	1.0	0.0	0.0061457142857142865
11198.0	7.0	1.0	0.0	0.003591428571428572
11205.0	7.0	1.0	0.0	0.0029471428571428574
11212.0	7.0	1.0	0.0	0.0008785714285714288
11219.0	7.0	1.0	0.0	0.0002671428571428572
11226.0	7.0	1.0	0.0	0.00148
11233.0	7.0	1.0	0.0	0.0011257142857142857
11240.0	7.0	1.0	0.0	7.571428571428571e-05
11247.0	7.0	1.0	0.0	7.428571428571427e-05
11254.0	7.0	1.0	0.0	0.0
11261.0	7.0	1.0	0.0	8.571428571428571e-06
11268.0	7.0	1.0	0.0	5.7142857142857145e-06
11275.0	7.0	1.0	0.0	2e-05
11282.0	7.0	1.0	0.0	0.0
11289.0	7.0	1.0	0.0	0.0
11296.0	7.0	1.0	0.0	8.571428571428571e-06
11303.0	7.0	1.0	0.0	0.00010428571428571428
11310.0	7.0	1.0	0.0	2.8571428571428573e-06
11317.0	7.0	1.0	0.0	2.1428571428571428e-05
13150.0	7.0	1.0	0.0	0.0
13157.0	7.0	1.0	0.0	1.4285714285714286e-06
13164.0	7.0	1.0	0.0	4.571428571428571e-05
13171.0	7.0	1.0	0.0	5e-05
13178.0	7.0	1.0	0.0	2.8571428571428573e-06
13185.0	7.0	1.0	0.0	5.7142857142857145e-06
13192.0	7.0	1.0	0.0	0.00033
13199.0	7.0	1.0	0.0	0.00011142857142857143
13206.0	7.0	1.0	0.0	6.571428571428573e-05
13213.0	7.0	1.0	0.0	0.00022428571428571427
13220.0	7.0	1.0	0.0	7e-05
13227.0	7.0	1.0	0.0	0.00024285714285714283
13234.0	7.0	1.0	0.0	4.428571428571428e-05
13241.0	7.0	1.0	0.0	0.0
13248.0	7.0	1.0	0.0	5.142857142857142e-05
13255.0	7.0	1.0	0.0	0.00034571428571428573
13262.0	7.0	1.0	0.0	0.00042571428571428567
13269.0	7.0	1.0	0.0	0.000742857142857143
13276.0	7.0	1.0	0.0	0.004752857142857143
13283.0	7.0	1.0	0.0	0.0046414285714285715
13290.0	7.0	1.0	0.0	0.00205
13297.0	7.0	1.0	0.0	0.0012785714285714286
13304.0	7.0	1.0	0.0	0.00198
13311.0	7.0	1.0	0.0	0.0014071428571428572
13318.0	7.0	1.0	0.0	0.0022371428571428577
13325.0	7.0	1.0	0.0	0.0016471428571428572
13332.0	7.0	1.0	0.0	0.00026285714285714286
13339.0	7.0	1.0	0.0	0.0009985714285714285
13346.0	7.0	1.0	0.0	0.003162857142857143
13353.0	7.0	1.0	0.0	0.0024342857142857144
13360.0	7.0	1.0	0.0	0.0034571428571428574
13367.0	7.0	1.0	0.0	0.0018414285714285715
13374.0	7.0	1.0	0.0	0.00031
13381.0	7.0	1.0	0.0	3.285714285714286e-05
13388.0	7.0	1.0	0.0	0.00030571428571428573
13395.0	7.0	1.0	0.0	0.0
13402.0	7.0	1.0	0.0	3.285714285714286e-05
13409.0	7.0	1.0	0.0	0.0
13416.0	7.0	1.0	0.0	0.00019142857142857142
13423.0	7.0	1.0	0.0	5.857142857142857e-05
13430.0	7.0	1.0	0.0	0.00017142857142857145
13437.0	7.0	1.0	0.0	0.0003414285714285714
13444.0	7.0	1.0	0.0	0.00013857142857142857
13451.0	7.0	1.0	0.0	0.0001942857142857143
13458.0	7.0	1.0	0.0	0.0
13465.0	7.0	1.0	0.0	0.00020999999999999998
13472.0	7.0	1.0	0.0	0.0002757142857142857
13479.0	7.0	1.0	0.0	0.0003071428571428571
13486.0	7.0	1.0	0.0	0.00022
13493.0	7.0	1.0	0.0	0.00021857142857142857
13500.0	7.0	1.0	0.0	0.0002442857142857143
13507.0	7.0	1.0	0.0	6e-05
13514.0	7.0	1.0	0.0	4e-05
5486.0	7.0	1.0	0.0	3.714285714285715e-05
5493.0	7.0	1.0	0.0	4.8571428571428576e-05
5500.0	7.0	1.0	0.0	7.999999999999999e-05
5507.0	7.0	1.0	0.0	3.285714285714286e-05
5514.0	7.0	1.0	0.0	1.5714285714285715e-05
5521.0	7.0	1.0	0.0	1.2857142857142856e-05
5528.0	7.0	1.0	0.0	1.4285714285714286e-06
5535.0	7.0	1.0	0.0	0.0
5542.0	7.0	1.0	0.0	1.4285714285714287e-05
5549.0	7.0	1.0	0.0	0.0
5556.0	7.0	1.0	0.0	0.0
5563.0	7.0	1.0	0.0	1.4285714285714286e-06
5570.0	7.0	1.0	0.0	7.857142857142858e-05
5577.0	7.0	1.0	0.0	7e-05
5584.0	7.0	1.0	0.0	3.714285714285715e-05
5591.0	7.0	1.0	0.0	6.714285714285715e-05
5598.0	7.0	1.0	0.0	0.00020714285714285716
5605.0	7.0	1.0	0.0	0.00019
5612.0	7.0	1.0	0.0	0.00010857142857142858
5619.0	7.0	1.0	0.0	0.00020714285714285713
5626.0	7.0	1.0	0.0	0.00029285714285714283
5633.0	7.0	1.0	0.0	0.0008914285714285716
5640.0	7.0	1.0	0.0	0.0027071428571428567
5647.0	7.0	1.0	0.0	0.001958571428571429
5654.0	7.0	1.0	0.0	0.002487142857142857
5661.0	7.0	1.0	0.0	0.0019014285714285715
5668.0	7.0	1.0	0.0	0.0003771428571428572
5675.0	7.0	1.0	0.0	0.0003857142857142857
5682.0	7.0	1.0	0.0	0.00018714285714285716
5689.0	7.0	1.0	0.0	0.0013657142857142856
5696.0	7.0	1.0	0.0	0.0012785714285714286
5703.0	7.0	1.0	0.0	0.0003214285714285714
5710.0	7.0	1.0	0.0	0.0007514285714285714
5717.0	7.0	1.0	0.0	0.0037971428571428566
5724.0	7.0	1.0	0.0	0.0016157142857142856
5731.0	7.0	1.0	0.0	0.0007214285714285714
5738.0	7.0	1.0	0.0	0.002517142857142857
5745.0	7.0	1.0	0.0	0.0008671428571428572
5752.0	7.0	1.0	0.0	0.0003528571428571429
5759.0	7.0	1.0	0.0	9.142857142857142e-05
5766.0	7.0	1.0	0.0	0.00023285714285714286
5773.0	7.0	1.0	0.0	7.142857142857143e-05
5780.0	7.0	1.0	0.0	4.2857142857142856e-05
5787.0	7.0	1.0	0.0	0.00011142857142857143
5794.0	7.0	1.0	0.0	0.0
5801.0	7.0	1.0	0.0	0.00041000000000000005
5808.0	7.0	1.0	0.0	0.0
5815.0	7.0	1.0	0.0	0.00025428571428571427
5822.0	7.0	1.0	0.0	2.8571428571428574e-05
5829.0	7.0	1.0	0.0	0.0
5836.0	7.0	1.0	0.0	8.571428571428571e-06
5843.0	7.0	1.0	0.0	3.857142857142857e-05
6215.0	7.0	1.0	0.0	3.285714285714286e-05
6222.0	7.0	1.0	0.0	8.571428571428573e-06
6229.0	7.0	1.0	0.0	8.285714285714286e-05
6236.0	7.0	1.0	0.0	1.4285714285714286e-06
6243.0	7.0	1.0	0.0	5e-05
6250.0	7.0	1.0	0.0	4.8571428571428576e-05
6257.0	7.0	1.0	0.0	6.714285714285715e-05
6264.0	7.0	1.0	0.0	0.0
6271.0	7.0	1.0	0.0	0.00027428571428571427
6278.0	7.0	1.0	0.0	0.000707142857142857
6285.0	7.0	1.0	0.0	0.0002585714285714286
6292.0	7.0	1.0	0.0	2.2857142857142858e-05
6299.0	7.0	1.0	0.0	6.571428571428571e-05
6306.0	7.0	1.0	0.0	0.0004728571428571428
6313.0	7.0	1.0	0.0	0.0028114285714285715
6320.0	7.0	1.0	0.0	0.00229
6327.0	7.0	1.0	0.0	0.0006871428571428573
6334.0	7.0	1.0	0.0	0.0012857142857142859
6341.0	7.0	1.0	0.0	0.0012771428571428571
6348.0	7.0	1.0	0.0	0.0026242857142857144
6355.0	7.0	1.0	0.0	0.0018785714285714284
6362.0	7.0	1.0	0.0	0.003204285714285714
6369.0	7.0	1.0	0.0	0.004092857142857143
6376.0	7.0	1.0	0.0	0.002364285714285714
6383.0	7.0	1.0	0.0	0.0031299999999999995
6390.0	7.0	1.0	0.0	0.0064057142857142845
6397.0	7.0	1.0	0.0	0.006227142857142857
6404.0	7.0	1.0	0.0	0.0041228571428571425
6411.0	7.0	1.0	0.0	0.0008657142857142856
6418.0	7.0	1.0	0.0	7.999999999999999e-05
6425.0	7.0	1.0	0.0	0.0001142857142857143
6432.0	7.0	1.0	0.0	0.00037428571428571426
6439.0	7.0	1.0	0.0	0.0026042857142857144
6446.0	7.0	1.0	0.0	0.0018014285714285714
6453.0	7.0	1.0	0.0	0.0005614285714285714
6460.0	7.0	1.0	0.0	8.142857142857142e-05
6467.0	7.0	1.0	0.0	9.428571428571429e-05
6474.0	7.0	1.0	0.0	1.9999999999999998e-05
6481.0	7.0	1.0	0.0	0.00013714285714285713
6488.0	7.0	1.0	0.0	1.5714285714285715e-05
6495.0	7.0	1.0	0.0	7.1428571428571436e-06
6502.0	7.0	1.0	0.0	1.1428571428571429e-05
6509.0	7.0	1.0	0.0	0.00035714285714285714
6516.0	7.0	1.0	0.0	4.428571428571428e-05
6523.0	7.0	1.0	0.0	0.0
6530.0	7.0	1.0	0.0	0.0
6537.0	7.0	1.0	0.0	0.0
6544.0	7.0	1.0	0.0	9.142857142857143e-05
6551.0	7.0	1.0	0.0	9.428571428571429e-05
6558.0	7.0	1.0	0.0	0.0
6565.0	7.0	1.0	0.0	3.714285714285714e-05
6572.0	3.0	1.0	0.0	0.0
