stress_period	sp_length	time_step	study (0 : TS or 1 : SS)	rech
0.0	1.0	1.0	1.0	0.0005561797599414175
1.0	30.0	1.0	0.0	0.0012666716257730632
31.0	30.0	1.0	0.0	0.00100846761067703
61.0	30.0	1.0	0.0	0.0004639595031737834
91.0	30.0	1.0	0.0	0.00027490997314448995
121.0	30.0	1.0	0.0	0.00015393015543616707
151.0	30.0	1.0	0.0	4.92396036783854e-05
181.0	30.0	1.0	0.0	1.8321736653645835e-05
211.0	30.0	1.0	0.0	8.79026601711909e-06
241.0	30.0	1.0	0.0	1.1743452648321783e-05
271.0	30.0	1.0	0.0	9.458343386649174e-05
301.0	30.0	1.0	0.0	0.0002553057193755828
331.0	30.0	1.0	0.0	0.001531478373209597
361.0	30.0	1.0	0.0	0.0012930770874023036
391.0	30.0	1.0	0.0	0.00210925598144527
421.0	30.0	1.0	0.0	0.00047457427978510997
451.0	30.0	1.0	0.0	0.0005911275227864035
481.0	30.0	1.0	0.0	0.0001920038859049067
511.0	30.0	1.0	0.0	7.154235839843541e-05
541.0	30.0	1.0	0.0	3.0970255533854164e-05
571.0	30.0	1.0	0.0	1.4011375109354655e-05
601.0	30.0	1.0	0.0	1.4193536837895712e-05
631.0	30.0	1.0	0.0	4.68752125898993e-05
661.0	30.0	1.0	0.0	0.0002918314456939233
691.0	30.0	1.0	0.0	0.000904814402262323
721.0	30.0	1.0	0.0	0.0018636932373046402
751.0	30.0	1.0	0.0	0.0007591061909993067
781.0	30.0	1.0	0.0	0.0006195671081542534
811.0	30.0	1.0	0.0	0.0008935399373371967
841.0	30.0	1.0	0.0	0.00028719838460282
871.0	30.0	1.0	0.0	0.00011278279622393622
901.0	30.0	1.0	0.0	2.8843180338541658e-05
931.0	30.0	1.0	0.0	1.2062690655390421e-05
961.0	30.0	1.0	0.0	1.023371418317159e-05
991.0	30.0	1.0	0.0	2.7354009946183416e-05
1021.0	30.0	1.0	0.0	0.00011829771995541563
1051.0	30.0	1.0	0.0	0.0003622760931650298
1081.0	30.0	1.0	0.0	0.003866919326782183
1111.0	30.0	1.0	0.0	0.001988878377278606
1141.0	30.0	1.0	0.0	0.0027888895670572567
1171.0	30.0	1.0	0.0	0.0005896240234374667
1201.0	30.0	1.0	0.0	9.511820475258837e-05
1231.0	30.0	1.0	0.0	3.73565673828125e-05
1261.0	30.0	1.0	0.0	1.7473347981770833e-05
1291.0	30.0	1.0	0.0	8.882298817237217e-06
1321.0	30.0	1.0	0.0	1.8170638134080957e-05
1351.0	30.0	1.0	0.0	1.194808483123779e-05
1381.0	30.0	1.0	0.0	0.00015726284782088202
1411.0	30.0	1.0	0.0	0.00126162632306412
1441.0	30.0	1.0	0.0	0.0030735052744546966
1471.0	30.0	1.0	0.0	0.002062119547526
1501.0	30.0	1.0	0.0	0.0026274169921874603
1531.0	30.0	1.0	0.0	0.0019645528157551636
1561.0	30.0	1.0	0.0	0.0009684712727864202
1591.0	30.0	1.0	0.0	0.00014026184082028
1621.0	30.0	1.0	0.0	4.9802652994791664e-05
1651.0	30.0	1.0	0.0	1.9987487544616065e-05
1681.0	30.0	1.0	0.0	1.085736478368441e-05
1711.0	30.0	1.0	0.0	3.5656800866120056e-05
1741.0	30.0	1.0	0.0	0.00010734298626579205
1771.0	30.0	1.0	0.0	0.0008383001486459866
1801.0	30.0	1.0	0.0	0.001470753161112423
1831.0	30.0	1.0	0.0	0.0014581662495930469
1861.0	30.0	1.0	0.0	0.0006186317443847266
1891.0	30.0	1.0	0.0	0.00047006479899084665
1921.0	30.0	1.0	0.0	0.0008230422973632402
1951.0	30.0	1.0	0.0	0.00014861653645829916
1981.0	30.0	1.0	0.0	4.119873046875e-05
2011.0	30.0	1.0	0.0	1.5510831338663897e-05
2041.0	30.0	1.0	0.0	8.090345996121567e-06
2071.0	30.0	1.0	0.0	2.947767277558408e-05
2101.0	30.0	1.0	0.0	7.686837514241538e-06
2131.0	30.0	1.0	0.0	0.0003701460123061724
2161.0	30.0	1.0	0.0	0.0006553129196166466
2191.0	30.0	1.0	0.0	0.001548483022053997
2221.0	30.0	1.0	0.0	0.0007101791381835499
2251.0	30.0	1.0	0.0	0.0026377227783202636
2281.0	30.0	1.0	0.0	0.0008055318196614135
2311.0	30.0	1.0	0.0	0.0002838582356770467
2341.0	30.0	1.0	0.0	5.847880045572417e-05
2371.0	30.0	1.0	0.0	1.8372090657552076e-05
2401.0	30.0	1.0	0.0	9.633675217628482e-06
2431.0	30.0	1.0	0.0	6.027564406394958e-06
2461.0	30.0	1.0	0.0	5.945579210917155e-06
2491.0	30.0	1.0	0.0	8.010860284167934e-05
2521.0	30.0	1.0	0.0	0.0001338098526000854
2551.0	30.0	1.0	0.0	0.0003323972543080133
2581.0	30.0	1.0	0.0	0.0009439797083536298
2611.0	30.0	1.0	0.0	0.0006749975840250067
2641.0	30.0	1.0	0.0	0.0001227879842122123
2671.0	30.0	1.0	0.0	0.00011561889648433417
2701.0	30.0	1.0	0.0	0.0001294741312662344
2731.0	30.0	1.0	0.0	6.562499999999979e-05
2761.0	30.0	1.0	0.0	3.013941049575806e-05
2791.0	30.0	1.0	0.0	1.6896935304005935e-05
2821.0	30.0	1.0	0.0	2.8068395455678305e-05
2851.0	30.0	1.0	0.0	9.088298877078727e-05
2881.0	30.0	1.0	0.0	0.0004012966632842533
2911.0	30.0	1.0	0.0	0.0019821314493814568
2941.0	30.0	1.0	0.0	0.004236302693684846
2971.0	30.0	1.0	0.0	0.0014635808308918936
3001.0	30.0	1.0	0.0	0.0006089441935220933
3031.0	30.0	1.0	0.0	0.0002666402180989234
3061.0	30.0	1.0	0.0	0.00011088358561196169
3091.0	30.0	1.0	0.0	2.92694091796875e-05
3121.0	30.0	1.0	0.0	1.2435634930928547e-05
3151.0	30.0	1.0	0.0	7.273447513580322e-06
3181.0	30.0	1.0	0.0	7.255274057388307e-06
3211.0	30.0	1.0	0.0	4.363767902055684e-05
3241.0	30.0	1.0	0.0	0.0003880132039387534
3271.0	30.0	1.0	0.0	0.0010111359914143467
3301.0	30.0	1.0	0.0	0.002530375417073527
3331.0	30.0	1.0	0.0	0.0014089731852213031
3361.0	30.0	1.0	0.0	0.0010639633178710565
3391.0	30.0	1.0	0.0	0.00020792592366532505
3421.0	30.0	1.0	0.0	4.834696451822917e-05
3451.0	30.0	1.0	0.0	1.8301391601562504e-05
3481.0	30.0	1.0	0.0	9.000185628732045e-06
3511.0	30.0	1.0	0.0	5.664285520712535e-06
3541.0	30.0	1.0	0.0	4.495328664779664e-06
3571.0	30.0	1.0	0.0	2.1430597702661524e-05
3601.0	30.0	1.0	0.0	5.41925986607788e-05
3631.0	30.0	1.0	0.0	0.00042812616825099335
3661.0	30.0	1.0	0.0	0.0009649445851643434
3691.0	30.0	1.0	0.0	0.0004996870676676034
3721.0	30.0	1.0	0.0	0.00033569628397618997
3751.0	30.0	1.0	0.0	0.0002945309956867999
3781.0	30.0	1.0	0.0	6.932703653970688e-05
3811.0	30.0	1.0	0.0	2.8638712565104167e-05
3841.0	30.0	1.0	0.0	1.2793315077821414e-05
3871.0	30.0	1.0	0.0	7.35900141298771e-06
3901.0	30.0	1.0	0.0	5.596082409222922e-06
3931.0	30.0	1.0	0.0	0.00022603152294950932
3961.0	30.0	1.0	0.0	0.0003366014003753133
3991.0	30.0	1.0	0.0	0.0009177131652831564
4021.0	30.0	1.0	0.0	0.0011209476470946736
4051.0	30.0	1.0	0.0	0.0028608683268228656
4081.0	30.0	1.0	0.0	0.0010581003824869366
4111.0	30.0	1.0	0.0	0.002883558146158807
4141.0	30.0	1.0	0.0	0.0004742563883463167
4171.0	30.0	1.0	0.0	9.283142089842499e-05
4201.0	30.0	1.0	0.0	2.9609171549479165e-05
4231.0	30.0	1.0	0.0	1.195297141869863e-05
4261.0	30.0	1.0	0.0	6.4204782247543315e-06
4291.0	30.0	1.0	0.0	2.3233449459071845e-05
4321.0	30.0	1.0	0.0	0.00010385052760440124
4351.0	30.0	1.0	0.0	0.0008905625979105
4381.0	30.0	1.0	0.0	0.0011665162404377767
4411.0	30.0	1.0	0.0	0.0021348101298013836
4441.0	30.0	1.0	0.0	0.001030422465006467
4471.0	30.0	1.0	0.0	0.0001598978678385133
4501.0	30.0	1.0	0.0	5.6491088867187506e-05
4531.0	30.0	1.0	0.0	6.293843587238875e-05
4561.0	30.0	1.0	0.0	2.5040690104166667e-05
4591.0	30.0	1.0	0.0	1.4318537712097168e-05
4621.0	30.0	1.0	0.0	8.482029040654499e-06
4651.0	30.0	1.0	0.0	0.00012850364645320406
4681.0	30.0	1.0	0.0	0.0001238574981689103
4711.0	30.0	1.0	0.0	0.00032223812739049336
4741.0	30.0	1.0	0.0	0.0017119728724161363
4771.0	30.0	1.0	0.0	0.0015303296407063267
4801.0	30.0	1.0	0.0	0.0005567062377929268
4831.0	30.0	1.0	0.0	0.00015062255859371463
4861.0	30.0	1.0	0.0	6.335601806640626e-05
4891.0	30.0	1.0	0.0	2.92144775390625e-05
4921.0	30.0	1.0	0.0	1.4019775390624996e-05
4951.0	30.0	1.0	0.0	7.496514916419984e-06
4981.0	30.0	1.0	0.0	4.681721329689024e-06
5011.0	30.0	1.0	0.0	1.249994039535462e-05
5041.0	30.0	1.0	0.0	0.0001086590826511185
5071.0	30.0	1.0	0.0	0.00043400327364598003
5101.0	30.0	1.0	0.0	0.0015562061945596868
5131.0	30.0	1.0	0.0	0.0011732229868570468
5161.0	30.0	1.0	0.0	0.001796914672851513
5191.0	30.0	1.0	0.0	0.0006888036092121966
5221.0	30.0	1.0	0.0	0.0002772415161132433
5251.0	30.0	1.0	0.0	7.663014729816665e-05
5281.0	30.0	1.0	0.0	2.3453267415364582e-05
5311.0	30.0	1.0	0.0	1.0968408981959026e-05
5341.0	30.0	1.0	0.0	7.323438922564189e-06
5371.0	30.0	1.0	0.0	1.2168843547503151e-05
5401.0	30.0	1.0	0.0	0.00010017370382943351
5431.0	30.0	1.0	0.0	0.00034079151948288993
5461.0	30.0	1.0	0.0	0.0008600661913553333
5491.0	30.0	1.0	0.0	0.0027709897359211727
5521.0	30.0	1.0	0.0	0.0021181861877440995
5551.0	30.0	1.0	0.0	0.0018032699584960496
5581.0	30.0	1.0	0.0	0.0004170293172200101
5611.0	30.0	1.0	0.0	7.749633789061083e-05
5641.0	30.0	1.0	0.0	2.897694905598959e-05
5671.0	30.0	1.0	0.0	1.3801855097214379e-05
5701.0	30.0	1.0	0.0	1.0429864873488745e-05
5731.0	30.0	1.0	0.0	3.3289635181418977e-05
5761.0	30.0	1.0	0.0	0.00010201338529585409
5791.0	30.0	1.0	0.0	0.0007027173042296967
5821.0	30.0	1.0	0.0	0.003232585652669216
5851.0	30.0	1.0	0.0	0.0018328112284342031
5881.0	30.0	1.0	0.0	0.002840004475911416
5911.0	30.0	1.0	0.0	0.0014779724121093366
5941.0	30.0	1.0	0.0	0.0005780487060546466
5971.0	30.0	1.0	0.0	9.807434082029666e-05
6001.0	30.0	1.0	0.0	2.908528645833334e-05
6031.0	30.0	1.0	0.0	1.3409038508931797e-05
6061.0	30.0	1.0	0.0	7.192301626006761e-06
6091.0	30.0	1.0	0.0	1.0659233729044595e-05
6121.0	30.0	1.0	0.0	2.3564489682508918e-05
6151.0	30.0	1.0	0.0	0.0003316828926403951
6181.0	30.0	1.0	0.0	0.0010844138781229203
6211.0	30.0	1.0	0.0	0.002518743896484327
6241.0	30.0	1.0	0.0	0.0024766525268554193
6271.0	30.0	1.0	0.0	0.0013939473470051566
6301.0	30.0	1.0	0.0	0.0007477361043293768
6331.0	30.0	1.0	0.0	0.00011057840983071082
6361.0	30.0	1.0	0.0	3.332112630208334e-05
6391.0	30.0	1.0	0.0	1.5677897135416665e-05
6421.0	30.0	1.0	0.0	8.2215815782547e-06
6451.0	30.0	1.0	0.0	5.890373388926188e-06
6481.0	30.0	1.0	0.0	3.972430030504862e-06
6511.0	30.0	1.0	0.0	8.765046397842961e-05
6541.0	30.0	1.0	0.0	0.00034395301342005004
6571.0	30.0	1.0	0.0	0.0017240344683328765
6601.0	30.0	1.0	0.0	0.002627472941080686
6631.0	30.0	1.0	0.0	0.0009084314982095999
6661.0	30.0	1.0	0.0	0.00024886576334630665
6691.0	30.0	1.0	0.0	9.708709716794666e-05
6721.0	30.0	1.0	0.0	3.672434488932292e-05
6751.0	30.0	1.0	0.0	1.4881896972656246e-05
6781.0	30.0	1.0	0.0	8.781441549460094e-06
6811.0	30.0	1.0	0.0	6.761650741100311e-06
6841.0	30.0	1.0	0.0	3.314255376656446e-05
6871.0	30.0	1.0	0.0	2.436193625132243e-05
6901.0	30.0	1.0	0.0	0.00038734861214951823
6931.0	30.0	1.0	0.0	0.00151301040649409
6961.0	30.0	1.0	0.0	0.0016942623138427192
6991.0	30.0	1.0	0.0	0.0011213996887206566
7021.0	30.0	1.0	0.0	0.00069397735595699
7051.0	30.0	1.0	0.0	0.00016641998291012334
7081.0	30.0	1.0	0.0	7.693888346352877e-05
7111.0	30.0	1.0	0.0	2.641398111979166e-05
7141.0	30.0	1.0	0.0	1.162482400735219e-05
7171.0	30.0	1.0	0.0	7.15811252593994e-06
7201.0	30.0	1.0	0.0	4.831573367118836e-06
7231.0	30.0	1.0	0.0	3.6464981238047285e-05
7261.0	30.0	1.0	0.0	0.0002545674522717443
7291.0	30.0	1.0	0.0	0.0021388170560200466
7321.0	30.0	1.0	0.0	0.002352182261149043
7351.0	30.0	1.0	0.0	0.0016264043172200097
7381.0	30.0	1.0	0.0	0.0003318562825520333
7411.0	30.0	1.0	0.0	0.00010194905598956041
7441.0	30.0	1.0	0.0	6.262003580729167e-05
7471.0	30.0	1.0	0.0	3.0639139811197913e-05
7501.0	30.0	1.0	0.0	5.875937342642783e-05
7531.0	30.0	1.0	0.0	1.4746365944544475e-05
7561.0	30.0	1.0	0.0	4.887164831161037e-05
7591.0	30.0	1.0	0.0	0.00021973820527389334
7621.0	30.0	1.0	0.0	0.0007010933558145567
7651.0	30.0	1.0	0.0	0.0018972161610920737
7681.0	30.0	1.0	0.0	0.0009238675435383633
7711.0	30.0	1.0	0.0	0.0005963879903157098
7741.0	30.0	1.0	0.0	0.0004135330200194901
7771.0	30.0	1.0	0.0	0.00015621185302730706
7801.0	30.0	1.0	0.0	5.438028971354165e-05
7831.0	30.0	1.0	0.0	2.0151265462239583e-05
7861.0	30.0	1.0	0.0	1.009574520091216e-05
7891.0	30.0	1.0	0.0	7.92853944003582e-06
7921.0	30.0	1.0	0.0	1.0190074642499286e-05
7951.0	30.0	1.0	0.0	5.989819765090943e-06
7981.0	30.0	1.0	0.0	0.00012590594490366754
8011.0	30.0	1.0	0.0	0.00039284009933466656
8041.0	30.0	1.0	0.0	0.001579844474792417
8071.0	30.0	1.0	0.0	0.0014919520060221003
8101.0	30.0	1.0	0.0	0.001557970682779903
8131.0	30.0	1.0	0.0	0.00047586720784501
8161.0	30.0	1.0	0.0	0.0002945699055989067
8191.0	30.0	1.0	0.0	0.00010456797281898455
8221.0	30.0	1.0	0.0	3.150588149825732e-05
8251.0	30.0	1.0	0.0	1.769340559840202e-05
8281.0	30.0	1.0	0.0	1.2170749902725222e-05
8311.0	30.0	1.0	0.0	2.8989944855371687e-05
8341.0	30.0	1.0	0.0	8.040413061776103e-05
8371.0	30.0	1.0	0.0	0.0005042351881662637
8401.0	30.0	1.0	0.0	0.0019104155858357267
8431.0	30.0	1.0	0.0	0.0009406168619791234
8461.0	30.0	1.0	0.0	0.0011038744608560733
8491.0	30.0	1.0	0.0	0.0004387827555338101
8521.0	30.0	1.0	0.0	0.00022919871012366003
8551.0	30.0	1.0	0.0	9.47621663411329e-05
8581.0	30.0	1.0	0.0	3.097686767578125e-05
8611.0	30.0	1.0	0.0	1.3056877255439757e-05
8641.0	30.0	1.0	0.0	7.14973509311676e-06
8671.0	30.0	1.0	0.0	1.106165051460266e-05
8701.0	30.0	1.0	0.0	5.277255376179563e-05
8731.0	30.0	1.0	0.0	0.00029301241238908576
8761.0	30.0	1.0	0.0	0.0005035689353942301
8791.0	30.0	1.0	0.0	0.0003998606999714666
8821.0	30.0	1.0	0.0	0.0007756824493407665
8851.0	30.0	1.0	0.0	0.0006384826660155767
8881.0	30.0	1.0	0.0	0.00023174184163406001
8911.0	30.0	1.0	0.0	7.658411661782314e-05
8941.0	30.0	1.0	0.0	2.3824818929036455e-05
8971.0	30.0	1.0	0.0	1.0758694012959798e-05
9001.0	30.0	1.0	0.0	6.048060456911724e-06
9031.0	30.0	1.0	0.0	7.352998852729797e-06
9061.0	30.0	1.0	0.0	3.696811993916634e-05
9091.0	30.0	1.0	0.0	0.00015657600959138805
9121.0	30.0	1.0	0.0	0.0005421560923257999
9151.0	30.0	1.0	0.0	0.0006974306742349767
9181.0	30.0	1.0	0.0	0.0005843189239501435
9211.0	30.0	1.0	0.0	0.00033236885070796
9241.0	30.0	1.0	0.0	0.00019852116902664002
9271.0	30.0	1.0	0.0	7.338053385415873e-05
9301.0	30.0	1.0	0.0	3.3037567138671863e-05
9331.0	30.0	1.0	0.0	1.3275480767091112e-05
9361.0	30.0	1.0	0.0	7.37381527821223e-06
9391.0	30.0	1.0	0.0	5.866231520970663e-06
9421.0	30.0	1.0	0.0	1.8798394997913296e-05
9451.0	30.0	1.0	0.0	0.00016810824871060437
9481.0	30.0	1.0	0.0	0.0007818404197692398
9511.0	30.0	1.0	0.0	0.0009652503331501734
9541.0	30.0	1.0	0.0	0.00042322858174636993
9571.0	30.0	1.0	0.0	0.0018940546671549067
9601.0	30.0	1.0	0.0	0.0010341608683267834
9631.0	30.0	1.0	0.0	0.00014371287027991752
9661.0	30.0	1.0	0.0	4.056752522786458e-05
9691.0	30.0	1.0	0.0	1.6655424237251285e-05
9721.0	30.0	1.0	0.0	8.505686124165854e-06
9751.0	30.0	1.0	0.0	9.094414114952087e-06
9781.0	30.0	1.0	0.0	1.735363006591797e-05
9811.0	30.0	1.0	0.0	5.364511410394987e-05
9841.0	30.0	1.0	0.0	0.0006464198112487267
9871.0	30.0	1.0	0.0	0.002837141482035276
9901.0	30.0	1.0	0.0	0.0008880378723144168
9931.0	30.0	1.0	0.0	0.0024207605997720793
9961.0	30.0	1.0	0.0	0.0013175252278645401
9991.0	30.0	1.0	0.0	0.00018632965087888125
10021.0	30.0	1.0	0.0	4.495900472005208e-05
10051.0	30.0	1.0	0.0	1.621441741784414e-05
10081.0	30.0	1.0	0.0	8.455579479535421e-06
10111.0	30.0	1.0	0.0	7.2555343310038256e-06
10141.0	30.0	1.0	0.0	1.2174874544143676e-05
10171.0	30.0	1.0	0.0	0.0004894002974032922
10201.0	30.0	1.0	0.0	0.001550922997792513
10231.0	30.0	1.0	0.0	0.0012124930063882934
10261.0	30.0	1.0	0.0	0.0014748458862304263
10291.0	30.0	1.0	0.0	0.0023097691853840707
10321.0	30.0	1.0	0.0	0.0010349802652994333
10351.0	30.0	1.0	0.0	0.00025989837646478664
10381.0	30.0	1.0	0.0	6.331736246744333e-05
10411.0	30.0	1.0	0.0	1.9869610232611494e-05
10441.0	30.0	1.0	0.0	8.787831105291844e-06
10471.0	30.0	1.0	0.0	5.270023147265118e-06
10501.0	30.0	1.0	0.0	1.1898720264432307e-05
10531.0	30.0	1.0	0.0	5.0201833248135864e-05
10561.0	30.0	1.0	0.0	0.0007980122804641323
10591.0	30.0	1.0	0.0	0.0029574693044026237
10621.0	30.0	1.0	0.0	0.00333206532796221
10651.0	30.0	1.0	0.0	0.00078313751220698
10681.0	30.0	1.0	0.0	0.00011158091227211459
10711.0	30.0	1.0	0.0	4.176584879557293e-05
10741.0	30.0	1.0	0.0	2.445119222005208e-05
10771.0	30.0	1.0	0.0	1.2695312500000003e-05
10801.0	30.0	1.0	0.0	6.9767445325851446e-06
10831.0	30.0	1.0	0.0	6.454638640085856e-06
10861.0	30.0	1.0	0.0	6.1114380757013964e-06
10891.0	30.0	1.0	0.0	4.827604293822518e-05
10921.0	30.0	1.0	0.0	0.0002324423789977833
10951.0	30.0	1.0	0.0	0.0019107065200805135
10981.0	30.0	1.0	0.0	0.0027968452453612865
11011.0	30.0	1.0	0.0	0.0016177439371744368
11041.0	30.0	1.0	0.0	0.0003686147054036101
11071.0	30.0	1.0	0.0	9.552612304685705e-05
11101.0	30.0	1.0	0.0	5.366617838541668e-05
11131.0	30.0	1.0	0.0	2.4766031901041663e-05
11161.0	30.0	1.0	0.0	1.1244806150595346e-05
11191.0	30.0	1.0	0.0	6.1971947550773615e-06
11221.0	30.0	1.0	0.0	4.114485780398051e-06
11251.0	30.0	1.0	0.0	6.858015259105993e-05
11281.0	30.0	1.0	0.0	0.00010659036636350502
11311.0	30.0	1.0	0.0	0.00044275752703344326
11341.0	30.0	1.0	0.0	0.0007952969868977332
11371.0	30.0	1.0	0.0	0.00046431579589839014
11401.0	30.0	1.0	0.0	0.0006974849700927333
11431.0	30.0	1.0	0.0	0.00035865300496414667
11461.0	30.0	1.0	0.0	8.570124308266874e-05
11491.0	30.0	1.0	0.0	2.4438985188802085e-05
11521.0	30.0	1.0	0.0	9.860433389743168e-06
11551.0	30.0	1.0	0.0	6.043939540783563e-06
11581.0	30.0	1.0	0.0	3.820036848386129e-06
11611.0	30.0	1.0	0.0	1.979430417219798e-05
11641.0	30.0	1.0	0.0	0.0001706846157709384
11671.0	30.0	1.0	0.0	0.00103104346593216
11701.0	30.0	1.0	0.0	0.002462572733561147
11731.0	30.0	1.0	0.0	0.0018226552327473499
11761.0	30.0	1.0	0.0	0.0007021611531575101
11791.0	30.0	1.0	0.0	0.0001751988728840721
11821.0	30.0	1.0	0.0	6.957194010416208e-05
11851.0	30.0	1.0	0.0	2.507883707682292e-05
11881.0	30.0	1.0	0.0	1.1366854111353559e-05
11911.0	30.0	1.0	0.0	6.2901178995768235e-06
11941.0	30.0	1.0	0.0	4.6814511219654705e-05
11971.0	30.0	1.0	0.0	8.957680066425359e-05
12001.0	30.0	1.0	0.0	0.00020843855539951544
12031.0	30.0	1.0	0.0	0.0007806333541869601
12061.0	30.0	1.0	0.0	0.00228215141296382
12091.0	30.0	1.0	0.0	0.00265610504150386
12121.0	30.0	1.0	0.0	0.0009623326619465734
12151.0	30.0	1.0	0.0	0.00023277435302730993
12181.0	30.0	1.0	0.0	0.00011943766276038962
12211.0	30.0	1.0	0.0	2.965545654296876e-05
12241.0	30.0	1.0	0.0	1.1185245588421819e-05
12271.0	30.0	1.0	0.0	7.276721919576326e-06
12301.0	30.0	1.0	0.0	4.353800415992737e-06
12331.0	30.0	1.0	0.0	6.779327392576946e-05
12361.0	30.0	1.0	0.0	2.3097618420918783e-05
12391.0	30.0	1.0	0.0	0.0004829440991083442
12421.0	30.0	1.0	0.0	0.0022091562271117733
12451.0	30.0	1.0	0.0	0.002160766601562457
12481.0	30.0	1.0	0.0	0.0008602935791015166
12511.0	30.0	1.0	0.0	0.00030550181070959
12541.0	30.0	1.0	0.0	0.00010579071044919417
12571.0	30.0	1.0	0.0	2.7718098958333337e-05
12601.0	30.0	1.0	0.0	1.1323038736979166e-05
12631.0	30.0	1.0	0.0	6.230817238489787e-06
12661.0	30.0	1.0	0.0	4.0326793988545745e-06
12691.0	30.0	1.0	0.0	4.951840837796368e-05
12721.0	30.0	1.0	0.0	0.0005221316615740079
12751.0	30.0	1.0	0.0	0.0027742509841918394
12781.0	30.0	1.0	0.0	0.00148056182861324
12811.0	30.0	1.0	0.0	0.002447497558593714
12841.0	30.0	1.0	0.0	0.0015261891682942228
12871.0	30.0	1.0	0.0	0.00044141438802079334
12901.0	30.0	1.0	0.0	8.75111897786325e-05
12931.0	30.0	1.0	0.0	2.8961181640625e-05
12961.0	30.0	1.0	0.0	1.8732706705729167e-05
12991.0	30.0	1.0	0.0	9.070256849129996e-06
13021.0	30.0	1.0	0.0	6.0208246111869804e-06
13051.0	30.0	1.0	0.0	1.1570839087168375e-05
13081.0	30.0	1.0	0.0	0.00015202687581378446
13111.0	30.0	1.0	0.0	0.00030880983670547666
13141.0	30.0	1.0	0.0	0.0008807011604308666
13171.0	30.0	1.0	0.0	0.0020638777414957164
13201.0	30.0	1.0	0.0	0.0008249661763508633
13231.0	30.0	1.0	0.0	0.0007007870992024333
13261.0	30.0	1.0	0.0	0.00035224456787105
13291.0	30.0	1.0	0.0	0.00013272094726559625
13321.0	30.0	1.0	0.0	3.4078979492187514e-05
13351.0	30.0	1.0	0.0	1.461405704418818e-05
13381.0	30.0	1.0	0.0	8.329919477303821e-06
13411.0	30.0	1.0	0.0	5.397461851437888e-06
13441.0	30.0	1.0	0.0	0.00011437264879543205
13471.0	30.0	1.0	0.0	0.0004939629554748067
13501.0	30.0	1.0	0.0	0.003433496602376247
13531.0	30.0	1.0	0.0	0.00179033915201818
13561.0	30.0	1.0	0.0	0.0015185129801431768
13591.0	30.0	1.0	0.0	0.0006456985473632435
13621.0	30.0	1.0	0.0	0.00017632242838537003
13651.0	30.0	1.0	0.0	5.935312906901043e-05
13681.0	30.0	1.0	0.0	2.227071126302083e-05
13711.0	30.0	1.0	0.0	1.072544405857722e-05
13741.0	30.0	1.0	0.0	6.0564771294593814e-06
13771.0	30.0	1.0	0.0	1.9419170419371918e-05
13801.0	30.0	1.0	0.0	7.893666028975079e-05
13831.0	30.0	1.0	0.0	0.0011999825636545335
13861.0	30.0	1.0	0.0	0.003110756556192993
13891.0	30.0	1.0	0.0	0.0020737823486327565
13921.0	30.0	1.0	0.0	0.003493604532877566
13951.0	30.0	1.0	0.0	0.0016909362792968368
13981.0	30.0	1.0	0.0	0.0010293019612629866
14011.0	30.0	1.0	0.0	0.00020457255045569996
14041.0	30.0	1.0	0.0	3.93829345703125e-05
14071.0	30.0	1.0	0.0	1.4569944391647973e-05
14101.0	30.0	1.0	0.0	7.623897741238276e-06
14131.0	30.0	1.0	0.0	5.641516049702963e-06
14161.0	30.0	1.0	0.0	6.580323676267318e-05
14191.0	30.0	1.0	0.0	0.00038478436470027323
14221.0	30.0	1.0	0.0	0.0015422326087951165
14251.0	30.0	1.0	0.0	0.002597207387288364
14281.0	30.0	1.0	0.0	0.0018931971232095898
14311.0	30.0	1.0	0.0	0.0017047907511392897
14341.0	30.0	1.0	0.0	0.00074618225097652
14371.0	30.0	1.0	0.0	0.00013100992838539083
14401.0	30.0	1.0	0.0	4.414469401041668e-05
14431.0	30.0	1.0	0.0	1.9558862348397573e-05
14461.0	30.0	1.0	0.0	9.170512855052946e-06
14491.0	30.0	1.0	0.0	6.221137444178265e-06
14521.0	30.0	1.0	0.0	0.0001645812650521292
14551.0	30.0	1.0	0.0	0.00023219235738113338
14581.0	30.0	1.0	0.0	0.0020055752118428036
14611.0	30.0	1.0	0.0	0.0010422159830728633
14641.0	30.0	1.0	0.0	0.001408059438069617
14671.0	30.0	1.0	0.0	0.0012824707031249632
14701.0	30.0	1.0	0.0	0.00029408365885411666
14731.0	30.0	1.0	0.0	0.0001498560587564775
14761.0	30.0	1.0	0.0	5.117746988932292e-05
14791.0	30.0	1.0	0.0	2.0976765950520837e-05
14821.0	30.0	1.0	0.0	9.934714436531065e-06
14851.0	30.0	1.0	0.0	6.133013963699341e-06
14881.0	30.0	1.0	0.0	6.730479995409647e-06
14911.0	30.0	1.0	0.0	5.996055205662102e-05
14941.0	30.0	1.0	0.0	0.0010708620230356334
14971.0	30.0	1.0	0.0	0.0017470635732014536
15001.0	30.0	1.0	0.0	0.0014665000915526896
15031.0	30.0	1.0	0.0	0.00089523264567053
15061.0	30.0	1.0	0.0	0.00015145568847652502
15091.0	30.0	1.0	0.0	6.851908365885415e-05
15121.0	30.0	1.0	0.0	2.4273681640624993e-05
15151.0	30.0	1.0	0.0	1.0243225097656254e-05
15181.0	30.0	1.0	0.0	5.793814857800801e-06
15211.0	30.0	1.0	0.0	3.7943542003631594e-06
15241.0	30.0	1.0	0.0	0.00010541426440077431
15271.0	30.0	1.0	0.0	0.00046109066804245967
15301.0	30.0	1.0	0.0	0.0017584197362263498
15331.0	30.0	1.0	0.0	0.0010764292399088131
15361.0	30.0	1.0	0.0	0.0005995923360188367
15391.0	30.0	1.0	0.0	0.00157801437377925
15421.0	30.0	1.0	0.0	0.0012049708048502167
15451.0	30.0	1.0	0.0	0.00048801523844397004
15481.0	30.0	1.0	0.0	0.0001682947794595979
15511.0	30.0	1.0	0.0	4.561920166015625e-05
15541.0	30.0	1.0	0.0	1.7614894111951196e-05
15571.0	30.0	1.0	0.0	9.256526827812192e-06
15601.0	30.0	1.0	0.0	7.390687863032023e-06
15631.0	30.0	1.0	0.0	8.287266890207924e-06
15661.0	30.0	1.0	0.0	7.590117057163064e-05
15691.0	30.0	1.0	0.0	0.00020312376022336577
15721.0	30.0	1.0	0.0	0.0002486928621927467
15751.0	30.0	1.0	0.0	0.0012223629633585132
15781.0	30.0	1.0	0.0	0.000913763046264597
15811.0	30.0	1.0	0.0	0.0004541450500487765
15841.0	30.0	1.0	0.0	0.00015388488769527562
15871.0	30.0	1.0	0.0	4.144694010416667e-05
15901.0	30.0	1.0	0.0	1.5499179065227512e-05
15931.0	30.0	1.0	0.0	7.882000505924224e-06
15961.0	30.0	1.0	0.0	1.7903657754259273e-05
15991.0	30.0	1.0	0.0	9.29982443650452e-05
16021.0	30.0	1.0	0.0	5.193201700846354e-05
16051.0	30.0	1.0	0.0	7.417543729145762e-05
16081.0	30.0	1.0	0.0	0.00026275126139318664
16111.0	30.0	1.0	0.0	0.00015480658213291997
16141.0	30.0	1.0	0.0	0.00042387975056960343
16171.0	30.0	1.0	0.0	0.00017786445617670946
16201.0	30.0	1.0	0.0	5.632108052571614e-05
16231.0	30.0	1.0	0.0	2.1106465657552093e-05
16261.0	30.0	1.0	0.0	9.62513821820418e-06
16291.0	30.0	1.0	0.0	5.510320886969567e-06
16321.0	30.0	1.0	0.0	2.5134931008018197e-05
16351.0	30.0	1.0	0.0	3.423985044161331e-05
16381.0	30.0	1.0	0.0	0.0004675483226775566
16411.0	30.0	1.0	0.0	0.0024552407582600438
16441.0	30.0	1.0	0.0	0.0022114168802896696
16471.0	30.0	1.0	0.0	0.002574166361490843
16501.0	30.0	1.0	0.0	0.0027414220174153264
16531.0	30.0	1.0	0.0	0.0008130157470702698
16561.0	30.0	1.0	0.0	0.00014274291992185498
16591.0	30.0	1.0	0.0	3.2434082031249985e-05
16621.0	30.0	1.0	0.0	1.3194379707177482e-05
16651.0	30.0	1.0	0.0	6.852514545122783e-06
16681.0	30.0	1.0	0.0	4.525053004423776e-06
16711.0	30.0	1.0	0.0	3.821103970209398e-05
16741.0	30.0	1.0	0.0	0.0002543302853901797
16771.0	30.0	1.0	0.0	0.0004791952451069567
16801.0	30.0	1.0	0.0	0.0016640878041584801
16831.0	30.0	1.0	0.0	0.0013569628397623267
16861.0	30.0	1.0	0.0	0.0004905275980631032
16891.0	30.0	1.0	0.0	0.0005457814534504667
16921.0	30.0	1.0	0.0	0.0003383076985676566
16951.0	30.0	1.0	0.0	7.195027669269752e-05
16981.0	30.0	1.0	0.0	2.4147542317708334e-05
17011.0	30.0	1.0	0.0	1.3506122430165607e-05
17041.0	30.0	1.0	0.0	8.763404687245687e-06
17071.0	30.0	1.0	0.0	2.80971844991026e-05
17101.0	30.0	1.0	0.0	7.242306073505233e-05
17131.0	30.0	1.0	0.0	0.00020445590813949083
17161.0	30.0	1.0	0.0	0.001094223944346063
17191.0	30.0	1.0	0.0	0.0025569358825683138
17221.0	30.0	1.0	0.0	0.0017303525288899298
17251.0	30.0	1.0	0.0	0.00131792348225907
17281.0	30.0	1.0	0.0	0.0001632334391275791
17311.0	30.0	1.0	0.0	3.739217122395833e-05
17341.0	30.0	1.0	0.0	1.689605712890625e-05
17371.0	30.0	1.0	0.0	8.474300305048627e-06
17401.0	30.0	1.0	0.0	5.205682913462321e-06
17431.0	30.0	1.0	0.0	5.2760889132812796e-05
17461.0	30.0	1.0	0.0	0.0001861576199531317
17491.0	30.0	1.0	0.0	0.0008585755189259299
17521.0	30.0	1.0	0.0	0.0019252988179524234
17551.0	30.0	1.0	0.0	0.003068978118896433
17581.0	30.0	1.0	0.0	0.0018865814208983932
17611.0	30.0	1.0	0.0	0.00035119527180985327
17641.0	30.0	1.0	0.0	0.00018035227457677665
17671.0	30.0	1.0	0.0	6.752624511718709e-05
17701.0	30.0	1.0	0.0	2.475179036458333e-05
17731.0	30.0	1.0	0.0	1.0850369930267332e-05
17761.0	30.0	1.0	0.0	8.322304487228395e-06
17791.0	30.0	1.0	0.0	3.320001959800522e-05
17821.0	30.0	1.0	0.0	2.419203917185465e-05
17851.0	30.0	1.0	0.0	0.0001148084084192647
17881.0	30.0	1.0	0.0	0.00073121418952937
17911.0	30.0	1.0	0.0	0.0017320042928059504
17941.0	30.0	1.0	0.0	0.002635049184163367
17971.0	30.0	1.0	0.0	0.0005447347005208
18001.0	30.0	1.0	0.0	0.0003025919596353766
18031.0	30.0	1.0	0.0	7.747751871743248e-05
18061.0	30.0	1.0	0.0	2.050984700520834e-05
18091.0	30.0	1.0	0.0	1.035891150434812e-05
18121.0	30.0	1.0	0.0	6.413009017705917e-06
18151.0	30.0	1.0	0.0	1.883222063382172e-05
18181.0	30.0	1.0	0.0	8.115682800609405e-05
18211.0	30.0	1.0	0.0	7.762274742125393e-05
18241.0	22.0	1.0	0.0	0.0006035716750404545
