stress_period	sp_length	time_step	study (0 : TS or 1 : SS)	rech
0.0	1.0	1.0	1.0	0.0001745170932347659
1.0	15.0	1.0	0.0	4.4091979662577315e-06
16.0	15.0	1.0	0.0	2.7693907419840493e-06
31.0	15.0	1.0	0.0	2.492475509643555e-06
46.0	15.0	1.0	0.0	2.317929267883301e-06
61.0	15.0	1.0	0.0	2.1440585454305005e-06
76.0	15.0	1.0	0.0	1.9639571507771806e-06
91.0	15.0	1.0	0.0	3.816191355387369e-06
106.0	15.0	1.0	0.0	2.6804367701212565e-06
121.0	15.0	1.0	0.0	5.705324808756511e-06
136.0	15.0	1.0	0.0	8.606266975402831e-06
151.0	15.0	1.0	0.0	3.6578575770060223e-06
166.0	15.0	1.0	0.0	2.119239171346029e-06
181.0	15.0	1.0	0.0	5.203708012898764e-06
196.0	15.0	1.0	0.0	1.8063545227050787e-06
211.0	15.0	1.0	0.0	1.4236792922019958e-06
226.0	15.0	1.0	0.0	1.2538785735766093e-06
241.0	15.0	1.0	0.0	1.1334940791130067e-06
256.0	15.0	1.0	0.0	0.00036486397087571597
271.0	15.0	1.0	0.0	2.116336822509716e-05
286.0	15.0	1.0	0.0	0.00053871189753208
301.0	15.0	1.0	0.0	0.00015532118479407334
316.0	15.0	1.0	0.0	0.0004312740325927157
331.0	15.0	1.0	0.0	0.00032868385314936
346.0	15.0	1.0	0.0	0.00032755254109696
361.0	15.0	1.0	0.0	0.00027845865885411334
376.0	15.0	1.0	0.0	0.00017438888549800666
391.0	15.0	1.0	0.0	0.00034758860270178
406.0	15.0	1.0	0.0	0.0007451695760090799
421.0	15.0	1.0	0.0	0.0002789609273274266
436.0	15.0	1.0	0.0	0.0001295402526855
451.0	15.0	1.0	0.0	9.60014343261529e-05
466.0	15.0	1.0	0.0	7.2857666015625e-05
481.0	15.0	1.0	0.0	4.150187174479166e-05
496.0	15.0	1.0	0.0	2.359263102213542e-05
511.0	15.0	1.0	0.0	1.525828043619792e-05
526.0	15.0	1.0	0.0	1.0148620605468749e-05
541.0	15.0	1.0	0.0	7.025655110677083e-06
556.0	15.0	1.0	0.0	5.327860514322917e-06
571.0	15.0	1.0	0.0	4.099754864970844e-06
586.0	15.0	1.0	0.0	3.3002968877553944e-06
601.0	15.0	1.0	0.0	2.735797067483266e-06
616.0	15.0	1.0	0.0	0.00021558225204543554
631.0	15.0	1.0	0.0	0.0001255747000376129
646.0	15.0	1.0	0.0	0.0001608707427978192
661.0	15.0	1.0	0.0	0.0002183798472086
676.0	15.0	1.0	0.0	9.565957387286434e-05
691.0	15.0	1.0	0.0	0.0005100329717000159
706.0	15.0	1.0	0.0	0.0007765483856200665
721.0	15.0	1.0	0.0	0.0004853871663411066
736.0	15.0	1.0	0.0	0.00027079874674474665
751.0	15.0	1.0	0.0	0.00016208877563471334
766.0	15.0	1.0	0.0	9.521509806312688e-05
781.0	15.0	1.0	0.0	5.9704335530598954e-05
796.0	15.0	1.0	0.0	8.06556701660104e-05
811.0	15.0	1.0	0.0	0.00013037185668938667
826.0	15.0	1.0	0.0	8.082478841145022e-05
841.0	15.0	1.0	0.0	4.454193115234375e-05
856.0	15.0	1.0	0.0	2.74993896484375e-05
871.0	15.0	1.0	0.0	1.6931915283203122e-05
886.0	15.0	1.0	0.0	1.0365804036458332e-05
901.0	15.0	1.0	0.0	6.969706217447918e-06
916.0	15.0	1.0	0.0	5.156199137369791e-06
931.0	15.0	1.0	0.0	4.317798061917226e-06
946.0	15.0	1.0	0.0	3.3305932146807507e-06
961.0	15.0	1.0	0.0	2.7672621111075084e-06
976.0	15.0	1.0	0.0	2.320651213328044e-06
991.0	15.0	1.0	0.0	4.215244452158129e-05
1006.0	15.0	1.0	0.0	0.00039753727118171575
1021.0	15.0	1.0	0.0	0.0008068833669026201
1036.0	15.0	1.0	0.0	0.0008032770792642733
1051.0	15.0	1.0	0.0	0.0003990119934081533
1066.0	15.0	1.0	0.0	0.0017482533772786068
1081.0	15.0	1.0	0.0	0.002531500498453727
1096.0	15.0	1.0	0.0	0.0025517186482746927
1111.0	15.0	1.0	0.0	0.0008728505452473534
1126.0	15.0	1.0	0.0	0.00047856852213536664
1141.0	15.0	1.0	0.0	0.0005200317382812134
1156.0	15.0	1.0	0.0	0.00080205891927078
1171.0	15.0	1.0	0.0	0.00045169576009109326
1186.0	15.0	1.0	0.0	0.00018718872070308
1201.0	15.0	1.0	0.0	0.00010711568196611752
1216.0	15.0	1.0	0.0	5.8404541015625e-05
1231.0	15.0	1.0	0.0	7.543843587239084e-05
1246.0	15.0	1.0	0.0	3.0014038085937498e-05
1261.0	15.0	1.0	0.0	1.6225179036458332e-05
1276.0	15.0	1.0	0.0	1.0685221354166666e-05
1291.0	15.0	1.0	0.0	1.898193359375e-05
1306.0	15.0	1.0	0.0	7.139208416144054e-06
1321.0	15.0	1.0	0.0	5.43392648299535e-06
1336.0	15.0	1.0	0.0	4.307846228281657e-06
1351.0	15.0	1.0	0.0	7.931216557820639e-06
1366.0	15.0	1.0	0.0	3.1633675098408254e-05
1381.0	15.0	1.0	0.0	0.00012022666533785588
1396.0	15.0	1.0	0.0	0.00047995772361753643
1411.0	15.0	1.0	0.0	0.0002193908691405733
1426.0	15.0	1.0	0.0	0.0002522549311319466
1441.0	15.0	1.0	0.0	0.0002847104390461733
1456.0	15.0	1.0	0.0	0.0003123338063557467
1471.0	15.0	1.0	0.0	0.00024317563374832673
1486.0	15.0	1.0	0.0	0.00014879442850744667
1501.0	15.0	1.0	0.0	0.000108236058553
1516.0	15.0	1.0	0.0	9.673029581704145e-05
1531.0	15.0	1.0	0.0	7.224349975585938e-05
1546.0	15.0	1.0	0.0	5.6596883138020834e-05
1561.0	15.0	1.0	0.0	4.708506266276041e-05
1576.0	15.0	1.0	0.0	3.1174468994140625e-05
1591.0	15.0	1.0	0.0	3.3541870117182715e-05
1606.0	15.0	1.0	0.0	1.441650390625e-05
1621.0	15.0	1.0	0.0	9.002176920572916e-06
1636.0	15.0	1.0	0.0	6.628926595052083e-06
1651.0	15.0	1.0	0.0	6.0691833496080205e-05
1666.0	15.0	1.0	0.0	7.016844550768535e-06
1681.0	15.0	1.0	0.0	4.254079858462015e-06
1696.0	15.0	1.0	0.0	3.2491127649943037e-06
1711.0	15.0	1.0	0.0	2.701248725255331e-06
1726.0	15.0	1.0	0.0	0.00016733036637303931
1741.0	15.0	1.0	0.0	0.000260563309987365
1756.0	15.0	1.0	0.0	1.9307072957356773e-05
1771.0	15.0	1.0	0.0	9.312540690102514e-05
1786.0	15.0	1.0	0.0	6.789550781249412e-05
1801.0	15.0	1.0	0.0	0.0003488627115884867
1816.0	15.0	1.0	0.0	0.0002817201614379467
1831.0	15.0	1.0	0.0	0.00018687833150222668
1846.0	15.0	1.0	0.0	0.00013116480509434668
1861.0	15.0	1.0	0.0	8.013038635253907e-05
1876.0	15.0	1.0	0.0	5.543899536132812e-05
1891.0	15.0	1.0	0.0	8.277638753254428e-05
1906.0	15.0	1.0	0.0	0.00011021601359045175
1921.0	15.0	1.0	0.0	8.142115275065104e-05
1936.0	15.0	1.0	0.0	5.2014541625976566e-05
1951.0	15.0	1.0	0.0	2.8191375732421872e-05
1966.0	15.0	1.0	0.0	1.6087849934895834e-05
1981.0	15.0	1.0	0.0	1.026293436686198e-05
1996.0	15.0	1.0	0.0	6.9974263509114585e-06
2011.0	15.0	1.0	0.0	5.117670694986978e-06
2026.0	15.0	1.0	0.0	4.017846565693616e-06
2041.0	15.0	1.0	0.0	3.253067005425692e-06
2056.0	15.0	1.0	0.0	2.6599042117595678e-06
2071.0	15.0	1.0	0.0	0.00028123720735307746
2086.0	15.0	1.0	0.0	0.00011304121017454257
2101.0	15.0	1.0	0.0	1.7065620422363282e-05
2116.0	15.0	1.0	0.0	1.2254937489827474e-05
2131.0	15.0	1.0	0.0	1.8944295247395834e-05
2146.0	15.0	1.0	0.0	2.8118832906087237e-05
2161.0	15.0	1.0	0.0	1.6740131378173828e-05
2176.0	15.0	1.0	0.0	1.4482816060384112e-05
2191.0	15.0	1.0	0.0	0.0005213231722513403
2206.0	15.0	1.0	0.0	0.00022020886739089338
2221.0	15.0	1.0	0.0	0.00012622807820633874
2236.0	15.0	1.0	0.0	0.00014059906005857407
2251.0	15.0	1.0	0.0	0.0003034478505451866
2266.0	15.0	1.0	0.0	0.0003024763743082266
2281.0	15.0	1.0	0.0	0.00012042261759436334
2296.0	15.0	1.0	0.0	6.242726643880208e-05
2311.0	15.0	1.0	0.0	3.8407897949218745e-05
2326.0	15.0	1.0	0.0	2.1908315022786456e-05
2341.0	15.0	1.0	0.0	1.6202799479166664e-05
2356.0	15.0	1.0	0.0	9.403737386067708e-06
2371.0	15.0	1.0	0.0	6.646474202473958e-06
2386.0	15.0	1.0	0.0	5.5419921875e-06
2401.0	15.0	1.0	0.0	5.571237206459044e-06
2416.0	15.0	1.0	0.0	2.8530230124785648e-05
2431.0	15.0	1.0	0.0	2.9556639989207323e-05
2446.0	15.0	1.0	0.0	6.341485182444255e-06
2461.0	15.0	1.0	0.0	3.1904697418212887e-06
2476.0	15.0	1.0	0.0	2.546954154968262e-06
2491.0	15.0	1.0	0.0	0.00018159182866413025
2506.0	15.0	1.0	0.0	0.00024472928047175076
2521.0	15.0	1.0	0.0	4.390439987182617e-05
2536.0	15.0	1.0	0.0	6.505864461263021e-05
2551.0	15.0	1.0	0.0	5.5553372701009115e-05
2566.0	15.0	1.0	0.0	5.639565785725912e-05
2581.0	15.0	1.0	0.0	6.099732716878255e-05
2596.0	15.0	1.0	0.0	5.169893900553386e-05
2611.0	15.0	1.0	0.0	8.859062194823077e-05
2626.0	15.0	1.0	0.0	7.97739028930664e-05
2641.0	15.0	1.0	0.0	4.3455441792805996e-05
2656.0	15.0	1.0	0.0	2.6356061299641923e-05
2671.0	15.0	1.0	0.0	3.616816202799115e-05
2686.0	15.0	1.0	0.0	2.0319112141927085e-05
2701.0	15.0	1.0	0.0	1.5714391072591142e-05
2716.0	15.0	1.0	0.0	1.1651738484700524e-05
2731.0	15.0	1.0	0.0	7.813898722330728e-06
2746.0	15.0	1.0	0.0	7.468032836914062e-06
2761.0	15.0	1.0	0.0	4.991503184040387e-06
2776.0	15.0	1.0	0.0	3.860513245066007e-06
2791.0	15.0	1.0	0.0	3.1315689285596213e-06
2806.0	15.0	1.0	0.0	3.160964449246724e-06
2821.0	15.0	1.0	0.0	0.0004045050273338822
2836.0	15.0	1.0	0.0	0.0009514474868773934
2851.0	15.0	1.0	0.0	0.0007172819773355666
2866.0	15.0	1.0	0.0	0.00033070398966466674
2881.0	15.0	1.0	0.0	0.00021600011189773995
2896.0	15.0	1.0	0.0	0.00013732528686519332
2911.0	15.0	1.0	0.0	0.00012111231485996667
2926.0	15.0	1.0	0.0	0.00027047983805334
2941.0	15.0	1.0	0.0	0.0014016693115234064
2956.0	15.0	1.0	0.0	0.00182523600260412
2971.0	15.0	1.0	0.0	0.0005190093994140199
2986.0	15.0	1.0	0.0	0.00022376098632807335
3001.0	15.0	1.0	0.0	0.00012090911865231543
3016.0	15.0	1.0	0.0	6.777140299479167e-05
3031.0	15.0	1.0	0.0	3.812204996744792e-05
3046.0	15.0	1.0	0.0	2.359059651692708e-05
3061.0	15.0	1.0	0.0	1.453857421875e-05
3076.0	15.0	1.0	0.0	9.766642252604165e-06
3091.0	15.0	1.0	0.0	6.825764973958333e-06
3106.0	15.0	1.0	0.0	5.05828857421875e-06
3121.0	15.0	1.0	0.0	3.966824694847067e-06
3136.0	15.0	1.0	0.0	3.2087723569323624e-06
3151.0	15.0	1.0	0.0	2.692509690920512e-06
3166.0	15.0	1.0	0.0	2.235410114129384e-06
3181.0	15.0	1.0	0.0	1.9269059101740523e-06
3196.0	15.0	1.0	0.0	1.692959666252136e-06
3211.0	15.0	1.0	0.0	1.5460312366485597e-06
3226.0	15.0	1.0	0.0	1.4246642589569093e-06
3241.0	15.0	1.0	0.0	2.766790986061096e-06
3256.0	15.0	1.0	0.0	3.4249107042948406e-06
3271.0	15.0	1.0	0.0	3.1574269135793055e-06
3286.0	15.0	1.0	0.0	2.782509724299113e-06
3301.0	15.0	1.0	0.0	3.908853729564371e-05
3316.0	15.0	1.0	0.0	0.00016748354434964797
3331.0	15.0	1.0	0.0	0.00023235928217567078
3346.0	15.0	1.0	0.0	0.00012037944793699095
3361.0	15.0	1.0	0.0	5.737590789794922e-05
3376.0	15.0	1.0	0.0	4.2576408386230466e-05
3391.0	15.0	1.0	0.0	2.4375534057617184e-05
3406.0	15.0	1.0	0.0	0.00018750603993732053
3421.0	15.0	1.0	0.0	2.4358240763346352e-05
3436.0	15.0	1.0	0.0	1.423384348551432e-05
3451.0	15.0	1.0	0.0	8.886337280273437e-06
3466.0	15.0	1.0	0.0	8.535448710123698e-06
3481.0	15.0	1.0	0.0	5.727005004882812e-06
3496.0	15.0	1.0	0.0	4.2189632852872215e-06
3511.0	15.0	1.0	0.0	3.915434579054514e-06
3526.0	15.0	1.0	0.0	2.9759585857391357e-06
3541.0	15.0	1.0	0.0	2.54085659980774e-06
3556.0	15.0	1.0	0.0	2.1101176738739012e-06
3571.0	15.0	1.0	0.0	2.2425860166549687e-06
3586.0	15.0	1.0	0.0	3.4550348917643227e-06
3601.0	15.0	1.0	0.0	1.4867170651753747e-05
3616.0	15.0	1.0	0.0	0.00011653156280516669
3631.0	15.0	1.0	0.0	0.0008173446337381533
3646.0	15.0	1.0	0.0	0.0005618534723917134
3661.0	15.0	1.0	0.0	0.0004559762318928534
3676.0	15.0	1.0	0.0	0.0005372352600097201
3691.0	15.0	1.0	0.0	0.00027808863321935327
3706.0	15.0	1.0	0.0	0.00020042826334631334
3721.0	15.0	1.0	0.0	0.00016240234374995333
3736.0	15.0	1.0	0.0	0.00017877451578772666
3751.0	15.0	1.0	0.0	0.00011059672037758314
3766.0	15.0	1.0	0.0	5.433273315429688e-05
3781.0	15.0	1.0	0.0	4.756749471028063e-05
3796.0	15.0	1.0	0.0	5.641810099283437e-05
3811.0	15.0	1.0	0.0	2.1217854817708334e-05
3826.0	15.0	1.0	0.0	1.287841796875e-05
3841.0	15.0	1.0	0.0	1.078618367513021e-05
3856.0	15.0	1.0	0.0	7.268838087717691e-06
3871.0	15.0	1.0	0.0	5.212258795897165e-06
3886.0	15.0	1.0	0.0	4.065001507600149e-06
3901.0	15.0	1.0	0.0	3.5301615794499716e-06
3916.0	15.0	1.0	0.0	3.2228022813797003e-06
3931.0	15.0	1.0	0.0	0.00010465389490125941
3946.0	15.0	1.0	0.0	0.000113082297643012
3961.0	15.0	1.0	0.0	5.151308377583027e-05
3976.0	15.0	1.0	0.0	2.0740795135498044e-05
3991.0	15.0	1.0	0.0	2.135674158732096e-05
4006.0	15.0	1.0	0.0	5.4609680175770956e-05
4021.0	15.0	1.0	0.0	7.213417689004883e-05
4036.0	15.0	1.0	0.0	4.767370223999022e-05
4051.0	15.0	1.0	0.0	0.00011149587631222224
4066.0	15.0	1.0	0.0	0.00010262260437008803
4081.0	15.0	1.0	0.0	9.241695404052413e-05
4096.0	15.0	1.0	0.0	0.00039020099639887335
4111.0	15.0	1.0	0.0	0.00022501602172847332
4126.0	15.0	1.0	0.0	0.00012927106221511333
4141.0	15.0	1.0	0.0	7.844187418619144e-05
4156.0	15.0	1.0	0.0	3.8421249389648435e-05
4171.0	15.0	1.0	0.0	2.1971257527669274e-05
4186.0	15.0	1.0	0.0	1.282819112141927e-05
4201.0	15.0	1.0	0.0	1.9779713948561872e-05
4216.0	15.0	1.0	0.0	7.79571533203125e-06
4231.0	15.0	1.0	0.0	5.441577732563019e-06
4246.0	15.0	1.0	0.0	4.227194686730703e-06
4261.0	15.0	1.0	0.0	3.4138133128484088e-06
4276.0	15.0	1.0	0.0	3.6928117275238034e-06
4291.0	15.0	1.0	0.0	1.1741582552591959e-05
4306.0	15.0	1.0	0.0	3.827850023905437e-06
4321.0	15.0	1.0	0.0	4.91940975189209e-06
4336.0	15.0	1.0	0.0	0.00010211348136264496
4351.0	15.0	1.0	0.0	0.00014930903116859806
4366.0	15.0	1.0	0.0	0.001005076726277613
4381.0	15.0	1.0	0.0	0.00096370671590164
4396.0	15.0	1.0	0.0	0.0004619056701659667
4411.0	15.0	1.0	0.0	0.0003834826151529467
4426.0	15.0	1.0	0.0	0.0003212109883625733
4441.0	15.0	1.0	0.0	0.0006096651713053
4456.0	15.0	1.0	0.0	0.0002837448120116733
4471.0	15.0	1.0	0.0	0.00012793426513667332
4486.0	15.0	1.0	0.0	7.796071370442709e-05
4501.0	15.0	1.0	0.0	4.758758544921875e-05
4516.0	15.0	1.0	0.0	0.00010081685384114042
4531.0	15.0	1.0	0.0	0.00010182495117186209
4546.0	15.0	1.0	0.0	4.550069173177082e-05
4561.0	15.0	1.0	0.0	2.542012532552084e-05
4576.0	15.0	1.0	0.0	1.5705362955729168e-05
4591.0	15.0	1.0	0.0	1.0282534360885619e-05
4606.0	15.0	1.0	0.0	1.3971779743830365e-05
4621.0	15.0	1.0	0.0	6.332590182622275e-06
4636.0	15.0	1.0	0.0	4.835530122121175e-06
4651.0	15.0	1.0	0.0	0.00028172920743622226
4666.0	15.0	1.0	0.0	0.00035792808532710327
4681.0	15.0	1.0	0.0	0.00023157024383540007
4696.0	15.0	1.0	0.0	0.00018614101409908666
4711.0	15.0	1.0	0.0	0.00011661504109696198
4726.0	15.0	1.0	0.0	7.407391866048179e-05
4741.0	15.0	1.0	0.0	5.888811747233072e-05
4756.0	15.0	1.0	0.0	5.863596598307292e-05
4771.0	15.0	1.0	0.0	6.378746032714614e-05
4786.0	15.0	1.0	0.0	9.181111653643833e-05
4801.0	15.0	1.0	0.0	8.6067581176753e-05
4816.0	15.0	1.0	0.0	5.44775644938151e-05
4831.0	15.0	1.0	0.0	3.225224812825521e-05
4846.0	15.0	1.0	0.0	2.0706812540690105e-05
4861.0	15.0	1.0	0.0	1.4879735310872394e-05
4876.0	15.0	1.0	0.0	1.9149525960286455e-05
4891.0	15.0	1.0	0.0	2.4604034423823337e-05
4906.0	15.0	1.0	0.0	1.1132558186848959e-05
4921.0	15.0	1.0	0.0	6.440353393554688e-06
4936.0	15.0	1.0	0.0	4.7576904296875e-06
4951.0	15.0	1.0	0.0	4.988768075903256e-06
4966.0	15.0	1.0	0.0	3.5047239313522973e-06
4981.0	15.0	1.0	0.0	3.8456469774246216e-06
4996.0	15.0	1.0	0.0	2.657856543858846e-06
5011.0	15.0	1.0	0.0	2.115552624066671e-06
5026.0	15.0	1.0	0.0	5.057141184806823e-06
5041.0	15.0	1.0	0.0	1.1975610256195068e-05
5056.0	15.0	1.0	0.0	0.0008063757658004486
5071.0	15.0	1.0	0.0	0.00024000517527256667
5086.0	15.0	1.0	0.0	0.00048387756347652007
5101.0	15.0	1.0	0.0	0.0007359200795491
5116.0	15.0	1.0	0.0	0.0027655036926269067
5131.0	15.0	1.0	0.0	0.001612229410807233
5146.0	15.0	1.0	0.0	0.0006354507446288531
5161.0	15.0	1.0	0.0	0.0010050903320312067
5176.0	15.0	1.0	0.0	0.0007797851562499468
5191.0	15.0	1.0	0.0	0.00029064127604161997
5206.0	15.0	1.0	0.0	0.00014423217773433335
5221.0	15.0	1.0	0.0	7.678527832030916e-05
5236.0	15.0	1.0	0.0	4.4537353515625e-05
5251.0	15.0	1.0	0.0	2.4769083658854166e-05
5266.0	15.0	1.0	0.0	1.5104166666666665e-05
5281.0	15.0	1.0	0.0	1.0245768229166668e-05
5296.0	15.0	1.0	0.0	7.137044270833334e-06
5311.0	15.0	1.0	0.0	5.367024739583333e-06
5326.0	15.0	1.0	0.0	0.00047260103225705365
5341.0	15.0	1.0	0.0	2.9677391052246097e-05
5356.0	15.0	1.0	0.0	1.4630794525146484e-05
5371.0	15.0	1.0	0.0	1.4427725474039713e-05
5386.0	15.0	1.0	0.0	1.423495610555013e-05
5401.0	15.0	1.0	0.0	1.8480459849039716e-05
5416.0	15.0	1.0	0.0	0.00010073162714639267
5431.0	15.0	1.0	0.0	5.4409281412755465e-05
5446.0	15.0	1.0	0.0	4.367059071858724e-05
5461.0	15.0	1.0	0.0	8.368028004961818e-05
5476.0	15.0	1.0	0.0	0.00010001118977862369
5491.0	15.0	1.0	0.0	0.00025597610473627336
5506.0	15.0	1.0	0.0	0.00094540214538568
5521.0	15.0	1.0	0.0	0.0005054754892984467
5536.0	15.0	1.0	0.0	0.00038855361938471326
5551.0	15.0	1.0	0.0	0.0004587621053059533
5566.0	15.0	1.0	0.0	0.00043557281494136657
5581.0	15.0	1.0	0.0	0.00025293350219721334
5596.0	15.0	1.0	0.0	0.0001052258809407296
5611.0	15.0	1.0	0.0	4.5539855957031246e-05
5626.0	15.0	1.0	0.0	2.4992370605468755e-05
5641.0	15.0	1.0	0.0	1.516571044921875e-05
5656.0	15.0	1.0	0.0	9.940083821614583e-06
5671.0	15.0	1.0	0.0	6.9620768229166665e-06
5686.0	15.0	1.0	0.0	7.143205900986989e-06
5701.0	15.0	1.0	0.0	4.815747837225596e-06
5716.0	15.0	1.0	0.0	3.794818123181661e-06
5731.0	15.0	1.0	0.0	7.066945036251528e-05
5746.0	15.0	1.0	0.0	2.4559044837946256e-05
5761.0	15.0	1.0	0.0	2.3066862424214687e-05
5776.0	15.0	1.0	0.0	1.1279439926147462e-05
5791.0	15.0	1.0	0.0	1.3340775171915692e-05
5806.0	15.0	1.0	0.0	1.0085868835449218e-05
5821.0	15.0	1.0	0.0	0.0003526393572488993
5836.0	15.0	1.0	0.0	0.0003590846697488799
5851.0	15.0	1.0	0.0	0.00022994518280023335
5866.0	15.0	1.0	0.0	0.00022672932942703337
5881.0	15.0	1.0	0.0	0.00037032038370763326
5896.0	15.0	1.0	0.0	0.0005974140167235933
5911.0	15.0	1.0	0.0	0.0010667701721190934
5926.0	15.0	1.0	0.0	0.0008711318969725935
5941.0	15.0	1.0	0.0	0.00059162851969396
5956.0	15.0	1.0	0.0	0.00016722056070960124
5971.0	15.0	1.0	0.0	5.754954020182291e-05
5986.0	15.0	1.0	0.0	3.814900716145833e-05
6001.0	15.0	1.0	0.0	1.8713378906250002e-05
6016.0	15.0	1.0	0.0	1.1968485514322918e-05
6031.0	15.0	1.0	0.0	0.00012262980143228376
6046.0	15.0	1.0	0.0	1.0065369556347527e-05
6061.0	15.0	1.0	0.0	1.0534042368332542e-05
6076.0	15.0	1.0	0.0	6.181731820106507e-06
6091.0	15.0	1.0	0.0	4.594441254933675e-06
6106.0	15.0	1.0	0.0	3.6845584710439043e-06
6121.0	15.0	1.0	0.0	3.064189354578654e-06
6136.0	15.0	1.0	0.0	0.0010405143797397212
6151.0	15.0	1.0	0.0	0.001604544067382753
6166.0	15.0	1.0	0.0	0.0007028101603189599
6181.0	15.0	1.0	0.0	0.0003757830301920066
6196.0	15.0	1.0	0.0	0.0003104715983072266
6211.0	15.0	1.0	0.0	0.00034614995320633995
6226.0	15.0	1.0	0.0	0.0004890213012694934
6241.0	15.0	1.0	0.0	0.0003981842041015134
6256.0	15.0	1.0	0.0	0.0002422266642252067
6271.0	15.0	1.0	0.0	0.0004875106811523
6286.0	15.0	1.0	0.0	0.0003942667643228667
6301.0	15.0	1.0	0.0	0.00020348205566400005
6316.0	15.0	1.0	0.0	8.851216634113581e-05
6331.0	15.0	1.0	0.0	4.129536946614583e-05
6346.0	15.0	1.0	0.0	2.24395751953125e-05
6361.0	15.0	1.0	0.0	1.3671366373697917e-05
6376.0	15.0	1.0	0.0	8.847554524739583e-06
6391.0	15.0	1.0	0.0	7.689921061197918e-06
6406.0	15.0	1.0	0.0	5.513000488281249e-06
6421.0	15.0	1.0	0.0	4.134989778200785e-06
6436.0	15.0	1.0	0.0	3.3217286070187885e-06
6451.0	15.0	1.0	0.0	2.7499035000801087e-06
6466.0	15.0	1.0	0.0	2.3302604754765825e-06
6481.0	15.0	1.0	0.0	2.076248327891032e-06
6496.0	15.0	1.0	0.0	1.8554310003916423e-06
6511.0	15.0	1.0	0.0	4.847736159960429e-06
6526.0	15.0	1.0	0.0	2.6371796925862634e-05
6541.0	15.0	1.0	0.0	0.00021457028786337956
6556.0	15.0	1.0	0.0	0.00016867884000139102
6571.0	15.0	1.0	0.0	0.00010213578542071505
6586.0	15.0	1.0	0.0	9.185018539427992e-05
6601.0	15.0	1.0	0.0	0.00011773834228511623
6616.0	15.0	1.0	0.0	8.299566904703777e-05
6631.0	15.0	1.0	0.0	5.960489908854166e-05
6646.0	15.0	1.0	0.0	4.29473876953125e-05
6661.0	15.0	1.0	0.0	3.474362691243489e-05
6676.0	15.0	1.0	0.0	3.553695678710938e-05
6691.0	15.0	1.0	0.0	3.228734334309896e-05
6706.0	15.0	1.0	0.0	1.9714546203613275e-05
6721.0	15.0	1.0	0.0	1.1332257588704426e-05
6736.0	15.0	1.0	0.0	7.55329132080078e-06
6751.0	15.0	1.0	0.0	5.3759256998697925e-06
6766.0	15.0	1.0	0.0	4.15967305501302e-06
6781.0	15.0	1.0	0.0	3.3217426389455786e-06
6796.0	15.0	1.0	0.0	3.0505298326412828e-06
6811.0	15.0	1.0	0.0	2.3631572723388675e-06
6826.0	15.0	1.0	0.0	2.0248427987098696e-06
6841.0	15.0	1.0	0.0	2.7076909939448036e-06
6856.0	15.0	1.0	0.0	2.676438887913987e-05
6871.0	15.0	1.0	0.0	3.198405106862386e-06
6886.0	15.0	1.0	0.0	4.578034083048503e-06
6901.0	15.0	1.0	0.0	3.5963575045267736e-06
6916.0	15.0	1.0	0.0	1.1186893781026204e-05
6931.0	15.0	1.0	0.0	1.2767159938812253e-05
6946.0	15.0	1.0	0.0	4.694676399230957e-06
6961.0	15.0	1.0	0.0	3.1716823577880857e-06
6976.0	15.0	1.0	0.0	3.1972805658976237e-06
6991.0	15.0	1.0	0.0	2.818950017293294e-06
7006.0	15.0	1.0	0.0	2.6634955406187533e-05
7021.0	15.0	1.0	0.0	8.265256881713868e-06
7036.0	15.0	1.0	0.0	5.6509017944335935e-06
7051.0	15.0	1.0	0.0	3.924751281738281e-06
7066.0	15.0	1.0	0.0	4.712208112080892e-06
7081.0	15.0	1.0	0.0	0.00011102979977922741
7096.0	15.0	1.0	0.0	9.925111134847004e-06
7111.0	15.0	1.0	0.0	5.1669597625732424e-06
7126.0	15.0	1.0	0.0	3.1132221221923833e-06
7141.0	15.0	1.0	0.0	2.455681624511878e-06
7156.0	15.0	1.0	0.0	2.0873647804061576e-06
7171.0	15.0	1.0	0.0	1.7948411405086517e-06
7186.0	15.0	1.0	0.0	1.6202876965204876e-06
7201.0	15.0	1.0	0.0	1.4161497354507447e-06
7216.0	15.0	1.0	0.0	4.4323396186027137e-05
7231.0	15.0	1.0	0.0	2.5924841562906906e-06
7246.0	15.0	1.0	0.0	3.3565958340962734e-06
7261.0	15.0	1.0	0.0	8.936591943105064e-06
7276.0	15.0	1.0	0.0	4.39005692799886e-06
7291.0	15.0	1.0	0.0	1.0243527094523114e-05
7306.0	15.0	1.0	0.0	5.3909118970235154e-05
7321.0	15.0	1.0	0.0	1.7059771219889322e-05
7336.0	15.0	1.0	0.0	1.1971600850423175e-05
7351.0	15.0	1.0	0.0	1.8177143732706708e-05
7366.0	15.0	1.0	0.0	9.779489835102116e-05
7381.0	15.0	1.0	0.0	3.096052805582682e-05
7396.0	15.0	1.0	0.0	1.9045257568359373e-05
7411.0	15.0	1.0	0.0	1.2280877431233723e-05
7426.0	15.0	1.0	0.0	1.141023635864258e-05
7441.0	15.0	1.0	0.0	6.710179646809896e-06
7456.0	15.0	1.0	0.0	4.740238189697266e-06
7471.0	15.0	1.0	0.0	3.656864166259766e-06
7486.0	15.0	1.0	0.0	2.865441640218099e-06
7501.0	15.0	1.0	0.0	3.2779693603515627e-06
7516.0	15.0	1.0	0.0	2.7340183655420943e-06
7531.0	15.0	1.0	0.0	1.8721513450145722e-06
7546.0	15.0	1.0	0.0	1.7558000981807705e-06
7561.0	15.0	1.0	0.0	1.4645550151666007e-05
7576.0	15.0	1.0	0.0	7.214667995769845e-05
7591.0	15.0	1.0	0.0	6.126714547473917e-05
7606.0	15.0	1.0	0.0	5.429538091023762e-06
7621.0	15.0	1.0	0.0	6.531206766763536e-05
7636.0	15.0	1.0	0.0	0.00011559794743852898
7651.0	15.0	1.0	0.0	0.00042180089950557534
7666.0	15.0	1.0	0.0	0.00016695620218906666
7681.0	15.0	1.0	0.0	0.0001015511194864554
7696.0	15.0	1.0	0.0	7.982025146484376e-05
7711.0	15.0	1.0	0.0	5.7065200805664045e-05
7726.0	15.0	1.0	0.0	3.84368896484375e-05
7741.0	15.0	1.0	0.0	2.7690124511718743e-05
7756.0	15.0	1.0	0.0	2.0296351114908856e-05
7771.0	15.0	1.0	0.0	1.4635340372721356e-05
7786.0	15.0	1.0	0.0	1.0606129964192709e-05
7801.0	15.0	1.0	0.0	7.589213053385415e-06
7816.0	15.0	1.0	0.0	5.955378214518228e-06
7831.0	15.0	1.0	0.0	4.3120066324869795e-06
7846.0	15.0	1.0	0.0	3.355916341145834e-06
7861.0	15.0	1.0	0.0	2.7184804280598963e-06
7876.0	15.0	1.0	0.0	2.281437193353971e-06
7891.0	15.0	1.0	0.0	1.9573237746953966e-06
7906.0	15.0	1.0	0.0	2.532652020454407e-06
7921.0	15.0	1.0	0.0	1.6255880395571394e-06
7936.0	15.0	1.0	0.0	1.4105379581451416e-06
7951.0	15.0	1.0	0.0	1.310508449872335e-06
7966.0	15.0	1.0	0.0	1.1932919422785443e-06
7981.0	15.0	1.0	0.0	1.0745366414388021e-06
7996.0	15.0	1.0	0.0	0.0002677656094232881
8011.0	15.0	1.0	0.0	7.910200754800634e-05
8026.0	15.0	1.0	0.0	3.4258365631103515e-05
8041.0	15.0	1.0	0.0	5.1201597849528e-05
8056.0	15.0	1.0	0.0	3.937085469563802e-05
8071.0	15.0	1.0	0.0	3.741203943888346e-05
8086.0	15.0	1.0	0.0	5.093320210774739e-05
8101.0	15.0	1.0	0.0	7.319348653157551e-05
8116.0	15.0	1.0	0.0	5.274213155110677e-05
8131.0	15.0	1.0	0.0	3.448543548583985e-05
8146.0	15.0	1.0	0.0	2.229906717936198e-05
8161.0	15.0	1.0	0.0	1.5964571634928383e-05
8176.0	15.0	1.0	0.0	1.0322189331054688e-05
8191.0	15.0	1.0	0.0	4.166609446207042e-05
8206.0	15.0	1.0	0.0	1.0002009073893228e-05
8221.0	15.0	1.0	0.0	5.0750732421875e-06
8236.0	15.0	1.0	0.0	3.870690769205491e-06
8251.0	15.0	1.0	0.0	5.251314832518499e-06
8266.0	15.0	1.0	0.0	3.3905749519666036e-06
8281.0	15.0	1.0	0.0	4.450015226999918e-06
8296.0	15.0	1.0	0.0	0.0007825798958539539
8311.0	15.0	1.0	0.0	0.0004123905181884326
8326.0	15.0	1.0	0.0	0.009197630945841407
8341.0	15.0	1.0	0.0	0.001646871948242147
8356.0	15.0	1.0	0.0	0.0008724711100259865
8371.0	15.0	1.0	0.0	0.0007514312744140132
8386.0	15.0	1.0	0.0	0.0010630421956379934
8401.0	15.0	1.0	0.0	0.00079211222330724
8416.0	15.0	1.0	0.0	0.0015493611653645536
8431.0	15.0	1.0	0.0	0.0009051208496093266
8446.0	15.0	1.0	0.0	0.0008344746907551667
8461.0	15.0	1.0	0.0	0.0012051818847655866
8476.0	15.0	1.0	0.0	0.00039287109374996004
8491.0	15.0	1.0	0.0	0.00017126261393224666
8506.0	15.0	1.0	0.0	0.00010901896158852
8521.0	15.0	1.0	0.0	0.0008250142415364267
8536.0	15.0	1.0	0.0	0.0008929402669270534
8551.0	15.0	1.0	0.0	0.00039666748046871333
8566.0	15.0	1.0	0.0	9.326985677081501e-05
8581.0	15.0	1.0	0.0	4.1884358723958335e-05
8596.0	15.0	1.0	0.0	2.298787434895833e-05
8611.0	15.0	1.0	0.0	1.4373515049616493e-05
8626.0	15.0	1.0	0.0	9.892884890238444e-06
8641.0	15.0	1.0	0.0	7.150542736053466e-06
8656.0	15.0	1.0	0.0	5.565255880355836e-06
8671.0	15.0	1.0	0.0	0.00480485079685843
8686.0	15.0	1.0	0.0	0.0009509195963541267
8701.0	15.0	1.0	0.0	0.00031400909423822
8716.0	15.0	1.0	0.0	0.00017102762858068002
8731.0	15.0	1.0	0.0	0.0001221537272135
8746.0	15.0	1.0	0.0	0.00010099436442054165
8761.0	15.0	1.0	0.0	8.951517740885415e-05
8776.0	15.0	1.0	0.0	7.945353190104167e-05
8791.0	15.0	1.0	0.0	6.87840779622396e-05
8806.0	15.0	1.0	0.0	5.319976806640624e-05
8821.0	15.0	1.0	0.0	4.315999348958333e-05
8836.0	15.0	1.0	0.0	3.129119873046875e-05
8851.0	15.0	1.0	0.0	2.253774007161458e-05
8866.0	15.0	1.0	0.0	1.687672932942708e-05
8881.0	15.0	1.0	0.0	1.3461303710937498e-05
8896.0	15.0	1.0	0.0	2.138722737630208e-05
8911.0	15.0	1.0	0.0	8.704630533854167e-06
8926.0	15.0	1.0	0.0	6.294759114583334e-06
8941.0	15.0	1.0	0.0	4.822794596354167e-06
8956.0	15.0	1.0	0.0	3.813680013020833e-06
8971.0	15.0	1.0	0.0	3.1100959827502566e-06
8986.0	15.0	1.0	0.0	2.6001231124003733e-06
9001.0	15.0	1.0	0.0	2.226870507001877e-06
9016.0	15.0	1.0	0.0	1.9256661335627233e-06
9031.0	15.0	1.0	0.0	1.6979058583577477e-06
9046.0	15.0	1.0	0.0	4.6954951683678814e-05
9061.0	15.0	1.0	0.0	2.3545622825622096e-05
9076.0	15.0	1.0	0.0	3.2553434371948243e-06
9091.0	15.0	1.0	0.0	5.133380889891834e-05
9106.0	15.0	1.0	0.0	0.00016879413922624351
9121.0	15.0	1.0	0.0	4.494857788085937e-05
9136.0	15.0	1.0	0.0	2.393674850463867e-05
9151.0	15.0	1.0	0.0	2.7977848052978516e-05
9166.0	15.0	1.0	0.0	4.3538983662923165e-05
9181.0	15.0	1.0	0.0	7.430191040038407e-05
9196.0	15.0	1.0	0.0	0.0003280843098957964
9211.0	15.0	1.0	0.0	0.0007731300354003333
9226.0	15.0	1.0	0.0	0.00047736142476394655
9241.0	15.0	1.0	0.0	0.0004285916646321133
9256.0	15.0	1.0	0.0	0.0001717224121093327
9271.0	15.0	1.0	0.0	6.943766276041604e-05
9286.0	15.0	1.0	0.0	3.685989379882813e-05
9301.0	15.0	1.0	0.0	2.2056579589843753e-05
9316.0	15.0	1.0	0.0	1.385472615559896e-05
9331.0	15.0	1.0	0.0	9.445678691069286e-06
9346.0	15.0	1.0	0.0	8.07038297255834e-06
9361.0	15.0	1.0	0.0	5.4482450087865205e-06
9376.0	15.0	1.0	0.0	4.24422820409139e-06
9391.0	15.0	1.0	0.0	3.432315587997437e-06
9406.0	15.0	1.0	0.0	2.85329818725586e-06
9421.0	15.0	1.0	0.0	2.43638555208842e-06
9436.0	15.0	1.0	0.0	2.144569158554077e-06
9451.0	15.0	1.0	0.0	1.9147614638010657e-06
9466.0	15.0	1.0	0.0	1.7268220583597818e-06
9481.0	15.0	1.0	0.0	3.5574793815612795e-06
9496.0	15.0	1.0	0.0	6.256501277287517e-05
9511.0	15.0	1.0	0.0	0.0001489400943119933
9526.0	15.0	1.0	0.0	2.8933668136596676e-05
9541.0	15.0	1.0	0.0	1.8076928456624352e-05
9556.0	15.0	1.0	0.0	1.3434187571207685e-05
9571.0	15.0	1.0	0.0	1.6812101999918617e-05
9586.0	15.0	1.0	0.0	3.068342208861873e-05
9601.0	15.0	1.0	0.0	2.1755695343017575e-05
9616.0	15.0	1.0	0.0	1.2739054361979168e-05
9631.0	15.0	1.0	0.0	8.564186096191405e-06
9646.0	15.0	1.0	0.0	5.899524688720704e-06
9661.0	15.0	1.0	0.0	4.265594482421875e-06
9676.0	15.0	1.0	0.0	3.88790766398112e-06
9691.0	15.0	1.0	0.0	3.7528673807779946e-06
9706.0	15.0	1.0	0.0	2.5169972330331798e-06
9721.0	15.0	1.0	0.0	2.0423731456200286e-06
9736.0	15.0	1.0	0.0	7.511795560518201e-05
9751.0	15.0	1.0	0.0	5.908528963724771e-06
9766.0	15.0	1.0	0.0	1.274243195851644e-05
9781.0	15.0	1.0	0.0	4.6689192454020185e-06
9796.0	15.0	1.0	0.0	3.3376773198445645e-06
9811.0	15.0	1.0	0.0	2.885135014851888e-06
9826.0	15.0	1.0	0.0	4.668768246968588e-06
9841.0	15.0	1.0	0.0	6.040374437967937e-06
9856.0	15.0	1.0	0.0	0.0008784352223077953
9871.0	15.0	1.0	0.0	0.00034335053761794
9886.0	15.0	1.0	0.0	0.0003111020406086734
9901.0	15.0	1.0	0.0	0.00024934132893875333
9916.0	15.0	1.0	0.0	0.00012185986836746481
9931.0	15.0	1.0	0.0	9.141438802082728e-05
9946.0	15.0	1.0	0.0	7.41937001546224e-05
9961.0	15.0	1.0	0.0	6.334279378255208e-05
9976.0	15.0	1.0	0.0	4.122339884440104e-05
9991.0	15.0	1.0	0.0	2.3427581787109378e-05
10006.0	15.0	1.0	0.0	1.4323170979817706e-05
10021.0	15.0	1.0	0.0	9.405517578125003e-06
10036.0	15.0	1.0	0.0	6.457773844401042e-06
10051.0	15.0	1.0	0.0	4.789225260416667e-06
10066.0	15.0	1.0	0.0	3.752124806245168e-06
10081.0	15.0	1.0	0.0	3.053325911362965e-06
10096.0	15.0	1.0	0.0	2.544407546520233e-06
10111.0	15.0	1.0	0.0	2.1669094761212668e-06
10126.0	15.0	1.0	0.0	1.8793503443400065e-06
10141.0	15.0	1.0	0.0	4.467571775118511e-06
10156.0	15.0	1.0	0.0	1.8683562676111858e-06
10171.0	15.0	1.0	0.0	2.7892009417211033e-05
10186.0	15.0	1.0	0.0	0.0005805538415908134
10201.0	15.0	1.0	0.0	0.00011166229248043031
10216.0	15.0	1.0	0.0	0.0001239025115966133
10231.0	15.0	1.0	0.0	9.61264292398876e-05
10246.0	15.0	1.0	0.0	6.285247802734374e-05
10261.0	15.0	1.0	0.0	4.716707865397136e-05
10276.0	15.0	1.0	0.0	4.895604451497396e-05
10291.0	15.0	1.0	0.0	4.198875427246094e-05
10306.0	15.0	1.0	0.0	3.1442896525065105e-05
10321.0	15.0	1.0	0.0	2.174644470214844e-05
10336.0	15.0	1.0	0.0	1.46728515625e-05
10351.0	15.0	1.0	0.0	1.0112889607747396e-05
10366.0	15.0	1.0	0.0	7.323455810546876e-06
10381.0	15.0	1.0	0.0	5.312601725260417e-06
10396.0	15.0	1.0	0.0	3.9337158203125e-06
10411.0	15.0	1.0	0.0	3.089014689127604e-06
10426.0	15.0	1.0	0.0	2.536533400416374e-06
10441.0	15.0	1.0	0.0	2.149143690864245e-06
10456.0	15.0	1.0	0.0	1.8593333661556244e-06
10471.0	15.0	1.0	0.0	2.014447500308355e-06
10486.0	15.0	1.0	0.0	3.8194681207338964e-06
10501.0	15.0	1.0	0.0	1.6689221064249674e-06
10516.0	15.0	1.0	0.0	1.7476995786031086e-06
10531.0	15.0	1.0	0.0	2.408072352409363e-06
10546.0	15.0	1.0	0.0	2.4524501959479456e-05
10561.0	15.0	1.0	0.0	2.9008777936296437e-05
10576.0	15.0	1.0	0.0	0.00010074834028878783
10591.0	15.0	1.0	0.0	2.897098859151205e-05
10606.0	15.0	1.0	0.0	0.0003594079017638674
10621.0	15.0	1.0	0.0	0.00040116106669104665
10636.0	15.0	1.0	0.0	0.00018389943440751333
10651.0	15.0	1.0	0.0	0.00012348798116043478
10666.0	15.0	1.0	0.0	6.365534464518228e-05
10681.0	15.0	1.0	0.0	3.287010192871094e-05
10696.0	15.0	1.0	0.0	1.870930989583334e-05
10711.0	15.0	1.0	0.0	4.869321187336635e-05
10726.0	15.0	1.0	0.0	7.667846679685802e-05
10741.0	15.0	1.0	0.0	2.0168304443359378e-05
10756.0	15.0	1.0	0.0	1.3085937499999997e-05
10771.0	15.0	1.0	0.0	8.380889892578125e-06
10786.0	15.0	1.0	0.0	6.709264119465437e-05
10801.0	15.0	1.0	0.0	6.845514973004659e-06
10816.0	15.0	1.0	0.0	4.696641365687052e-06
10831.0	15.0	1.0	0.0	3.7214765946070353e-06
10846.0	15.0	1.0	0.0	3.0791461467742925e-06
10861.0	15.0	1.0	0.0	1.770066221555074e-05
10876.0	15.0	1.0	0.0	1.8689525127407395e-05
10891.0	15.0	1.0	0.0	7.404828071594238e-06
10906.0	15.0	1.0	0.0	9.393974939980759e-05
10921.0	15.0	1.0	0.0	0.00014726737340289446
10936.0	15.0	1.0	0.0	5.656782786051432e-05
10951.0	15.0	1.0	0.0	0.0005242018381754198
10966.0	15.0	1.0	0.0	0.0002574689229328867
10981.0	15.0	1.0	0.0	0.00022576128641758
10996.0	15.0	1.0	0.0	0.0008379357655842666
11011.0	15.0	1.0	0.0	0.0007415982564289933
11026.0	15.0	1.0	0.0	0.00036423823038731336
11041.0	15.0	1.0	0.0	0.00018960596720372
11056.0	15.0	1.0	0.0	0.00010149943033852396
11071.0	15.0	1.0	0.0	6.036860148111979e-05
11086.0	15.0	1.0	0.0	3.889312744140625e-05
11101.0	15.0	1.0	0.0	6.384862263995688e-05
11116.0	15.0	1.0	0.0	2.5195058186848957e-05
11131.0	15.0	1.0	0.0	1.66595458984375e-05
11146.0	15.0	1.0	0.0	1.099395751953125e-05
11161.0	15.0	1.0	0.0	7.672381152709325e-06
11176.0	15.0	1.0	0.0	5.757334580024083e-06
11191.0	15.0	1.0	0.0	4.503391683101653e-06
11206.0	15.0	1.0	0.0	3.606894612312317e-06
11221.0	15.0	1.0	0.0	0.00012106757561363783
11236.0	15.0	1.0	0.0	1.9939486185709632e-05
11251.0	15.0	1.0	0.0	7.0585568745931e-06
11266.0	15.0	1.0	0.0	5.9688965479523974e-05
11281.0	15.0	1.0	0.0	1.623039245605469e-05
11296.0	15.0	1.0	0.0	1.0660870869954424e-05
11311.0	15.0	1.0	0.0	1.0105419158935548e-05
11326.0	15.0	1.0	0.0	2.0183626810709636e-05
11341.0	15.0	1.0	0.0	2.38656997680664e-05
11356.0	15.0	1.0	0.0	4.648116429646436e-05
11371.0	15.0	1.0	0.0	3.113203048706055e-05
11386.0	15.0	1.0	0.0	2.4377091725667318e-05
11401.0	15.0	1.0	0.0	2.8129259745279953e-05
11416.0	15.0	1.0	0.0	2.21225102742513e-05
11431.0	15.0	1.0	0.0	1.7346827189127602e-05
11446.0	15.0	1.0	0.0	0.00011205813090005406
11461.0	15.0	1.0	0.0	2.9217847188313807e-05
11476.0	15.0	1.0	0.0	1.1731529235839841e-05
11491.0	15.0	1.0	0.0	7.877667744954427e-06
11506.0	15.0	1.0	0.0	5.754852294921875e-06
11521.0	15.0	1.0	0.0	4.4258117675781255e-06
11536.0	15.0	1.0	0.0	3.5537242889404293e-06
11551.0	15.0	1.0	0.0	2.932089070479075e-06
11566.0	15.0	1.0	0.0	2.7456268668174747e-06
11581.0	15.0	1.0	0.0	2.215917905171712e-06
11596.0	15.0	1.0	0.0	1.8924464782079063e-06
11611.0	15.0	1.0	0.0	9.785535136858465e-05
11626.0	15.0	1.0	0.0	0.00016278650760648668
11641.0	15.0	1.0	0.0	0.00021564025878901898
11656.0	15.0	1.0	0.0	0.00027650464375810884
11671.0	15.0	1.0	0.0	0.0001965013504027733
11686.0	15.0	1.0	0.0	0.00028269678751623336
11701.0	15.0	1.0	0.0	0.00026815414428706666
11716.0	15.0	1.0	0.0	0.0002818745930989067
11731.0	15.0	1.0	0.0	0.00023371187845859997
11746.0	15.0	1.0	0.0	0.0001954977671304933
11761.0	15.0	1.0	0.0	0.0001518999735513933
11776.0	15.0	1.0	0.0	9.58724975585775e-05
11791.0	15.0	1.0	0.0	5.148976643880208e-05
11806.0	15.0	1.0	0.0	3.1081390380859376e-05
11821.0	15.0	1.0	0.0	2.028121948242187e-05
11836.0	15.0	1.0	0.0	1.3766733805338542e-05
11851.0	15.0	1.0	0.0	8.860270182291668e-06
11866.0	15.0	1.0	0.0	6.327311197916666e-06
11881.0	15.0	1.0	0.0	4.8118591308593744e-06
11896.0	15.0	1.0	0.0	3.7962121268113452e-06
11911.0	15.0	1.0	0.0	3.1019476552804307e-06
11926.0	15.0	1.0	0.0	2.6335701346397406e-06
11941.0	15.0	1.0	0.0	0.000555027759075131
11956.0	15.0	1.0	0.0	3.291568756103516e-05
11971.0	15.0	1.0	0.0	1.85171127319336e-05
11986.0	15.0	1.0	0.0	1.67022705078125e-05
12001.0	15.0	1.0	0.0	1.2943712870279947e-05
12016.0	15.0	1.0	0.0	1.0355377197265625e-05
12031.0	15.0	1.0	0.0	1.1313947041829427e-05
12046.0	15.0	1.0	0.0	2.7068519592285155e-05
12061.0	15.0	1.0	0.0	0.00022131900787351322
12076.0	15.0	1.0	0.0	0.00013265933990474395
12091.0	15.0	1.0	0.0	0.00010416514078771489
12106.0	15.0	1.0	0.0	0.00010741106669103334
12121.0	15.0	1.0	0.0	0.0001488756815592
12136.0	15.0	1.0	0.0	9.101092020668354e-05
12151.0	15.0	1.0	0.0	5.746714274088219e-05
12166.0	15.0	1.0	0.0	3.398323059082031e-05
12181.0	15.0	1.0	0.0	7.645378112792281e-05
12196.0	15.0	1.0	0.0	1.8169021606445313e-05
12211.0	15.0	1.0	0.0	1.063995361328125e-05
12226.0	15.0	1.0	0.0	1.0236104329427081e-05
12241.0	15.0	1.0	0.0	2.8368504842117607e-05
12256.0	15.0	1.0	0.0	1.0743551949659984e-05
12271.0	15.0	1.0	0.0	4.968186716238657e-06
12286.0	15.0	1.0	0.0	3.716620802879334e-06
12301.0	15.0	1.0	0.0	3.569707969824237e-05
12316.0	15.0	1.0	0.0	5.21678924560547e-06
12331.0	15.0	1.0	0.0	3.4253636995951334e-06
12346.0	15.0	1.0	0.0	4.327166080474854e-06
12361.0	15.0	1.0	0.0	2.903397878011067e-06
12376.0	15.0	1.0	0.0	2.266975243886312e-06
12391.0	15.0	1.0	0.0	2.1145025889078773e-06
12406.0	15.0	1.0	0.0	2.1792729695638018e-06
12421.0	15.0	1.0	0.0	1.9766251246134436e-06
12436.0	15.0	1.0	0.0	1.91952387491862e-06
12451.0	15.0	1.0	0.0	0.0001255990982055549
12466.0	15.0	1.0	0.0	0.00034792008399957996
12481.0	15.0	1.0	0.0	8.82393519083472e-05
12496.0	15.0	1.0	0.0	4.267311096191406e-05
12511.0	15.0	1.0	0.0	2.6099014282226564e-05
12526.0	15.0	1.0	0.0	1.7908922831217447e-05
12541.0	15.0	1.0	0.0	1.7467625935872392e-05
12556.0	15.0	1.0	0.0	9.379069010416667e-06
12571.0	15.0	1.0	0.0	6.705983479817708e-06
12586.0	15.0	1.0	0.0	3.432483673095385e-05
12601.0	15.0	1.0	0.0	1.0945574442545575e-05
12616.0	15.0	1.0	0.0	4.410998026529947e-06
12631.0	15.0	1.0	0.0	5.1358540852864585e-06
12646.0	15.0	1.0	0.0	3.5984496275583907e-06
12661.0	15.0	1.0	0.0	1.0874209801355997e-05
12676.0	15.0	1.0	0.0	3.7465373675028476e-06
12691.0	15.0	1.0	0.0	5.490670601526896e-06
12706.0	15.0	1.0	0.0	0.00011589753031729254
12721.0	15.0	1.0	0.0	3.2606856028238934e-05
12736.0	15.0	1.0	0.0	2.3539924621582027e-05
12751.0	15.0	1.0	0.0	1.977678934733073e-05
12766.0	15.0	1.0	0.0	1.3917811711629233e-05
12781.0	15.0	1.0	0.0	1.5204222997029619e-05
12796.0	15.0	1.0	0.0	1.3789796829223634e-05
12811.0	15.0	1.0	0.0	0.00012238567670183633
12826.0	15.0	1.0	0.0	0.0011354073842366
12841.0	15.0	1.0	0.0	0.0008519245147704531
12856.0	15.0	1.0	0.0	0.00036060206095373334
12871.0	15.0	1.0	0.0	0.00023565877278641337
12886.0	15.0	1.0	0.0	0.0001916496276855
12901.0	15.0	1.0	0.0	7.44377136230402e-05
12916.0	15.0	1.0	0.0	3.622538248697917e-05
12931.0	15.0	1.0	0.0	2.061284383138021e-05
12946.0	15.0	1.0	0.0	1.2472025553385414e-05
12961.0	15.0	1.0	0.0	8.244832356770832e-06
12976.0	15.0	1.0	0.0	5.928802490234373e-06
12991.0	15.0	1.0	0.0	4.525769750277202e-06
13006.0	15.0	1.0	0.0	3.5888746380805966e-06
13021.0	15.0	1.0	0.0	2.933868269125621e-06
13036.0	15.0	1.0	0.0	2.463842431704203e-06
13051.0	15.0	1.0	0.0	4.36874230702718e-06
13066.0	15.0	1.0	0.0	3.1633476416269943e-06
13081.0	15.0	1.0	0.0	8.749425411224365e-06
13096.0	15.0	1.0	0.0	2.560756603876749e-06
13111.0	15.0	1.0	0.0	2.8420031070709225e-06
13126.0	15.0	1.0	0.0	2.2518833478291832e-06
13141.0	15.0	1.0	0.0	2.5897423426310218e-06
13156.0	15.0	1.0	0.0	3.147294918695536e-05
13171.0	15.0	1.0	0.0	0.0003461800575256019
13186.0	15.0	1.0	0.0	0.00013719816207881749
13201.0	15.0	1.0	0.0	0.0002645071029662666
13216.0	15.0	1.0	0.0	0.00019790217081701338
13231.0	15.0	1.0	0.0	0.00016902561187740665
13246.0	15.0	1.0	0.0	7.832260131835436e-05
13261.0	15.0	1.0	0.0	4.456036885579427e-05
13276.0	15.0	1.0	0.0	2.58721669514974e-05
13291.0	15.0	1.0	0.0	1.6416549682617186e-05
13306.0	15.0	1.0	0.0	1.0262680053710938e-05
13321.0	15.0	1.0	0.0	6.869633992513021e-06
13336.0	15.0	1.0	0.0	5.067952473958333e-06
13351.0	15.0	1.0	0.0	3.942188061773777e-06
13366.0	15.0	1.0	0.0	3.1758430724342667e-06
13381.0	15.0	1.0	0.0	2.6415996253490445e-06
13396.0	15.0	1.0	0.0	2.1504855155939062e-05
13411.0	15.0	1.0	0.0	2.8762201468149818e-06
13426.0	15.0	1.0	0.0	2.1265327930450437e-06
13441.0	15.0	1.0	0.0	1.8233795960744223e-06
13456.0	15.0	1.0	0.0	3.310246467590332e-05
13471.0	15.0	1.0	0.0	0.000177020557721439
13486.0	15.0	1.0	0.0	0.00108303902943924
13501.0	15.0	1.0	0.0	0.001255273437499947
13516.0	15.0	1.0	0.0	0.0014566973368326335
13531.0	15.0	1.0	0.0	0.0014273478190103665
13546.0	15.0	1.0	0.0	0.0007523569742838068
13561.0	15.0	1.0	0.0	0.00040218098958328676
13576.0	15.0	1.0	0.0	0.00024970601399734667
13591.0	15.0	1.0	0.0	0.00021801503499343998
13606.0	15.0	1.0	0.0	0.0001389200846353733
13621.0	15.0	1.0	0.0	7.202809651692708e-05
13636.0	15.0	1.0	0.0	3.699951171875e-05
13651.0	15.0	1.0	0.0	2.1478271484374996e-05
13666.0	15.0	1.0	0.0	1.3845316569010415e-05
13681.0	15.0	1.0	0.0	8.929951985677084e-06
13696.0	15.0	1.0	0.0	6.426493326822916e-06
13711.0	15.0	1.0	0.0	4.869588216145833e-06
13726.0	15.0	1.0	0.0	3.853892783323924e-06
13741.0	15.0	1.0	0.0	3.1440988183021543e-06
13756.0	15.0	1.0	0.0	2.6191572348276773e-06
13771.0	15.0	1.0	0.0	0.00025901377002395036
13786.0	15.0	1.0	0.0	6.24975840250597e-05
13801.0	15.0	1.0	0.0	0.0001833892504374064
13816.0	15.0	1.0	0.0	0.00012384188969928237
13831.0	15.0	1.0	0.0	0.0003766781489054078
13846.0	15.0	1.0	0.0	0.0015445162455240333
13861.0	15.0	1.0	0.0	0.0021007481892903134
13876.0	15.0	1.0	0.0	0.0012768814086913532
13891.0	15.0	1.0	0.0	0.0005649256388345733
13906.0	15.0	1.0	0.0	0.002789636230468707
13921.0	15.0	1.0	0.0	0.0021790018717447405
13936.0	15.0	1.0	0.0	0.0010321014404296536
13951.0	15.0	1.0	0.0	0.0006828063964843268
13966.0	15.0	1.0	0.0	0.00046228129069006673
13981.0	15.0	1.0	0.0	0.00030199279785152004
13996.0	15.0	1.0	0.0	0.00012330322265623084
14011.0	15.0	1.0	0.0	5.184834798177083e-05
14026.0	15.0	1.0	0.0	3.379821777343749e-05
14041.0	15.0	1.0	0.0	1.7431640624999998e-05
14056.0	15.0	1.0	0.0	1.0973103841145836e-05
14071.0	15.0	1.0	0.0	7.677205403645833e-06
14086.0	15.0	1.0	0.0	5.6634095807870235e-06
14101.0	15.0	1.0	0.0	4.402097811301549e-06
14116.0	15.0	1.0	0.0	3.5308614373207097e-06
14131.0	15.0	1.0	0.0	2.9313981533050534e-06
14146.0	15.0	1.0	0.0	2.467016379038493e-06
14161.0	15.0	1.0	0.0	8.2731693983078e-06
14176.0	15.0	1.0	0.0	7.204742829003616e-05
14191.0	15.0	1.0	0.0	9.544085661568555e-05
14206.0	15.0	1.0	0.0	6.558146476745093e-05
14221.0	15.0	1.0	0.0	0.0002406233151753391
14236.0	15.0	1.0	0.0	0.00013019946416214
14251.0	15.0	1.0	0.0	0.00017499523162836666
14266.0	15.0	1.0	0.0	0.0029491907119750535
14281.0	15.0	1.0	0.0	0.0036238822937011135
14296.0	15.0	1.0	0.0	0.0011874491373697266
14311.0	15.0	1.0	0.0	0.0008979817708332933
14326.0	15.0	1.0	0.0	0.0005345001220702799
14341.0	15.0	1.0	0.0	0.0002298868815103733
14356.0	15.0	1.0	0.0	0.00010590413411456418
14371.0	15.0	1.0	0.0	4.772542317708333e-05
14386.0	15.0	1.0	0.0	2.9579671223958328e-05
14401.0	15.0	1.0	0.0	1.9750976562499997e-05
14416.0	15.0	1.0	0.0	1.1617024739583333e-05
14431.0	15.0	1.0	0.0	8.424886067708334e-06
14446.0	15.0	1.0	0.0	6.213511774937313e-06
14461.0	15.0	1.0	0.0	4.741537819306055e-06
14476.0	15.0	1.0	0.0	3.765160838762919e-06
14491.0	15.0	1.0	0.0	3.2758772373199465e-06
14506.0	15.0	1.0	0.0	9.81824477513602e-05
14521.0	15.0	1.0	0.0	0.0006057235956191805
14536.0	15.0	1.0	0.0	0.0004391893386840401
14551.0	15.0	1.0	0.0	0.00028433761596673336
14566.0	15.0	1.0	0.0	0.00020648498535151332
14581.0	15.0	1.0	0.0	0.00014560737609858667
14596.0	15.0	1.0	0.0	0.00012605260213212002
14611.0	15.0	1.0	0.0	8.338864644368269e-05
14626.0	15.0	1.0	0.0	5.876973470052083e-05
14641.0	15.0	1.0	0.0	4.4327163696289065e-05
14656.0	15.0	1.0	0.0	3.397903442382813e-05
14671.0	15.0	1.0	0.0	4.455769856770833e-05
14686.0	15.0	1.0	0.0	4.8576863606770837e-05
14701.0	15.0	1.0	0.0	3.25853983561198e-05
14716.0	15.0	1.0	0.0	6.481628417968166e-05
14731.0	15.0	1.0	0.0	2.460784912109375e-05
14746.0	15.0	1.0	0.0	1.62261962890625e-05
14761.0	15.0	1.0	0.0	1.6025543212890624e-05
14776.0	15.0	1.0	0.0	8.896382649739583e-06
14791.0	15.0	1.0	0.0	6.551361083984374e-06
14806.0	15.0	1.0	0.0	8.718592325844937e-05
14821.0	15.0	1.0	0.0	7.460191349188487e-06
14836.0	15.0	1.0	0.0	4.527297119299571e-06
14851.0	15.0	1.0	0.0	3.5565485556920376e-06
14866.0	15.0	1.0	0.0	2.961510419845581e-06
14881.0	15.0	1.0	0.0	1.4573744932808134e-05
14896.0	15.0	1.0	0.0	6.876081426937984e-05
14911.0	15.0	1.0	0.0	9.854832490283667e-05
14926.0	15.0	1.0	0.0	0.00014280211130774352
14941.0	15.0	1.0	0.0	0.00015168177286780128
14956.0	15.0	1.0	0.0	8.69578361511195e-05
14971.0	15.0	1.0	0.0	0.00012541713714594
14986.0	15.0	1.0	0.0	0.0002724112192789495
15001.0	15.0	1.0	0.0	0.0005445481618245001
15016.0	15.0	1.0	0.0	0.00041319160461420666
15031.0	15.0	1.0	0.0	0.0007701169331867934
15046.0	15.0	1.0	0.0	0.00030374704996739333
15061.0	15.0	1.0	0.0	0.0001039377848307002
15076.0	15.0	1.0	0.0	5.914281209309895e-05
15091.0	15.0	1.0	0.0	3.473434448242188e-05
15106.0	15.0	1.0	0.0	2.00286865234375e-05
15121.0	15.0	1.0	0.0	1.2252298990885414e-05
15136.0	15.0	1.0	0.0	8.8226318359375e-06
15151.0	15.0	1.0	0.0	6.058756510416667e-06
15166.0	15.0	1.0	0.0	4.6173095703125005e-06
15181.0	15.0	1.0	0.0	6.46524007121722e-06
15196.0	15.0	1.0	0.0	3.4303841491540272e-06
15211.0	15.0	1.0	0.0	5.8028653264045715e-06
15226.0	15.0	1.0	0.0	4.079270362854004e-06
15241.0	15.0	1.0	0.0	2.417879303296407e-06
15256.0	15.0	1.0	0.0	4.470028281211483e-05
15271.0	15.0	1.0	0.0	2.885320981343587e-05
15286.0	15.0	1.0	0.0	0.0004578851938247278
15301.0	15.0	1.0	0.0	6.208299001057625e-05
15316.0	15.0	1.0	0.0	4.59424336751302e-05
15331.0	15.0	1.0	0.0	4.1166114807128904e-05
15346.0	15.0	1.0	0.0	3.44201405843099e-05
15361.0	15.0	1.0	0.0	2.804120381673177e-05
15376.0	15.0	1.0	0.0	2.682679494222005e-05
15391.0	15.0	1.0	0.0	3.225549062093098e-05
15406.0	15.0	1.0	0.0	4.873631795247396e-05
15421.0	15.0	1.0	0.0	3.544317881266276e-05
15436.0	15.0	1.0	0.0	4.252878824869302e-05
15451.0	15.0	1.0	0.0	3.284740447998047e-05
15466.0	15.0	1.0	0.0	3.0281257629394533e-05
15481.0	15.0	1.0	0.0	1.7776425679524738e-05
15496.0	15.0	1.0	0.0	1.1283747355143229e-05
15511.0	15.0	1.0	0.0	7.701365152994792e-06
15526.0	15.0	1.0	0.0	6.240526835123697e-06
15541.0	15.0	1.0	0.0	4.751550902922949e-06
15556.0	15.0	1.0	0.0	3.6480856438477834e-06
15571.0	15.0	1.0	0.0	4.47733501593272e-06
15586.0	15.0	1.0	0.0	2.7199039856592813e-06
15601.0	15.0	1.0	0.0	5.39593994617462e-06
15616.0	15.0	1.0	0.0	3.5365196069077726e-05
15631.0	15.0	1.0	0.0	4.673965771993001e-06
15646.0	15.0	1.0	0.0	2.7740279833475753e-06
15661.0	15.0	1.0	0.0	3.934657573699951e-06
15676.0	15.0	1.0	0.0	3.6644140879313157e-06
15691.0	15.0	1.0	0.0	2.5438785552978512e-06
15706.0	15.0	1.0	0.0	2.43833065032959e-06
15721.0	15.0	1.0	0.0	2.2536595662434896e-06
15736.0	15.0	1.0	0.0	9.91830825805664e-06
15751.0	15.0	1.0	0.0	6.468280156453451e-06
15766.0	15.0	1.0	0.0	1.1017751693725585e-05
15781.0	15.0	1.0	0.0	0.00013037585417427145
15796.0	15.0	1.0	0.0	8.799982070920812e-05
15811.0	15.0	1.0	0.0	3.359206517537435e-05
15826.0	15.0	1.0	0.0	2.019554773966471e-05
15841.0	15.0	1.0	0.0	1.2942155202229817e-05
15856.0	15.0	1.0	0.0	7.660643259684245e-06
15871.0	15.0	1.0	0.0	5.268001556396484e-06
15886.0	15.0	1.0	0.0	3.983179728190104e-06
15901.0	15.0	1.0	0.0	4.102484385172526e-06
15916.0	15.0	1.0	0.0	2.9526164134343463e-06
15931.0	15.0	1.0	0.0	2.358886599540711e-06
15946.0	15.0	1.0	0.0	1.9827450315157576e-06
15961.0	15.0	1.0	0.0	2.282559374968211e-06
15976.0	15.0	1.0	0.0	0.0004722542673349208
15991.0	15.0	1.0	0.0	0.0015238290150959802
16006.0	15.0	1.0	0.0	0.0010064081827798866
16021.0	15.0	1.0	0.0	0.0004955863952636132
16036.0	15.0	1.0	0.0	0.00021302897135413998
16051.0	15.0	1.0	0.0	0.00012892634073888
16066.0	15.0	1.0	0.0	8.556569417317169e-05
16081.0	15.0	1.0	0.0	6.579106648763021e-05
16096.0	15.0	1.0	0.0	5.123875935872395e-05
16111.0	15.0	1.0	0.0	5.4342651367185005e-05
16126.0	15.0	1.0	0.0	4.404093424479166e-05
16141.0	15.0	1.0	0.0	4.570770263671875e-05
16156.0	15.0	1.0	0.0	4.5455423990885415e-05
16171.0	15.0	1.0	0.0	3.207448323567708e-05
16186.0	15.0	1.0	0.0	2.1589152018229164e-05
16201.0	15.0	1.0	0.0	2.728678385416458e-05
16216.0	15.0	1.0	0.0	1.1065673828125e-05
16231.0	15.0	1.0	0.0	7.805379231770833e-06
16246.0	15.0	1.0	0.0	5.710856119791667e-06
16261.0	15.0	1.0	0.0	4.3853759765625e-06
16276.0	15.0	1.0	0.0	4.141206045945485e-06
16291.0	15.0	1.0	0.0	3.034211198488871e-06
16306.0	15.0	1.0	0.0	2.5878136356671643e-06
16321.0	15.0	1.0	0.0	3.476275006930033e-06
16336.0	15.0	1.0	0.0	9.593042135237973e-05
16351.0	15.0	1.0	0.0	0.00010278309186298237
16366.0	15.0	1.0	0.0	8.466784159342447e-06
16381.0	15.0	1.0	0.0	1.3792085647583009e-05
16396.0	15.0	1.0	0.0	8.876578013100309e-05
16411.0	15.0	1.0	0.0	0.0004815589586893267
16426.0	15.0	1.0	0.0	0.0002696179072061667
16441.0	15.0	1.0	0.0	0.00034726702372228673
16456.0	15.0	1.0	0.0	0.0013525390624999467
16471.0	15.0	1.0	0.0	0.005211397043863893
16486.0	15.0	1.0	0.0	0.002616665140787707
16501.0	15.0	1.0	0.0	0.0014198577880858803
16516.0	15.0	1.0	0.0	0.0006260101318358933
16531.0	15.0	1.0	0.0	0.00030069885253900663
16546.0	15.0	1.0	0.0	0.00014873453776037912
16561.0	15.0	1.0	0.0	5.9306844075520834e-05
16576.0	15.0	1.0	0.0	2.7474975585937506e-05
16591.0	15.0	1.0	0.0	1.5541585286458333e-05
16606.0	15.0	1.0	0.0	1.07818603515625e-05
16621.0	15.0	1.0	0.0	7.691446940104165e-06
16636.0	15.0	1.0	0.0	8.32468948016564e-06
16651.0	15.0	1.0	0.0	5.055139648417632e-06
16666.0	15.0	1.0	0.0	3.8179675738016766e-06
16681.0	15.0	1.0	0.0	3.082078695297241e-06
16696.0	15.0	1.0	0.0	1.4956600467361211e-05
16711.0	15.0	1.0	0.0	5.621823469797498e-05
16726.0	15.0	1.0	0.0	8.8763157526652e-06
16741.0	15.0	1.0	0.0	4.296819368998211e-06
16756.0	15.0	1.0	0.0	5.244072278340657e-06
16771.0	15.0	1.0	0.0	4.420145352681477e-06
16786.0	15.0	1.0	0.0	3.2222191492716474e-06
16801.0	15.0	1.0	0.0	7.43406613667806e-06
16816.0	15.0	1.0	0.0	9.148017565409342e-06
16831.0	15.0	1.0	0.0	8.4626038869222e-06
16846.0	15.0	1.0	0.0	4.860353469848633e-06
16861.0	15.0	1.0	0.0	5.294179916381836e-06
16876.0	15.0	1.0	0.0	5.543193817138409e-05
16891.0	15.0	1.0	0.0	2.0077435175577795e-05
16906.0	15.0	1.0	0.0	7.115697860716956e-05
16921.0	15.0	1.0	0.0	1.5774027506510414e-05
16936.0	15.0	1.0	0.0	9.952386220296222e-06
16951.0	15.0	1.0	0.0	1.3860448201497397e-05
16966.0	15.0	1.0	0.0	6.653849283854165e-06
16981.0	15.0	1.0	0.0	4.439290364583332e-06
16996.0	15.0	1.0	0.0	3.4999529520670574e-06
17011.0	15.0	1.0	0.0	2.8681084513664243e-06
17026.0	15.0	1.0	0.0	2.3776859045028684e-06
17041.0	15.0	1.0	0.0	2.125174303849538e-06
17056.0	15.0	1.0	0.0	1.8288721640904743e-06
17071.0	15.0	1.0	0.0	1.978726188341777e-06
17086.0	15.0	1.0	0.0	3.0894120534261063e-06
17101.0	15.0	1.0	0.0	4.604981342951456e-06
17116.0	15.0	1.0	0.0	3.0916055043538406e-06
17131.0	15.0	1.0	0.0	2.2669156392413938e-05
17146.0	15.0	1.0	0.0	1.500717798868815e-05
17161.0	15.0	1.0	0.0	8.313075701395671e-06
17176.0	15.0	1.0	0.0	1.2014905611673992e-05
17191.0	15.0	1.0	0.0	2.141562302907308e-05
17206.0	15.0	1.0	0.0	0.00013973872661588756
17221.0	15.0	1.0	0.0	0.00011350240707395565
17236.0	15.0	1.0	0.0	0.00013155225117998925
17251.0	15.0	1.0	0.0	0.00015417639414463995
17266.0	15.0	1.0	0.0	7.4336560567211e-05
17281.0	15.0	1.0	0.0	3.347803751627604e-05
17296.0	15.0	1.0	0.0	1.7503674825032553e-05
17311.0	15.0	1.0	0.0	1.1194356282552085e-05
17326.0	15.0	1.0	0.0	7.292556762695313e-06
17341.0	15.0	1.0	0.0	5.29950459798177e-06
17356.0	15.0	1.0	0.0	4.043833414713542e-06
17371.0	15.0	1.0	0.0	3.2395339260498687e-06
17386.0	15.0	1.0	0.0	2.6814079533020653e-06
17401.0	15.0	1.0	0.0	2.2807516157627106e-06
17416.0	15.0	1.0	0.0	1.9699742396672566e-06
17431.0	15.0	1.0	0.0	1.4636917908986411e-05
17446.0	15.0	1.0	0.0	0.00023715921640395042
17461.0	15.0	1.0	0.0	4.8750162124621866e-05
17476.0	15.0	1.0	0.0	2.7663644154866535e-05
17491.0	15.0	1.0	0.0	3.7381903330485026e-05
17506.0	15.0	1.0	0.0	2.912906010945638e-05
17521.0	15.0	1.0	0.0	0.0002729633649190047
17536.0	15.0	1.0	0.0	0.0011326908747354668
17551.0	15.0	1.0	0.0	0.0014597643534342
17566.0	15.0	1.0	0.0	0.0005702481587727267
17581.0	15.0	1.0	0.0	0.0003208887736002133
17596.0	15.0	1.0	0.0	0.00017654596964514
17611.0	15.0	1.0	0.0	9.260406494139792e-05
17626.0	15.0	1.0	0.0	5.26702880859375e-05
17641.0	15.0	1.0	0.0	6.768595377603709e-05
17656.0	15.0	1.0	0.0	0.0001344823201497233
17671.0	15.0	1.0	0.0	7.363586425780583e-05
17686.0	15.0	1.0	0.0	7.31135050455625e-05
17701.0	15.0	1.0	0.0	3.122965494791667e-05
17716.0	15.0	1.0	0.0	1.7645772298177085e-05
17731.0	15.0	1.0	0.0	1.145549931873878e-05
17746.0	15.0	1.0	0.0	8.091521076858045e-06
17761.0	15.0	1.0	0.0	6.1441779136657715e-06
17776.0	15.0	1.0	0.0	1.4492524663607281e-05
17791.0	15.0	1.0	0.0	0.0005193918685118135
17806.0	15.0	1.0	0.0	0.0032830773035684665
17821.0	15.0	1.0	0.0	0.00401802419026688
17836.0	15.0	1.0	0.0	0.0012326217651366731
17851.0	15.0	1.0	0.0	0.0015089782714843266
17866.0	15.0	1.0	0.0	0.0009281636555989133
17881.0	15.0	1.0	0.0	0.0006788696289061998
17896.0	15.0	1.0	0.0	0.0005682342529296402
17911.0	15.0	1.0	0.0	0.0003541544596353733
17926.0	15.0	1.0	0.0	0.00029879252115881335
17941.0	15.0	1.0	0.0	0.0003376047770181733
17956.0	15.0	1.0	0.0	0.00021462707519526666
17971.0	15.0	1.0	0.0	0.00010677693684893751
17986.0	15.0	1.0	0.0	5.710347493489583e-05
18001.0	15.0	1.0	0.0	3.3688354492187496e-05
18016.0	15.0	1.0	0.0	2.09625244140625e-05
18031.0	15.0	1.0	0.0	1.2870279947916665e-05
18046.0	15.0	1.0	0.0	8.645629882812498e-06
18061.0	15.0	1.0	0.0	8.396402994791667e-06
18076.0	15.0	1.0	0.0	4.962158203124999e-06
18091.0	15.0	1.0	0.0	3.865559895833334e-06
18106.0	15.0	1.0	0.0	3.1408506135145824e-06
18121.0	15.0	1.0	0.0	2.639839798212051e-06
18136.0	15.0	1.0	0.0	2.2380118568738308e-06
18151.0	15.0	1.0	0.0	4.41464086373647e-06
18166.0	15.0	1.0	0.0	0.0001914222816626191
18181.0	15.0	1.0	0.0	0.0011560736497242734
18196.0	15.0	1.0	0.0	0.00047605895996089324
18211.0	15.0	1.0	0.0	0.00023435020446772002
18226.0	15.0	1.0	0.0	0.0003380589803059266
18241.0	15.0	1.0	0.0	0.0002894454956054134
18256.0	7.0	1.0	0.0	0.00021538598196844285
