stress_period	sp_length	time_step	study (0 : TS or 1 : SS)	rech
0.0	1.0	1.0	1.0	0.0006124050902983803
1.0	21.0	1.0	0.0	0.002134254092261852
22.0	21.0	1.0	0.0	0.0012166108630951905
43.0	21.0	1.0	0.0	0.0008524852934337332
64.0	21.0	1.0	0.0	0.0004138256254649905
85.0	21.0	1.0	0.0	0.0004345092773437
106.0	21.0	1.0	0.0	0.0003890853155226428
127.0	21.0	1.0	0.0	0.00023392014276409526
148.0	21.0	1.0	0.0	0.00012727573939728276
169.0	21.0	1.0	0.0	5.740429106212797e-05
190.0	21.0	1.0	0.0	3.6994570777529765e-05
211.0	21.0	1.0	0.0	2.0494722184680754e-05
232.0	21.0	1.0	0.0	4.380461147852425e-05
253.0	21.0	1.0	0.0	3.22230600175387e-05
274.0	21.0	1.0	0.0	7.545064176830873e-05
295.0	21.0	1.0	0.0	0.0001802103746504476
316.0	21.0	1.0	0.0	0.0007559103965758858
337.0	21.0	1.0	0.0	0.0023930941990443193
358.0	21.0	1.0	0.0	0.002416849772135362
379.0	21.0	1.0	0.0	0.002308584304082929
400.0	21.0	1.0	0.0	0.001543940952845938
421.0	21.0	1.0	0.0	0.0007391640799385762
442.0	21.0	1.0	0.0	0.00046173531668521913
463.0	21.0	1.0	0.0	0.0005471714564731714
484.0	21.0	1.0	0.0	0.00023980058942518095
505.0	21.0	1.0	0.0	0.00018495396205351903
526.0	21.0	1.0	0.0	0.00011534481956843512
547.0	21.0	1.0	0.0	5.436197916666667e-05
568.0	21.0	1.0	0.0	3.1817941438584103e-05
589.0	21.0	1.0	0.0	1.8946687380472818e-05
610.0	21.0	1.0	0.0	3.133121558597853e-05
631.0	21.0	1.0	0.0	0.0001793483609244576
652.0	21.0	1.0	0.0	0.00029216800417213804
673.0	21.0	1.0	0.0	0.0002700648534865096
694.0	21.0	1.0	0.0	0.0005024226052419953
715.0	21.0	1.0	0.0	0.0009676082247779048
736.0	21.0	1.0	0.0	0.0013731883821032857
757.0	21.0	1.0	0.0	0.0007848412649971667
778.0	21.0	1.0	0.0	0.0005147032964796809
799.0	21.0	1.0	0.0	0.0009924650646390854
820.0	21.0	1.0	0.0	0.001099430629185233
841.0	21.0	1.0	0.0	0.000600629534040138
862.0	21.0	1.0	0.0	0.00027742004394525717
883.0	21.0	1.0	0.0	0.00010994175502230356
904.0	21.0	1.0	0.0	4.1227068219866066e-05
925.0	21.0	1.0	0.0	0.00013764228849183393
946.0	21.0	1.0	0.0	3.982114082291013e-05
967.0	21.0	1.0	0.0	4.3680236453097616e-05
988.0	21.0	1.0	0.0	3.8489716393607004e-05
1009.0	21.0	1.0	0.0	0.00014411347252980586
1030.0	21.0	1.0	0.0	0.00025247199194767145
1051.0	21.0	1.0	0.0	0.0004989435105096189
1072.0	21.0	1.0	0.0	0.002320279348464186
1093.0	21.0	1.0	0.0	0.003621941339401924
1114.0	21.0	1.0	0.0	0.0013790181477864238
1135.0	21.0	1.0	0.0	0.0014095429920014477
1156.0	21.0	1.0	0.0	0.001288992018926662
1177.0	21.0	1.0	0.0	0.0003718486967540571
1198.0	21.0	1.0	0.0	0.00010941423688614227
1219.0	21.0	1.0	0.0	5.502755301339288e-05
1240.0	21.0	1.0	0.0	3.370230538504464e-05
1261.0	21.0	1.0	0.0	2.085077194940476e-05
1282.0	21.0	1.0	0.0	1.282101585751488e-05
1303.0	21.0	1.0	0.0	8.721489991460528e-06
1324.0	21.0	1.0	0.0	2.181684190318156e-05
1345.0	21.0	1.0	0.0	1.2234764439715584e-05
1366.0	21.0	1.0	0.0	0.0001334530086744194
1387.0	21.0	1.0	0.0	4.214374224344889e-05
1408.0	21.0	1.0	0.0	0.0009082534880864775
1429.0	21.0	1.0	0.0	0.0013339737483432906
1450.0	21.0	1.0	0.0	0.0027065803891136047
1471.0	21.0	1.0	0.0	0.0017673012869698235
1492.0	21.0	1.0	0.0	0.0018268984840029284
1513.0	21.0	1.0	0.0	0.0019618232363745763
1534.0	21.0	1.0	0.0	0.0012937106177919955
1555.0	21.0	1.0	0.0	0.0007078159877231714
1576.0	21.0	1.0	0.0	0.0003897516159783904
1597.0	21.0	1.0	0.0	0.00024010213216141906
1618.0	21.0	1.0	0.0	0.00010176304408479881
1639.0	21.0	1.0	0.0	4.351225353422619e-05
1660.0	21.0	1.0	0.0	2.521252774056934e-05
1681.0	21.0	1.0	0.0	1.5624246426991055e-05
1702.0	21.0	1.0	0.0	1.1013777483077276e-05
1723.0	21.0	1.0	0.0	0.00016071954795290693
1744.0	21.0	1.0	0.0	0.00026581587110242476
1765.0	21.0	1.0	0.0	0.00026547018686926194
1786.0	21.0	1.0	0.0	0.0006167213803245332
1807.0	21.0	1.0	0.0	0.0014487012227375762
1828.0	21.0	1.0	0.0	0.0021861254374185768
1849.0	21.0	1.0	0.0	0.001067790440150619
1870.0	21.0	1.0	0.0	0.0008379037039620237
1891.0	21.0	1.0	0.0	0.001439813523065438
1912.0	21.0	1.0	0.0	0.0012754327683221333
1933.0	21.0	1.0	0.0	0.0006598285493396047
1954.0	21.0	1.0	0.0	0.0001863301595051619
1975.0	21.0	1.0	0.0	8.524940127417084e-05
1996.0	21.0	1.0	0.0	3.808811732700892e-05
2017.0	21.0	1.0	0.0	2.0565214611235122e-05
2038.0	21.0	1.0	0.0	1.2696846610023863e-05
2059.0	21.0	1.0	0.0	9.493123917352588e-06
2080.0	21.0	1.0	0.0	0.00012567867409613563
2101.0	21.0	1.0	0.0	1.8104644048781623e-05
2122.0	21.0	1.0	0.0	0.0002904364381517346
2143.0	21.0	1.0	0.0	0.002210983185541014
2164.0	21.0	1.0	0.0	0.0022913029988606286
2185.0	21.0	1.0	0.0	0.0029933435349236903
2206.0	21.0	1.0	0.0	0.0013978177025204095
2227.0	21.0	1.0	0.0	0.0005586090087890238
2248.0	21.0	1.0	0.0	0.00031937953404013807
2269.0	21.0	1.0	0.0	0.0007540522984095574
2290.0	21.0	1.0	0.0	0.0005949641636439333
2311.0	21.0	1.0	0.0	0.00026704334077376187
2332.0	21.0	1.0	0.0	8.634585425966369e-05
2353.0	21.0	1.0	0.0	3.657749720982143e-05
2374.0	21.0	1.0	0.0	2.4764288039434523e-05
2395.0	21.0	1.0	0.0	3.8429234709056106e-05
2416.0	21.0	1.0	0.0	5.342383895601299e-05
2437.0	21.0	1.0	0.0	2.155821663992746e-05
2458.0	21.0	1.0	0.0	1.6639141809372673e-05
2479.0	21.0	1.0	0.0	4.259343374342708e-05
2500.0	21.0	1.0	0.0	0.00034268263408111424
2521.0	21.0	1.0	0.0	0.00039399514879495716
2542.0	21.0	1.0	0.0	0.0005260983421688476
2563.0	21.0	1.0	0.0	0.0012663996560232477
2584.0	21.0	1.0	0.0	0.001696260361444324
2605.0	21.0	1.0	0.0	0.0010535754249208953
2626.0	21.0	1.0	0.0	0.0004079277401878285
2647.0	21.0	1.0	0.0	0.00012507665724977707
2668.0	21.0	1.0	0.0	7.46830531529009e-05
2689.0	21.0	1.0	0.0	8.725992838540684e-05
2710.0	21.0	1.0	0.0	7.015119280133928e-05
2731.0	21.0	1.0	0.0	0.00016910807291665238
2752.0	21.0	1.0	0.0	0.00016873404383656453
2773.0	21.0	1.0	0.0	7.087648056802296e-05
2794.0	21.0	1.0	0.0	4.2539062954130624e-05
2815.0	21.0	1.0	0.0	0.00022747126079738795
2836.0	21.0	1.0	0.0	0.00013861515408466316
2857.0	21.0	1.0	0.0	0.00018384838104244284
2878.0	21.0	1.0	0.0	0.001990033558436757
2899.0	21.0	1.0	0.0	0.0021747616359165285
2920.0	21.0	1.0	0.0	0.0021769863310313856
2941.0	21.0	1.0	0.0	0.002962551298595557
2962.0	21.0	1.0	0.0	0.001831580752418109
2983.0	21.0	1.0	0.0	0.0007066090901692286
3004.0	21.0	1.0	0.0	0.0008357950846353856
3025.0	21.0	1.0	0.0	0.0004786725725446142
3046.0	21.0	1.0	0.0	0.0003170790899367142
3067.0	21.0	1.0	0.0	0.00012103126162571309
3088.0	21.0	1.0	0.0	4.750133696056548e-05
3109.0	21.0	1.0	0.0	2.327473958333333e-05
3130.0	21.0	1.0	0.0	1.3356750919705346e-05
3151.0	21.0	1.0	0.0	8.549274433226812e-06
3172.0	21.0	1.0	0.0	6.322056055068971e-06
3193.0	21.0	1.0	0.0	1.1648425034114293e-05
3214.0	21.0	1.0	0.0	0.00020711533228553563
3235.0	21.0	1.0	0.0	0.00021137587229407532
3256.0	21.0	1.0	0.0	0.0012312696093604285
3277.0	21.0	1.0	0.0	0.0026663491385323286
3298.0	21.0	1.0	0.0	0.0031806825910295237
3319.0	21.0	1.0	0.0	0.0025312202090308385
3340.0	21.0	1.0	0.0	0.0013403538295200523
3361.0	21.0	1.0	0.0	0.0009917275565010763
3382.0	21.0	1.0	0.0	0.00048186383928566664
3403.0	21.0	1.0	0.0	0.00013723609561008333
3424.0	21.0	1.0	0.0	6.481206984747026e-05
3445.0	21.0	1.0	0.0	3.195481073288691e-05
3466.0	21.0	1.0	0.0	1.759120396205357e-05
3487.0	21.0	1.0	0.0	1.913253608203831e-05
3508.0	21.0	1.0	0.0	4.853636168297619e-05
3529.0	21.0	1.0	0.0	3.46606913067007e-05
3550.0	21.0	1.0	0.0	4.536875656672012e-05
3571.0	21.0	1.0	0.0	1.2822139830816361e-05
3592.0	21.0	1.0	0.0	0.0001801638603210156
3613.0	21.0	1.0	0.0	0.00030200386047360477
3634.0	21.0	1.0	0.0	0.0015116133916945186
3655.0	21.0	1.0	0.0	0.002517609005882576
3676.0	21.0	1.0	0.0	0.0020502312069847002
3697.0	21.0	1.0	0.0	0.0006654009137834427
3718.0	21.0	1.0	0.0	0.0004584742954798714
3739.0	21.0	1.0	0.0	0.0009975011916387238
3760.0	21.0	1.0	0.0	0.0003081701369512143
3781.0	21.0	1.0	0.0	0.00011043294270831549
3802.0	21.0	1.0	0.0	6.708780924479049e-05
3823.0	21.0	1.0	0.0	3.3016386486235116e-05
3844.0	21.0	1.0	0.0	4.482596261160416e-05
3865.0	21.0	1.0	0.0	2.1329830090204878e-05
3886.0	21.0	1.0	0.0	1.3631589355922884e-05
3907.0	21.0	1.0	0.0	0.00016685227836880389
3928.0	21.0	1.0	0.0	0.00017421116147721893
3949.0	21.0	1.0	0.0	0.0009067740894498762
3970.0	21.0	1.0	0.0	0.0011223117283411857
3991.0	21.0	1.0	0.0	0.0018246783301943427
4012.0	21.0	1.0	0.0	0.001806523640950462
4033.0	21.0	1.0	0.0	0.0012472261701310956
4054.0	21.0	1.0	0.0	0.001662819998604867
4075.0	21.0	1.0	0.0	0.0010665777297246572
4096.0	21.0	1.0	0.0	0.0006783360072544189
4117.0	21.0	1.0	0.0	0.0012431023007347
4138.0	21.0	1.0	0.0	0.0007078109014601573
4159.0	21.0	1.0	0.0	0.0001895940871465429
4180.0	21.0	1.0	0.0	7.548014322916665e-05
4201.0	21.0	1.0	0.0	3.967866443452381e-05
4222.0	21.0	1.0	0.0	2.266250621704828e-05
4243.0	21.0	1.0	0.0	1.3669326191856746e-05
4264.0	21.0	1.0	0.0	1.007231076558431e-05
4285.0	21.0	1.0	0.0	5.252095347357772e-05
4306.0	21.0	1.0	0.0	2.398996693747385e-05
4327.0	21.0	1.0	0.0	7.987749008904588e-05
4348.0	21.0	1.0	0.0	0.0003475810232616095
4369.0	21.0	1.0	0.0	0.0007576388858612952
4390.0	21.0	1.0	0.0	0.0018453859601701478
4411.0	21.0	1.0	0.0	0.0024433542887369285
4432.0	21.0	1.0	0.0	0.0017572264898390523
4453.0	21.0	1.0	0.0	0.0006478387741815047
4474.0	21.0	1.0	0.0	0.0002192789713541286
4495.0	21.0	1.0	0.0	0.00016420346214652857
4516.0	21.0	1.0	0.0	0.00016731625511529047
4537.0	21.0	1.0	0.0	0.00015139625186007144
4558.0	21.0	1.0	0.0	0.00019976879301521848
4579.0	21.0	1.0	0.0	7.861335788453257e-05
4600.0	21.0	1.0	0.0	3.860360383987428e-05
4621.0	21.0	1.0	0.0	2.233162380400158e-05
4642.0	21.0	1.0	0.0	1.4760709944225494e-05
4663.0	21.0	1.0	0.0	0.00019228478840417444
4684.0	21.0	1.0	0.0	6.900462650116787e-05
4705.0	21.0	1.0	0.0	0.00010506382442654338
4726.0	21.0	1.0	0.0	0.0007854054314749048
4747.0	21.0	1.0	0.0	0.0034890602656772714
4768.0	21.0	1.0	0.0	0.002890099661690786
4789.0	21.0	1.0	0.0	0.0019475272042410287
4810.0	21.0	1.0	0.0	0.0006188972109839573
4831.0	21.0	1.0	0.0	0.00025161670503157617
4852.0	21.0	1.0	0.0	0.0002714240664527143
4873.0	21.0	1.0	0.0	0.0001924649193172857
4894.0	21.0	1.0	0.0	9.023103259857499e-05
4915.0	21.0	1.0	0.0	4.8974173409598213e-05
4936.0	21.0	1.0	0.0	2.5036766415550597e-05
4957.0	21.0	1.0	0.0	1.468361204578763e-05
4978.0	21.0	1.0	0.0	3.490335104010826e-05
4999.0	21.0	1.0	0.0	8.016469932737805e-06
5020.0	21.0	1.0	0.0	6.54239881606329e-06
5041.0	21.0	1.0	0.0	0.00010560090768904261
5062.0	21.0	1.0	0.0	0.00023701352164853806
5083.0	21.0	1.0	0.0	0.00012372307550335518
5104.0	21.0	1.0	0.0	0.0010703387487501809
5125.0	21.0	1.0	0.0	0.0012517614818754142
5146.0	21.0	1.0	0.0	0.0018262443542479997
5167.0	21.0	1.0	0.0	0.0017779490152994382
5188.0	21.0	1.0	0.0	0.0007857164655412571
5209.0	21.0	1.0	0.0	0.00028389994303380946
5230.0	21.0	1.0	0.0	0.00020886521112346664
5251.0	21.0	1.0	0.0	7.849484398250474e-05
5272.0	21.0	1.0	0.0	3.596859886532738e-05
5293.0	21.0	1.0	0.0	3.331574939545952e-05
5314.0	21.0	1.0	0.0	1.437052268357504e-05
5335.0	21.0	1.0	0.0	9.518015597547802e-06
5356.0	21.0	1.0	0.0	7.745495864323206e-06
5377.0	21.0	1.0	0.0	9.052101912951569e-05
5398.0	21.0	1.0	0.0	8.838446935016928e-05
5419.0	21.0	1.0	0.0	0.00032705876940768093
5440.0	21.0	1.0	0.0	0.001169230597359738
5461.0	21.0	1.0	0.0	0.002043214343842957
5482.0	21.0	1.0	0.0	0.0028619635445730567
5503.0	21.0	1.0	0.0	0.0031964292980375332
5524.0	21.0	1.0	0.0	0.001678738548642067
5545.0	21.0	1.0	0.0	0.0010320042201450378
5566.0	21.0	1.0	0.0	0.0007326427641368717
5587.0	21.0	1.0	0.0	0.0003086722237722856
5608.0	21.0	1.0	0.0	0.00011418369838166908
5629.0	21.0	1.0	0.0	6.208583286830358e-05
5650.0	21.0	1.0	0.0	7.784307570684165e-05
5671.0	21.0	1.0	0.0	0.00010756574358258452
5692.0	21.0	1.0	0.0	6.58423957370538e-05
5713.0	21.0	1.0	0.0	5.392654169172703e-05
5734.0	21.0	1.0	0.0	0.00014302530742825193
5755.0	21.0	1.0	0.0	0.0005834105128333191
5776.0	21.0	1.0	0.0	0.00044770186288010477
5797.0	21.0	1.0	0.0	0.002640955062139543
5818.0	21.0	1.0	0.0	0.003156965709867881
5839.0	21.0	1.0	0.0	0.0021622002011253286
5860.0	21.0	1.0	0.0	0.003637741088867138
5881.0	21.0	1.0	0.0	0.003328241257440443
5902.0	21.0	1.0	0.0	0.0015686296735490759
5923.0	21.0	1.0	0.0	0.0009177231561569568
5944.0	21.0	1.0	0.0	0.0003936723981584523
5965.0	21.0	1.0	0.0	0.00013544718424474643
5986.0	21.0	1.0	0.0	5.1202683221726185e-05
6007.0	21.0	1.0	0.0	2.5591169084821434e-05
6028.0	21.0	1.0	0.0	9.365844726562501e-05
6049.0	21.0	1.0	0.0	2.6041110356648235e-05
6070.0	21.0	1.0	0.0	1.1644445714496431e-05
6091.0	21.0	1.0	0.0	1.4968948704855785e-05
6112.0	21.0	1.0	0.0	1.3152548245021276e-05
6133.0	21.0	1.0	0.0	0.00015184349673132697
6154.0	21.0	1.0	0.0	0.0005447648366291809
6175.0	21.0	1.0	0.0	0.0020840728396460716
6196.0	21.0	1.0	0.0	0.0031110614594958576
6217.0	21.0	1.0	0.0	0.0032969131469726054
6238.0	21.0	1.0	0.0	0.0022346075148809144
6259.0	21.0	1.0	0.0	0.0008249729701450428
6280.0	21.0	1.0	0.0	0.001806498209635372
6301.0	21.0	1.0	0.0	0.0008628859747023429
6322.0	21.0	1.0	0.0	0.0002786342075892524
6343.0	21.0	1.0	0.0	8.784702845981667e-05
6364.0	21.0	1.0	0.0	4.85868908110119e-05
6385.0	21.0	1.0	0.0	4.6518961588534524e-05
6406.0	21.0	1.0	0.0	2.1200073971634818e-05
6427.0	21.0	1.0	0.0	1.2014879712036678e-05
6448.0	21.0	1.0	0.0	9.050308238892326e-06
6469.0	21.0	1.0	0.0	6.865027404966809e-06
6490.0	21.0	1.0	0.0	5.324587935493106e-06
6511.0	21.0	1.0	0.0	0.00017463910579678733
6532.0	21.0	1.0	0.0	0.0005633738608586809
6553.0	21.0	1.0	0.0	0.0007777563730875239
6574.0	21.0	1.0	0.0	0.0019397165207635382
6595.0	21.0	1.0	0.0	0.0028156622023809146
6616.0	21.0	1.0	0.0	0.0012816430954705619
6637.0	21.0	1.0	0.0	0.001390152704148024
6658.0	21.0	1.0	0.0	0.0008026333763485429
6679.0	21.0	1.0	0.0	0.0005384812127975762
6700.0	21.0	1.0	0.0	0.0003639439174106666
6721.0	21.0	1.0	0.0	9.42346482049649e-05
6742.0	21.0	1.0	0.0	6.362479073660239e-05
6763.0	21.0	1.0	0.0	2.5909423828125e-05
6784.0	21.0	1.0	0.0	3.103293123699148e-05
6805.0	21.0	1.0	0.0	2.604715597061884e-05
6826.0	21.0	1.0	0.0	3.821193604241356e-05
6847.0	21.0	1.0	0.0	0.0003037208602541732
6868.0	21.0	1.0	0.0	0.00012560022444949007
6889.0	21.0	1.0	0.0	0.0002757983888898095
6910.0	21.0	1.0	0.0	0.0018069735027494527
6931.0	21.0	1.0	0.0	0.0018624011448450956
6952.0	21.0	1.0	0.0	0.0010188874744233097
6973.0	21.0	1.0	0.0	0.0015127229236420717
6994.0	21.0	1.0	0.0	0.0013660837809244427
7015.0	21.0	1.0	0.0	0.001388329642159557
7036.0	21.0	1.0	0.0	0.0006638881138392476
7057.0	21.0	1.0	0.0	0.00019510396321610954
7078.0	21.0	1.0	0.0	0.00011114501953122681
7099.0	21.0	1.0	0.0	6.23655773344494e-05
7120.0	21.0	1.0	0.0	3.1327747163318445e-05
7141.0	21.0	1.0	0.0	5.175316333769659e-05
7162.0	21.0	1.0	0.0	5.702611945923622e-05
7183.0	21.0	1.0	0.0	0.0001109391507648147
7204.0	21.0	1.0	0.0	2.9175781068347747e-05
7225.0	21.0	1.0	0.0	0.00012107976277667861
7246.0	21.0	1.0	0.0	0.0002390398525055905
7267.0	21.0	1.0	0.0	0.0011850675401233
7288.0	21.0	1.0	0.0	0.002616963522774777
7309.0	21.0	1.0	0.0	0.0028972640264601527
7330.0	21.0	1.0	0.0	0.0022711566743396096
7351.0	21.0	1.0	0.0	0.001205080304826962
7372.0	21.0	1.0	0.0	0.0005029747372581333
7393.0	21.0	1.0	0.0	0.00023696536109557142
7414.0	21.0	1.0	0.0	0.0001310940697079197
7435.0	21.0	1.0	0.0	9.566388811383037e-05
7456.0	21.0	1.0	0.0	4.981122698102678e-05
7477.0	21.0	1.0	0.0	2.640279134114583e-05
7498.0	21.0	1.0	0.0	0.00020280970792682556
7519.0	21.0	1.0	0.0	4.91272159630344e-05
7540.0	21.0	1.0	0.0	2.6737315314156663e-05
7561.0	21.0	1.0	0.0	7.946750095911476e-05
7582.0	21.0	1.0	0.0	0.0003225707326616133
7603.0	21.0	1.0	0.0	0.00015714259374705243
7624.0	21.0	1.0	0.0	0.00047433421725313804
7645.0	21.0	1.0	0.0	0.0015021107083274714
7666.0	21.0	1.0	0.0	0.0018115410577682618
7687.0	21.0	1.0	0.0	0.0013229980468749427
7708.0	21.0	1.0	0.0	0.0007649503435406905
7729.0	21.0	1.0	0.0	0.0003456747872488476
7750.0	21.0	1.0	0.0	0.00032947213309146665
7771.0	21.0	1.0	0.0	0.00017020961216514285
7792.0	21.0	1.0	0.0	0.00012144906180242381
7813.0	21.0	1.0	0.0	5.458141508556547e-05
7834.0	21.0	1.0	0.0	2.700224376860119e-05
7855.0	21.0	1.0	0.0	1.6822451636904764e-05
7876.0	21.0	1.0	0.0	1.006438760530381e-05
7897.0	21.0	1.0	0.0	7.216510318574451e-06
7918.0	21.0	1.0	0.0	9.281426668167114e-06
7939.0	21.0	1.0	0.0	8.305759656996954e-06
7960.0	21.0	1.0	0.0	1.4088630676269531e-05
7981.0	21.0	1.0	0.0	8.704899322418364e-05
8002.0	21.0	1.0	0.0	0.0002582890306199807
8023.0	21.0	1.0	0.0	0.0002936489922659285
8044.0	21.0	1.0	0.0	0.0014103435788835384
8065.0	21.0	1.0	0.0	0.0014899488176617903
8086.0	21.0	1.0	0.0	0.000990979875837
8107.0	21.0	1.0	0.0	0.0011741249447776716
8128.0	21.0	1.0	0.0	0.0006394028436569619
8149.0	21.0	1.0	0.0	0.0003737865629649762
8170.0	21.0	1.0	0.0	0.00020688738141737145
8191.0	21.0	1.0	0.0	9.75312732514655e-05
8212.0	21.0	1.0	0.0	4.8191615513392865e-05
8233.0	21.0	1.0	0.0	2.4821414833977104e-05
8254.0	21.0	1.0	0.0	1.5440451247351515e-05
8275.0	21.0	1.0	0.0	1.5248654853729972e-05
8296.0	21.0	1.0	0.0	2.0373287655058366e-05
8317.0	21.0	1.0	0.0	1.733007885160647e-05
8338.0	21.0	1.0	0.0	0.00039609265327449815
8359.0	21.0	1.0	0.0	0.0002629544848487095
8380.0	21.0	1.0	0.0	0.0007548583802722237
8401.0	21.0	1.0	0.0	0.0016109872545514241
8422.0	21.0	1.0	0.0	0.0014738805861699666
8443.0	21.0	1.0	0.0	0.001320621308826224
8464.0	21.0	1.0	0.0	0.0010233401343935616
8485.0	21.0	1.0	0.0	0.0003822421119326238
8506.0	21.0	1.0	0.0	0.0003358989897227953
8527.0	21.0	1.0	0.0	0.00021515619187123815
8548.0	21.0	1.0	0.0	0.00013091532389321962
8569.0	21.0	1.0	0.0	7.366362072171726e-05
8590.0	21.0	1.0	0.0	3.961908249627977e-05
8611.0	21.0	1.0	0.0	2.439180300349281e-05
8632.0	21.0	1.0	0.0	1.579587090583075e-05
8653.0	21.0	1.0	0.0	1.8322913419632685e-05
8674.0	21.0	1.0	0.0	5.797620046706059e-05
8695.0	21.0	1.0	0.0	2.0575069245837985e-05
8716.0	21.0	1.0	0.0	0.00021447096552166002
8737.0	21.0	1.0	0.0	0.00032537421726040473
8758.0	21.0	1.0	0.0	0.0005970213753836001
8779.0	21.0	1.0	0.0	0.0006982424599783239
8800.0	21.0	1.0	0.0	0.0008413994198753191
8821.0	21.0	1.0	0.0	0.0019086125691731386
8842.0	21.0	1.0	0.0	0.0006591938563755143
8863.0	21.0	1.0	0.0	0.0006585017613001715
8884.0	21.0	1.0	0.0	0.00026622663225442855
8905.0	21.0	1.0	0.0	0.0001659487769716857
8926.0	21.0	1.0	0.0	7.069396972656011e-05
8947.0	21.0	1.0	0.0	3.398640950520833e-05
8968.0	21.0	1.0	0.0	1.9769944605373196e-05
8989.0	21.0	1.0	0.0	1.6368831197420757e-05
9010.0	21.0	1.0	0.0	1.3416903359549384e-05
9031.0	21.0	1.0	0.0	6.9355879511152e-06
9052.0	21.0	1.0	0.0	9.398727189926875e-06
9073.0	21.0	1.0	0.0	6.591751461936097e-05
9094.0	21.0	1.0	0.0	0.00014992321105228152
9115.0	21.0	1.0	0.0	0.0007328553199767619
9136.0	21.0	1.0	0.0	0.0011520132337297189
9157.0	21.0	1.0	0.0	0.001108465103875981
9178.0	21.0	1.0	0.0	0.0008893109276180715
9199.0	21.0	1.0	0.0	0.00047271837506970463
9220.0	21.0	1.0	0.0	0.00023185148693261428
9241.0	21.0	1.0	0.0	0.0002378460112071667
9262.0	21.0	1.0	0.0	0.00015067545572912378
9283.0	21.0	1.0	0.0	9.188879103886875e-05
9304.0	21.0	1.0	0.0	0.0001554369245256562
9325.0	21.0	1.0	0.0	4.417450442200614e-05
9346.0	21.0	1.0	0.0	3.824714180968739e-05
9367.0	21.0	1.0	0.0	1.8022613865988594e-05
9388.0	21.0	1.0	0.0	4.562158811659547e-05
9409.0	21.0	1.0	0.0	2.4884882427397233e-05
9430.0	21.0	1.0	0.0	0.00014709949493405645
9451.0	21.0	1.0	0.0	0.0003203346842810733
9472.0	21.0	1.0	0.0	0.0003601685932703809
9493.0	21.0	1.0	0.0	0.002235951559884153
9514.0	21.0	1.0	0.0	0.0012637627011253191
9535.0	21.0	1.0	0.0	0.0005388554164341095
9556.0	21.0	1.0	0.0	0.0010691310337611
9577.0	21.0	1.0	0.0	0.0016010702224004331
9598.0	21.0	1.0	0.0	0.0010504455566405762
9619.0	21.0	1.0	0.0	0.00022741626557844764
9640.0	21.0	1.0	0.0	8.195059640066013e-05
9661.0	21.0	1.0	0.0	4.1452317010788695e-05
9682.0	21.0	1.0	0.0	8.927263532365239e-05
9703.0	21.0	1.0	0.0	2.106342713038127e-05
9724.0	21.0	1.0	0.0	1.4112066654931928e-05
9745.0	21.0	1.0	0.0	1.060504288900466e-05
9766.0	21.0	1.0	0.0	2.0886350245702832e-05
9787.0	21.0	1.0	0.0	0.0001037144774482263
9808.0	21.0	1.0	0.0	0.0006389898572648715
9829.0	21.0	1.0	0.0	0.0007229116530645
9850.0	21.0	1.0	0.0	0.0018723587762741335
9871.0	21.0	1.0	0.0	0.0023419131324404338
9892.0	21.0	1.0	0.0	0.0010482922508602572
9913.0	21.0	1.0	0.0	0.000469336373465362
9934.0	21.0	1.0	0.0	0.001501988728841114
9955.0	21.0	1.0	0.0	0.0011601257324218334
9976.0	21.0	1.0	0.0	0.0004120570591517382
9997.0	21.0	1.0	0.0	0.0001703469412666857
10018.0	21.0	1.0	0.0	7.763163248697203e-05
10039.0	21.0	1.0	0.0	9.402465820312261e-05
10060.0	21.0	1.0	0.0	2.4108405978906722e-05
10081.0	21.0	1.0	0.0	1.4480404555797576e-05
10102.0	21.0	1.0	0.0	1.3927527836390909e-05
10123.0	21.0	1.0	0.0	1.731800749188378e-05
10144.0	21.0	1.0	0.0	2.7018019131244302e-05
10165.0	21.0	1.0	0.0	0.0003157671803519379
10186.0	21.0	1.0	0.0	0.0006726045154389429
10207.0	21.0	1.0	0.0	0.0015138548896425762
10228.0	21.0	1.0	0.0	0.0011260252453031523
10249.0	21.0	1.0	0.0	0.0005954251970563191
10270.0	21.0	1.0	0.0	0.0022114995320637524
10291.0	21.0	1.0	0.0	0.0020736563546316523
10312.0	21.0	1.0	0.0	0.0008513866606212427
10333.0	21.0	1.0	0.0	0.0004590846470423714
10354.0	21.0	1.0	0.0	0.0002578735351562047
10375.0	21.0	1.0	0.0	0.00018455941336491908
10396.0	21.0	1.0	0.0	6.91353934151744e-05
10417.0	21.0	1.0	0.0	4.1011265345982136e-05
10438.0	21.0	1.0	0.0	1.8736426319394793e-05
10459.0	21.0	1.0	0.0	1.1456947951089766e-05
10480.0	21.0	1.0	0.0	2.941719123294814e-05
10501.0	21.0	1.0	0.0	9.317097209748766e-06
10522.0	21.0	1.0	0.0	9.214033399308199e-05
10543.0	21.0	1.0	0.0	4.993258203778199e-05
10564.0	21.0	1.0	0.0	0.0007107441765921119
10585.0	21.0	1.0	0.0	0.002344385964529809
10606.0	21.0	1.0	0.0	0.0017832191103980186
10627.0	21.0	1.0	0.0	0.0022893415178571
10648.0	21.0	1.0	0.0	0.0012676239013671379
10669.0	21.0	1.0	0.0	0.00029270135788685245
10690.0	21.0	1.0	0.0	9.500630696613155e-05
10711.0	21.0	1.0	0.0	6.684657505579999e-05
10732.0	21.0	1.0	0.0	5.016871861049107e-05
10753.0	21.0	1.0	0.0	3.105018252418155e-05
10774.0	21.0	1.0	0.0	1.7288934616815477e-05
10795.0	21.0	1.0	0.0	1.2193983864216575e-05
10816.0	21.0	1.0	0.0	8.426515474205924e-06
10837.0	21.0	1.0	0.0	8.887787659962972e-06
10858.0	21.0	1.0	0.0	1.559906914120629e-05
10879.0	21.0	1.0	0.0	8.392333984374999e-06
10900.0	21.0	1.0	0.0	4.244759820755641e-05
10921.0	21.0	1.0	0.0	0.0002052146820794739
10942.0	21.0	1.0	0.0	0.00029749795368736186
10963.0	21.0	1.0	0.0	0.0016075571605136951
10984.0	21.0	1.0	0.0	0.0024889359247116335
11005.0	21.0	1.0	0.0	0.0033688132876441143
11026.0	21.0	1.0	0.0	0.001280054001581057
11047.0	21.0	1.0	0.0	0.0003488551548548618
11068.0	21.0	1.0	0.0	0.00015404982793894287
11089.0	21.0	1.0	0.0	0.00016835893903454288
11110.0	21.0	1.0	0.0	0.00016053190685449522
11131.0	21.0	1.0	0.0	8.977472214470238e-05
11152.0	21.0	1.0	0.0	3.8068361402977086e-05
11173.0	21.0	1.0	0.0	2.152099903850328e-05
11194.0	21.0	1.0	0.0	1.3288662547156926e-05
11215.0	21.0	1.0	0.0	8.955245926266627e-06
11236.0	21.0	1.0	0.0	6.712558723631359e-06
11257.0	21.0	1.0	0.0	2.388897963932582e-05
11278.0	21.0	1.0	0.0	3.647260438827773e-05
11299.0	21.0	1.0	0.0	0.0002864426885331929
11320.0	21.0	1.0	0.0	0.000736375944954962
11341.0	21.0	1.0	0.0	0.0010251441228956906
11362.0	21.0	1.0	0.0	0.0004937012082053953
11383.0	21.0	1.0	0.0	0.0003745387849353095
11404.0	21.0	1.0	0.0	0.0004840972537085619
11425.0	21.0	1.0	0.0	0.0003374851771763
11446.0	21.0	1.0	0.0	0.00022656467982696188
11467.0	21.0	1.0	0.0	8.34386916387497e-05
11488.0	21.0	1.0	0.0	3.6967322939918154e-05
11509.0	21.0	1.0	0.0	1.8497285388764882e-05
11530.0	21.0	1.0	0.0	1.1222949340229944e-05
11551.0	21.0	1.0	0.0	1.0196876667794728e-05
11572.0	21.0	1.0	0.0	2.9676167737862827e-05
11593.0	21.0	1.0	0.0	6.14217065629505e-06
11614.0	21.0	1.0	0.0	0.00011146086170557999
11635.0	21.0	1.0	0.0	0.00027501166434512457
11656.0	21.0	1.0	0.0	0.0008377551124209046
11677.0	21.0	1.0	0.0	0.002380331856863781
11698.0	21.0	1.0	0.0	0.004461480640229681
11719.0	21.0	1.0	0.0	0.0030005732945032997
11740.0	21.0	1.0	0.0	0.0015261768159411761
11761.0	21.0	1.0	0.0	0.0017528192429315044
11782.0	21.0	1.0	0.0	0.0006398141043526381
11803.0	21.0	1.0	0.0	0.00018496994745159526
11824.0	21.0	1.0	0.0	0.00011553664434521903
11845.0	21.0	1.0	0.0	5.325026739211308e-05
11866.0	21.0	1.0	0.0	2.4512881324404764e-05
11887.0	21.0	1.0	0.0	1.4307917583556402e-05
11908.0	21.0	1.0	0.0	8.987036489305044e-06
11929.0	21.0	1.0	0.0	0.000120192226909439
11950.0	21.0	1.0	0.0	0.00014087867736814426
11971.0	21.0	1.0	0.0	5.1201684134342676e-05
11992.0	21.0	1.0	0.0	0.00044084369568593286
12013.0	21.0	1.0	0.0	0.0005819324311755524
12034.0	21.0	1.0	0.0	0.0014914035797118622
12055.0	21.0	1.0	0.0	0.002605055127825009
12076.0	21.0	1.0	0.0	0.0014353590465726903
12097.0	21.0	1.0	0.0	0.0015694521949404234
12118.0	21.0	1.0	0.0	0.0015031869070870096
12139.0	21.0	1.0	0.0	0.00033991059802822857
12160.0	21.0	1.0	0.0	0.00016879563104535238
12181.0	21.0	1.0	0.0	0.00011142839704238452
12202.0	21.0	1.0	0.0	5.134073893229167e-05
12223.0	21.0	1.0	0.0	2.300080798921131e-05
12244.0	21.0	1.0	0.0	1.2951805478050595e-05
12265.0	21.0	1.0	0.0	8.502097356887091e-06
12286.0	21.0	1.0	0.0	2.5316312199544608e-05
12307.0	21.0	1.0	0.0	7.545763537997291e-06
12328.0	21.0	1.0	0.0	0.0002392725916135601
12349.0	21.0	1.0	0.0	0.00044508559363223333
12370.0	21.0	1.0	0.0	0.00020104044959652853
12391.0	21.0	1.0	0.0	0.0005334313710530096
12412.0	21.0	1.0	0.0	0.001553790864490276
12433.0	21.0	1.0	0.0	0.002263215201241581
12454.0	21.0	1.0	0.0	0.0018026831490652476
12475.0	21.0	1.0	0.0	0.0016804330008370098
12496.0	21.0	1.0	0.0	0.0006617896670386428
12517.0	21.0	1.0	0.0	0.00039140683128715707
12538.0	21.0	1.0	0.0	0.00017140343075702858
12559.0	21.0	1.0	0.0	6.360444568452382e-05
12580.0	21.0	1.0	0.0	2.826872326078869e-05
12601.0	21.0	1.0	0.0	1.5718005952380957e-05
12622.0	21.0	1.0	0.0	1.0277998944123587e-05
12643.0	21.0	1.0	0.0	2.5430130461849042e-05
12664.0	21.0	1.0	0.0	6.283717496054514e-06
12685.0	21.0	1.0	0.0	5.7033147130686514e-05
12706.0	21.0	1.0	0.0	0.000342507776759875
12727.0	21.0	1.0	0.0	0.0013966539473760236
12748.0	21.0	1.0	0.0	0.0032857923961820564
12769.0	21.0	1.0	0.0	0.0013376530238559715
12790.0	21.0	1.0	0.0	0.0007099442254928906
12811.0	21.0	1.0	0.0	0.002167357671828448
12832.0	21.0	1.0	0.0	0.0017298140752882757
12853.0	21.0	1.0	0.0	0.0006705387660434764
12874.0	21.0	1.0	0.0	0.0003128051757812095
12895.0	21.0	1.0	0.0	0.00012349882579983275
12916.0	21.0	1.0	0.0	5.5051531110491075e-05
12937.0	21.0	1.0	0.0	6.684512183778452e-05
12958.0	21.0	1.0	0.0	4.810006277901786e-05
12979.0	21.0	1.0	0.0	2.7596308007126756e-05
13000.0	21.0	1.0	0.0	6.759434264330215e-05
13021.0	21.0	1.0	0.0	1.589461167653402e-05
13042.0	21.0	1.0	0.0	2.254997548602876e-05
13063.0	21.0	1.0	0.0	1.9490957260131837e-05
13084.0	21.0	1.0	0.0	2.2289616721017018e-05
13105.0	21.0	1.0	0.0	0.00023938042776921635
13126.0	21.0	1.0	0.0	0.0008743030457269143
13147.0	21.0	1.0	0.0	0.0010713621775308858
13168.0	21.0	1.0	0.0	0.001227763039725124
13189.0	21.0	1.0	0.0	0.0008998881748743904
13210.0	21.0	1.0	0.0	0.000640939258393743
13231.0	21.0	1.0	0.0	0.0006271133422851142
13252.0	21.0	1.0	0.0	0.00040141369047613817
13273.0	21.0	1.0	0.0	0.00024458966936379527
13294.0	21.0	1.0	0.0	0.0001734212239582762
13315.0	21.0	1.0	0.0	6.88571021670375e-05
13336.0	21.0	1.0	0.0	3.9803641183035714e-05
13357.0	21.0	1.0	0.0	2.400958679971241e-05
13378.0	21.0	1.0	0.0	1.6168627000990368e-05
13399.0	21.0	1.0	0.0	1.1390808082762218e-05
13420.0	21.0	1.0	0.0	8.215793541499548e-06
13441.0	21.0	1.0	0.0	0.00013592597984130148
13462.0	21.0	1.0	0.0	0.00016284345445175214
13483.0	21.0	1.0	0.0	0.0005217978613716713
13504.0	21.0	1.0	0.0	0.001937586738949676
13525.0	21.0	1.0	0.0	0.002179080236525709
13546.0	21.0	1.0	0.0	0.0022214097522553385
13567.0	21.0	1.0	0.0	0.0016099860781714618
13588.0	21.0	1.0	0.0	0.0016253669375464522
13609.0	21.0	1.0	0.0	0.00036396280924474295
13630.0	21.0	1.0	0.0	0.00013481866745717973
13651.0	21.0	1.0	0.0	6.708926246279762e-05
13672.0	21.0	1.0	0.0	3.297714960007441e-05
13693.0	21.0	1.0	0.0	1.8974667503720234e-05
13714.0	21.0	1.0	0.0	1.1451614044961475e-05
13735.0	21.0	1.0	0.0	7.732671641168142e-06
13756.0	21.0	1.0	0.0	7.858668906346523e-05
13777.0	21.0	1.0	0.0	6.667011124746531e-05
13798.0	21.0	1.0	0.0	0.00014789949144633464
13819.0	21.0	1.0	0.0	0.00046910442624766664
13840.0	21.0	1.0	0.0	0.0012697017306372762
13861.0	21.0	1.0	0.0	0.0038630545479910383
13882.0	21.0	1.0	0.0	0.002925713675362686
13903.0	21.0	1.0	0.0	0.0013625916980561429
13924.0	21.0	1.0	0.0	0.0018204185849143952
13945.0	21.0	1.0	0.0	0.0025010979062034477
13966.0	21.0	1.0	0.0	0.0019116240001859908
13987.0	21.0	1.0	0.0	0.0008361961728050284
14008.0	21.0	1.0	0.0	0.0002116132463727334
14029.0	21.0	1.0	0.0	6.656465076264762e-05
14050.0	21.0	1.0	0.0	9.250168573287975e-05
14071.0	21.0	1.0	0.0	3.5221644810264286e-05
14092.0	21.0	1.0	0.0	2.7624598571232393e-05
14113.0	21.0	1.0	0.0	1.5232543150583904e-05
14134.0	21.0	1.0	0.0	1.1971990267435709e-05
14155.0	21.0	1.0	0.0	9.754916599816179e-05
14176.0	21.0	1.0	0.0	0.0005526892911819855
14197.0	21.0	1.0	0.0	0.0019562294369651714
14218.0	21.0	1.0	0.0	0.0017839871361141617
14239.0	21.0	1.0	0.0	0.003604601905459406
14260.0	21.0	1.0	0.0	0.0028600383940196616
14281.0	21.0	1.0	0.0	0.001535350254603738
14302.0	21.0	1.0	0.0	0.0017909880138578475
14323.0	21.0	1.0	0.0	0.0009266764322916237
14344.0	21.0	1.0	0.0	0.0006709071568079998
14365.0	21.0	1.0	0.0	0.00029219127836677616
14386.0	21.0	1.0	0.0	0.00010352289109001786
14407.0	21.0	1.0	0.0	5.153837658110118e-05
14428.0	21.0	1.0	0.0	3.0593145461309525e-05
14449.0	21.0	1.0	0.0	1.7213968294007437e-05
14470.0	21.0	1.0	0.0	1.10856131428764e-05
14491.0	21.0	1.0	0.0	8.919156733013336e-06
14512.0	21.0	1.0	0.0	8.007063752128964e-06
14533.0	21.0	1.0	0.0	0.00026467825117560935
14554.0	21.0	1.0	0.0	0.0005516525904337047
14575.0	21.0	1.0	0.0	0.0016188399905249858
14596.0	21.0	1.0	0.0	0.0011482026236397478
14617.0	21.0	1.0	0.0	0.0015114648001534046
14638.0	21.0	1.0	0.0	0.0017665761311848524
14659.0	21.0	1.0	0.0	0.0013187764485676715
14680.0	21.0	1.0	0.0	0.0012255634126208618
14701.0	21.0	1.0	0.0	0.00027627636137458574
14722.0	21.0	1.0	0.0	0.00023256283714653809
14743.0	21.0	1.0	0.0	0.00015597098214281904
14764.0	21.0	1.0	0.0	7.309177943638393e-05
14785.0	21.0	1.0	0.0	4.8697335379462495e-05
14806.0	21.0	1.0	0.0	2.7732886019207182e-05
14827.0	21.0	1.0	0.0	1.6017312095278782e-05
14848.0	21.0	1.0	0.0	1.0633411861601332e-05
14869.0	21.0	1.0	0.0	7.502680733090356e-06
14890.0	21.0	1.0	0.0	3.7632155986059154e-05
14911.0	21.0	1.0	0.0	0.00012321832066488828
14932.0	21.0	1.0	0.0	0.0006419295810517331
14953.0	21.0	1.0	0.0	0.001168719518752281
14974.0	21.0	1.0	0.0	0.0008729587736583383
14995.0	21.0	1.0	0.0	0.0010908811660039618
15016.0	21.0	1.0	0.0	0.0009959669567289333
15037.0	21.0	1.0	0.0	0.0008657528105235904
15058.0	21.0	1.0	0.0	0.00026363627115881907
15079.0	21.0	1.0	0.0	0.00011361549014134109
15100.0	21.0	1.0	0.0	5.8523268926711305e-05
15121.0	21.0	1.0	0.0	3.1671433221726195e-05
15142.0	21.0	1.0	0.0	1.9274757021949405e-05
15163.0	21.0	1.0	0.0	1.1702037992931549e-05
15184.0	21.0	1.0	0.0	4.2687399046755424e-05
15205.0	21.0	1.0	0.0	7.93587593805222e-06
15226.0	21.0	1.0	0.0	5.860203788394019e-06
15247.0	21.0	1.0	0.0	0.00014560455935339823
15268.0	21.0	1.0	0.0	0.0005062394823346381
15289.0	21.0	1.0	0.0	0.0004198184240431524
15310.0	21.0	1.0	0.0	0.0012131833576020288
15331.0	21.0	1.0	0.0	0.0007622858683267808
15352.0	21.0	1.0	0.0	0.0005308961414155046
15373.0	21.0	1.0	0.0	0.0022043620518275137
15394.0	21.0	1.0	0.0	0.0014478450956798288
15415.0	21.0	1.0	0.0	0.0012643861316498906
15436.0	21.0	1.0	0.0	0.0004366099039713142
15457.0	21.0	1.0	0.0	0.00030451820010226667
15478.0	21.0	1.0	0.0	0.00030957975841698567
15499.0	21.0	1.0	0.0	0.00012194606236046129
15520.0	21.0	1.0	0.0	0.0001130959647042381
15541.0	21.0	1.0	0.0	6.226193479128591e-05
15562.0	21.0	1.0	0.0	6.199136092548886e-05
15583.0	21.0	1.0	0.0	2.2038618723551432e-05
15604.0	21.0	1.0	0.0	2.8579064777919227e-05
15625.0	21.0	1.0	0.0	7.250821022758692e-05
15646.0	21.0	1.0	0.0	4.886347906930106e-05
15667.0	21.0	1.0	0.0	0.0009835007077171188
15688.0	21.0	1.0	0.0	0.0007995865231468095
15709.0	21.0	1.0	0.0	0.001152884528750424
15730.0	21.0	1.0	0.0	0.000527067275274319
15751.0	21.0	1.0	0.0	0.001144272577194881
15772.0	21.0	1.0	0.0	0.0015872555687313575
15793.0	21.0	1.0	0.0	0.0011294882638113474
15814.0	21.0	1.0	0.0	0.0008831867036364904
15835.0	21.0	1.0	0.0	0.0004045170375278524
15856.0	21.0	1.0	0.0	0.00010877046130949647
15877.0	21.0	1.0	0.0	4.5140584309895836e-05
15898.0	21.0	1.0	0.0	2.3964291527157733e-05
15919.0	21.0	1.0	0.0	1.584079293977647e-05
15940.0	21.0	1.0	0.0	9.582168999172391e-06
15961.0	21.0	1.0	0.0	4.34334817386763e-05
15982.0	21.0	1.0	0.0	0.00012120528448193196
16003.0	21.0	1.0	0.0	0.00027677924292422376
16024.0	21.0	1.0	0.0	0.00013535345168335714
16045.0	21.0	1.0	0.0	0.0003111648105439238
16066.0	21.0	1.0	0.0	0.0009406546638124953
16087.0	21.0	1.0	0.0	0.0018789958045595768
16108.0	21.0	1.0	0.0	0.0006379416329519572
16129.0	21.0	1.0	0.0	0.00045163508823935233
16150.0	21.0	1.0	0.0	0.0005517134893507714
16171.0	21.0	1.0	0.0	0.00023159172421404763
16192.0	21.0	1.0	0.0	0.0001217665899367128
16213.0	21.0	1.0	0.0	6.76396687825512e-05
16234.0	21.0	1.0	0.0	4.372587658109732e-05
16255.0	21.0	1.0	0.0	2.155921572730655e-05
16276.0	21.0	1.0	0.0	1.2740285623641243e-05
16297.0	21.0	1.0	0.0	1.2649276426860265e-05
16318.0	21.0	1.0	0.0	0.0001159536795956649
16339.0	21.0	1.0	0.0	0.00019042917660300882
16360.0	21.0	1.0	0.0	0.00011878188451129579
16381.0	21.0	1.0	0.0	0.0006940352576119095
16402.0	21.0	1.0	0.0	0.002005936940511014
16423.0	21.0	1.0	0.0	0.002693742661249019
16444.0	21.0	1.0	0.0	0.0034473960513159807
16465.0	21.0	1.0	0.0	0.002141937255859338
16486.0	21.0	1.0	0.0	0.002739342825753309
16507.0	21.0	1.0	0.0	0.0014639965239024815
16528.0	21.0	1.0	0.0	0.0005469985235304714
16549.0	21.0	1.0	0.0	0.0002673906598771809
16570.0	21.0	1.0	0.0	8.39436848958238e-05
16591.0	21.0	1.0	0.0	3.689139229910715e-05
16612.0	21.0	1.0	0.0	2.019537062872024e-05
16633.0	21.0	1.0	0.0	1.2104315594548272e-05
16654.0	21.0	1.0	0.0	8.033200921047299e-06
16675.0	21.0	1.0	0.0	5.685489092554365e-06
16696.0	21.0	1.0	0.0	2.8587659200031884e-05
16717.0	21.0	1.0	0.0	7.250998985199061e-05
16738.0	21.0	1.0	0.0	0.00017007959456665926
16759.0	21.0	1.0	0.0	0.0003810243606566905
16780.0	21.0	1.0	0.0	0.00041146473657511427
16801.0	21.0	1.0	0.0	0.0009993762061708904
16822.0	21.0	1.0	0.0	0.0022955578395298095
16843.0	21.0	1.0	0.0	0.0013370008922758097
16864.0	21.0	1.0	0.0	0.0006545043218703047
16885.0	21.0	1.0	0.0	0.0006924344017391715
16906.0	21.0	1.0	0.0	0.0012696169898623049
16927.0	21.0	1.0	0.0	0.0005120500837053095
16948.0	21.0	1.0	0.0	0.00013821629115510594
16969.0	21.0	1.0	0.0	5.6968325660342274e-05
16990.0	21.0	1.0	0.0	2.8438749767485125e-05
17011.0	21.0	1.0	0.0	1.9646775154840382e-05
17032.0	21.0	1.0	0.0	6.773026216597176e-05
17053.0	21.0	1.0	0.0	1.3074761345272973e-05
17074.0	21.0	1.0	0.0	9.5497312999907e-06
17095.0	21.0	1.0	0.0	9.513514382498606e-06
17116.0	21.0	1.0	0.0	8.291175251914288e-05
17137.0	21.0	1.0	0.0	0.0005983806110563286
17158.0	21.0	1.0	0.0	0.0005968279157365572
17179.0	21.0	1.0	0.0	0.0014792564028784955
17200.0	21.0	1.0	0.0	0.0016722023373558095
17221.0	21.0	1.0	0.0	0.0013766167050315809
17242.0	21.0	1.0	0.0	0.0020890328543526284
17263.0	21.0	1.0	0.0	0.0007160259428477903
17284.0	21.0	1.0	0.0	0.00014151509602861788
17305.0	21.0	1.0	0.0	5.1663353329613095e-05
17326.0	21.0	1.0	0.0	3.6173502604165475e-05
17347.0	21.0	1.0	0.0	2.779642740885e-05
17368.0	21.0	1.0	0.0	0.00011924476282937069
17389.0	21.0	1.0	0.0	1.2807820524488175e-05
17410.0	21.0	1.0	0.0	5.660270793096854e-05
17431.0	21.0	1.0	0.0	0.00028269217695506944
17452.0	21.0	1.0	0.0	0.00040032716024485234
17473.0	21.0	1.0	0.0	0.00028194568270723333
17494.0	21.0	1.0	0.0	0.0007628247397286096
17515.0	21.0	1.0	0.0	0.001416943868001262
17536.0	21.0	1.0	0.0	0.002557947794596295
17557.0	21.0	1.0	0.0	0.002221892947242333
17578.0	21.0	1.0	0.0	0.0015111912318638
17599.0	21.0	1.0	0.0	0.0008799249558221334
17620.0	21.0	1.0	0.0	0.00027923293340770006
17641.0	21.0	1.0	0.0	0.00023757571265806195
17662.0	21.0	1.0	0.0	0.00010372634161084344
17683.0	21.0	1.0	0.0	5.1842825753348216e-05
17704.0	21.0	1.0	0.0	2.7443295433407733e-05
17725.0	21.0	1.0	0.0	1.5323267185262273e-05
17746.0	21.0	1.0	0.0	9.920841082930565e-06
17767.0	21.0	1.0	0.0	2.385344391777402e-05
17788.0	21.0	1.0	0.0	1.3893612793513702e-05
17809.0	21.0	1.0	0.0	0.00012122716222488905
17830.0	21.0	1.0	0.0	5.7735999425243114e-05
17851.0	21.0	1.0	0.0	0.00039448181788121633
17872.0	21.0	1.0	0.0	0.0006286335445585239
17893.0	21.0	1.0	0.0	0.0021219596862792336
17914.0	21.0	1.0	0.0	0.0025180231730142764
17935.0	21.0	1.0	0.0	0.0029894133068265947
17956.0	21.0	1.0	0.0	0.001377839587983586
17977.0	21.0	1.0	0.0	0.0004902460007440047
17998.0	21.0	1.0	0.0	0.0003483443487257762
18019.0	21.0	1.0	0.0	0.00021198018391923335
18040.0	21.0	1.0	0.0	6.501842680431131e-05
18061.0	21.0	1.0	0.0	8.670625232514226e-05
18082.0	21.0	1.0	0.0	5.4131644112720226e-05
18103.0	21.0	1.0	0.0	0.00014616846949570115
18124.0	21.0	1.0	0.0	0.00019574450311204603
18145.0	21.0	1.0	0.0	3.647565841674805e-05
18166.0	21.0	1.0	0.0	5.114351000104631e-05
18187.0	21.0	1.0	0.0	0.00019999408721920467
18208.0	21.0	1.0	0.0	0.00020729746137341902
18229.0	21.0	1.0	0.0	0.0011086481185186002
18250.0	13.0	1.0	0.0	0.0030960526099571306
