stress_period	sp_length	time_step	study (0 : TS or 1 : SS)	rech
0.0	1.0	1.0	1.0	0.000825033570171436
11324.0	7.0	1.0	0.0	0.0003271428571428571
11331.0	7.0	1.0	0.0	6.857142857142857e-05
11338.0	7.0	1.0	0.0	1.7142857142857145e-05
11345.0	7.0	1.0	0.0	0.0
11352.0	7.0	1.0	0.0	3.142857142857143e-05
11359.0	7.0	1.0	0.0	2.8571428571428573e-06
11366.0	7.0	1.0	0.0	3.285714285714286e-05
11373.0	7.0	1.0	0.0	4.5714285714285716e-05
11380.0	7.0	1.0	0.0	0.0001142857142857143
11387.0	7.0	1.0	0.0	0.00010571428571428572
11394.0	7.0	1.0	0.0	8.428571428571429e-05
11401.0	7.0	1.0	0.0	0.0002557142857142857
11408.0	7.0	1.0	0.0	6.428571428571429e-05
11415.0	7.0	1.0	0.0	0.00023857142857142857
11422.0	7.0	1.0	0.0	0.00014142857142857143
11429.0	7.0	1.0	0.0	1.4285714285714286e-06
11436.0	7.0	1.0	0.0	0.00015857142857142857
11443.0	7.0	1.0	0.0	0.0003785714285714286
11450.0	7.0	1.0	0.0	2.8571428571428573e-06
11457.0	7.0	1.0	0.0	1.4285714285714286e-06
11464.0	7.0	1.0	0.0	0.00016285714285714284
11471.0	7.0	1.0	0.0	0.0009728571428571428
11478.0	7.0	1.0	0.0	0.0010485714285714287
11485.0	7.0	1.0	0.0	0.0009728571428571428
11492.0	7.0	1.0	0.0	0.0019914285714285715
11499.0	7.0	1.0	0.0	0.0014842857142857142
11506.0	7.0	1.0	0.0	0.0012385714285714287
11513.0	7.0	1.0	0.0	0.002588571428571429
11520.0	7.0	1.0	0.0	0.0027128571428571427
11527.0	7.0	1.0	0.0	0.0033628571428571427
11534.0	7.0	1.0	0.0	0.001974285714285714
11541.0	7.0	1.0	0.0	0.00017285714285714284
11548.0	7.0	1.0	0.0	0.0009442857142857143
11555.0	7.0	1.0	0.0	0.0012557142857142858
11562.0	7.0	1.0	0.0	2.714285714285714e-05
11569.0	7.0	1.0	0.0	1.8571428571428575e-05
11576.0	7.0	1.0	0.0	2.1428571428571428e-05
11583.0	7.0	1.0	0.0	5.428571428571429e-05
11590.0	7.0	1.0	0.0	7.42857142857143e-05
11597.0	7.0	1.0	0.0	1.4285714285714287e-05
11604.0	7.0	1.0	0.0	4.571428571428571e-05
11611.0	7.0	1.0	0.0	3.571428571428572e-05
11618.0	7.0	1.0	0.0	0.0001985714285714286
11625.0	7.0	1.0	0.0	5.142857142857143e-05
11632.0	7.0	1.0	0.0	0.00010714285714285712
11639.0	7.0	1.0	0.0	0.0
11646.0	7.0	1.0	0.0	7.1428571428571436e-06
11653.0	7.0	1.0	0.0	3.857142857142857e-05
11660.0	7.0	1.0	0.0	0.00011285714285714286
11667.0	7.0	1.0	0.0	2.8571428571428574e-05
11674.0	7.0	1.0	0.0	1.4285714285714286e-06
11681.0	7.0	1.0	0.0	0.0
11688.0	7.0	1.0	0.0	2e-05
8408.0	7.0	1.0	0.0	4.5714285714285716e-05
8415.0	7.0	1.0	0.0	7.1428571428571436e-06
8422.0	7.0	1.0	0.0	2.8571428571428574e-05
8429.0	7.0	1.0	0.0	0.0
8436.0	7.0	1.0	0.0	0.00022999999999999998
8443.0	7.0	1.0	0.0	0.0007228571428571429
8450.0	7.0	1.0	0.0	0.00024
8457.0	7.0	1.0	0.0	0.0009471428571428572
8464.0	7.0	1.0	0.0	0.003857142857142857
8471.0	7.0	1.0	0.0	0.004347142857142857
8478.0	7.0	1.0	0.0	0.0018042857142857144
8485.0	7.0	1.0	0.0	0.00038142857142857146
8492.0	7.0	1.0	0.0	2.8571428571428574e-05
8499.0	7.0	1.0	0.0	0.0012414285714285715
8506.0	7.0	1.0	0.0	0.0013142857142857144
8513.0	7.0	1.0	0.0	0.00010571428571428572
8520.0	7.0	1.0	0.0	0.0005971428571428571
8527.0	7.0	1.0	0.0	0.0027928571428571425
8534.0	7.0	1.0	0.0	0.007021428571428572
8541.0	7.0	1.0	0.0	0.0070885714285714285
8548.0	7.0	1.0	0.0	0.005267142857142857
8555.0	7.0	1.0	0.0	0.005522857142857143
8562.0	7.0	1.0	0.0	0.004492857142857143
8569.0	7.0	1.0	0.0	0.003592857142857143
8576.0	7.0	1.0	0.0	0.0044657142857142855
8583.0	7.0	1.0	0.0	0.0026714285714285716
8590.0	7.0	1.0	0.0	0.0028000000000000004
8597.0	7.0	1.0	0.0	0.003017142857142857
8604.0	7.0	1.0	0.0	0.0027371428571428573
8611.0	7.0	1.0	0.0	0.002192857142857143
8618.0	7.0	1.0	0.0	0.0008357142857142859
8625.0	7.0	1.0	0.0	0.00037999999999999997
8632.0	7.0	1.0	0.0	0.001094285714285714
8639.0	7.0	1.0	0.0	0.0006014285714285714
8646.0	7.0	1.0	0.0	0.0034485714285714284
8653.0	7.0	1.0	0.0	0.0032542857142857143
8660.0	7.0	1.0	0.0	0.0006228571428571429
8667.0	7.0	1.0	0.0	0.00020571428571428572
8674.0	7.0	1.0	0.0	0.00010857142857142858
8681.0	7.0	1.0	0.0	0.00023714285714285715
8688.0	7.0	1.0	0.0	0.004061428571428572
8695.0	7.0	1.0	0.0	0.004714285714285713
8702.0	7.0	1.0	0.0	0.0016728571428571426
8709.0	7.0	1.0	0.0	0.0007314285714285713
8716.0	7.0	1.0	0.0	1.4285714285714286e-06
8723.0	7.0	1.0	0.0	3.142857142857143e-05
8730.0	7.0	1.0	0.0	0.00010714285714285715
8737.0	7.0	1.0	0.0	0.00010999999999999999
8744.0	7.0	1.0	0.0	0.0
8751.0	7.0	1.0	0.0	2.4285714285714288e-05
8758.0	7.0	1.0	0.0	3.571428571428572e-05
8765.0	7.0	1.0	0.0	5.857142857142857e-05
12424.0	7.0	1.0	0.0	1.5714285714285715e-05
12431.0	7.0	1.0	0.0	0.0001685714285714286
12438.0	7.0	1.0	0.0	0.00016142857142857145
12445.0	7.0	1.0	0.0	6.571428571428571e-05
12452.0	7.0	1.0	0.0	0.0
12459.0	7.0	1.0	0.0	0.00014142857142857143
12466.0	7.0	1.0	0.0	4.285714285714286e-05
12473.0	7.0	1.0	0.0	8.571428571428571e-06
12480.0	7.0	1.0	0.0	1e-05
12487.0	7.0	1.0	0.0	0.0003128571428571429
12494.0	7.0	1.0	0.0	0.0011128571428571426
12501.0	7.0	1.0	0.0	0.00010714285714285715
12508.0	7.0	1.0	0.0	0.0001628571428571429
12515.0	7.0	1.0	0.0	0.00010571428571428571
12522.0	7.0	1.0	0.0	9.714285714285715e-05
12529.0	7.0	1.0	0.0	0.0001814285714285714
12536.0	7.0	1.0	0.0	0.0003657142857142857
12543.0	7.0	1.0	0.0	0.0002671428571428571
12550.0	7.0	1.0	0.0	0.00014714285714285716
12557.0	7.0	1.0	0.0	0.002318571428571429
12564.0	7.0	1.0	0.0	0.004608571428571428
12571.0	7.0	1.0	0.0	0.002912857142857143
12578.0	7.0	1.0	0.0	0.0012028571428571427
12585.0	7.0	1.0	0.0	0.0014085714285714285
12592.0	7.0	1.0	0.0	0.004030000000000001
12599.0	7.0	1.0	0.0	0.0022700000000000003
12606.0	7.0	1.0	0.0	0.0003642857142857143
12613.0	7.0	1.0	0.0	0.001987142857142857
12620.0	7.0	1.0	0.0	0.000632857142857143
12627.0	7.0	1.0	0.0	0.0001742857142857143
12634.0	7.0	1.0	0.0	0.0001885714285714286
12641.0	7.0	1.0	0.0	1e-05
12648.0	7.0	1.0	0.0	3.857142857142857e-05
12655.0	7.0	1.0	0.0	0.0003114285714285714
12662.0	7.0	1.0	0.0	9.428571428571429e-05
12669.0	7.0	1.0	0.0	0.0003657142857142857
12676.0	7.0	1.0	0.0	0.00012714285714285714
12683.0	7.0	1.0	0.0	0.0002514285714285714
12690.0	7.0	1.0	0.0	7.571428571428571e-05
12697.0	7.0	1.0	0.0	1.4285714285714286e-06
12704.0	7.0	1.0	0.0	0.00023142857142857142
12711.0	7.0	1.0	0.0	0.00010000000000000002
12718.0	7.0	1.0	0.0	9.714285714285715e-05
12725.0	7.0	1.0	0.0	5.714285714285715e-05
12732.0	7.0	1.0	0.0	2.1428571428571428e-05
12739.0	7.0	1.0	0.0	0.0
12746.0	7.0	1.0	0.0	2.4285714285714288e-05
12753.0	7.0	1.0	0.0	4.714285714285714e-05
12760.0	7.0	1.0	0.0	0.0
12767.0	7.0	1.0	0.0	0.0
12774.0	7.0	1.0	0.0	0.00011571428571428571
12781.0	7.0	1.0	0.0	8.571428571428573e-05
3291.0	7.0	1.0	0.0	6.285714285714286e-05
3298.0	7.0	1.0	0.0	3.1428571428571424e-05
3305.0	7.0	1.0	0.0	0.00010999999999999999
3312.0	7.0	1.0	0.0	1.4285714285714287e-05
3319.0	7.0	1.0	0.0	1.7142857142857142e-05
3326.0	7.0	1.0	0.0	0.0
3333.0	7.0	1.0	0.0	3.285714285714286e-05
3340.0	7.0	1.0	0.0	8.571428571428571e-06
3347.0	7.0	1.0	0.0	5.7142857142857145e-06
3354.0	7.0	1.0	0.0	0.00034
3361.0	7.0	1.0	0.0	0.0
3368.0	7.0	1.0	0.0	0.00018285714285714286
3375.0	7.0	1.0	0.0	0.0001342857142857143
3382.0	7.0	1.0	0.0	0.0008142857142857143
3389.0	7.0	1.0	0.0	0.0030499999999999998
3396.0	7.0	1.0	0.0	0.005112857142857142
3403.0	7.0	1.0	0.0	0.001587142857142857
3410.0	7.0	1.0	0.0	0.0004442857142857143
3417.0	7.0	1.0	0.0	0.006521428571428572
3424.0	7.0	1.0	0.0	0.009754285714285714
3431.0	7.0	1.0	0.0	0.005504285714285713
3438.0	7.0	1.0	0.0	0.004472857142857144
3445.0	7.0	1.0	0.0	0.0037071428571428568
3452.0	7.0	1.0	0.0	0.0012071428571428574
3459.0	7.0	1.0	0.0	0.0007542857142857143
3466.0	7.0	1.0	0.0	0.00126
3473.0	7.0	1.0	0.0	0.0044514285714285715
3480.0	7.0	1.0	0.0	0.003187142857142857
3487.0	7.0	1.0	0.0	0.00152
3494.0	7.0	1.0	0.0	0.0007528571428571429
3501.0	7.0	1.0	0.0	0.0007957142857142858
3508.0	7.0	1.0	0.0	0.0025857142857142854
3515.0	7.0	1.0	0.0	0.001757142857142857
3522.0	7.0	1.0	0.0	0.0010014285714285713
3529.0	7.0	1.0	0.0	0.0009842857142857142
3536.0	7.0	1.0	0.0	2.714285714285714e-05
3543.0	7.0	1.0	0.0	0.0
3550.0	7.0	1.0	0.0	4.714285714285714e-05
3557.0	7.0	1.0	0.0	0.00013428571428571428
3564.0	7.0	1.0	0.0	2.4285714285714288e-05
3571.0	7.0	1.0	0.0	4.142857142857143e-05
3578.0	7.0	1.0	0.0	8.428571428571429e-05
3585.0	7.0	1.0	0.0	6.857142857142857e-05
3592.0	7.0	1.0	0.0	0.0
3599.0	7.0	1.0	0.0	0.00020714285714285713
3606.0	7.0	1.0	0.0	7.142857142857145e-05
3613.0	7.0	1.0	0.0	0.0005114285714285714
3620.0	7.0	1.0	0.0	4.571428571428571e-05
3627.0	7.0	1.0	0.0	0.00026142857142857147
3634.0	7.0	1.0	0.0	0.00026428571428571424
3641.0	7.0	1.0	0.0	5.2857142857142855e-05
3648.0	7.0	1.0	0.0	1.2857142857142857e-05
7308.0	7.0	1.0	0.0	0.0
7315.0	7.0	1.0	0.0	3.285714285714286e-05
7322.0	7.0	1.0	0.0	1.1428571428571429e-05
7329.0	7.0	1.0	0.0	1.4285714285714286e-06
7336.0	7.0	1.0	0.0	0.0
7343.0	7.0	1.0	0.0	0.0
7350.0	7.0	1.0	0.0	1.4285714285714286e-06
7357.0	7.0	1.0	0.0	1.1428571428571429e-05
7364.0	7.0	1.0	0.0	2.571428571428571e-05
7371.0	7.0	1.0	0.0	5.7142857142857145e-06
7378.0	7.0	1.0	0.0	2.142857142857143e-05
7385.0	7.0	1.0	0.0	7.42857142857143e-05
7392.0	7.0	1.0	0.0	0.0008200000000000001
7399.0	7.0	1.0	0.0	0.00016285714285714284
7406.0	7.0	1.0	0.0	0.00034
7413.0	7.0	1.0	0.0	0.0004157142857142857
7420.0	7.0	1.0	0.0	0.0008885714285714286
7427.0	7.0	1.0	0.0	0.0008028571428571428
7434.0	7.0	1.0	0.0	0.0011985714285714286
7441.0	7.0	1.0	0.0	0.0006271428571428571
7448.0	7.0	1.0	0.0	0.0018914285714285715
7455.0	7.0	1.0	0.0	0.0035542857142857143
7462.0	7.0	1.0	0.0	0.004055714285714286
7469.0	7.0	1.0	0.0	0.0029171428571428573
7476.0	7.0	1.0	0.0	0.0014800000000000002
7483.0	7.0	1.0	0.0	0.00021571428571428571
7490.0	7.0	1.0	0.0	0.0
7497.0	7.0	1.0	0.0	0.0005657142857142857
7504.0	7.0	1.0	0.0	0.0023514285714285716
7511.0	7.0	1.0	0.0	0.001487142857142857
7518.0	7.0	1.0	0.0	0.0009100000000000001
7525.0	7.0	1.0	0.0	0.0004014285714285714
7532.0	7.0	1.0	0.0	0.0004242857142857143
7539.0	7.0	1.0	0.0	6.285714285714286e-05
7546.0	7.0	1.0	0.0	0.00011857142857142856
7553.0	7.0	1.0	0.0	7.1428571428571436e-06
7560.0	7.0	1.0	0.0	1.1428571428571429e-05
7567.0	7.0	1.0	0.0	6e-05
7574.0	7.0	1.0	0.0	0.00016285714285714284
7581.0	7.0	1.0	0.0	0.00011571428571428572
7588.0	7.0	1.0	0.0	0.0
7595.0	7.0	1.0	0.0	1.4285714285714286e-06
7602.0	7.0	1.0	0.0	0.0
7609.0	7.0	1.0	0.0	7.42857142857143e-05
7616.0	7.0	1.0	0.0	6e-05
7623.0	7.0	1.0	0.0	0.00016428571428571428
7630.0	7.0	1.0	0.0	7.42857142857143e-05
7637.0	7.0	1.0	0.0	0.0
7644.0	7.0	1.0	0.0	8.571428571428573e-06
7651.0	7.0	1.0	0.0	4e-05
7658.0	7.0	1.0	0.0	1.4285714285714287e-05
7665.0	7.0	1.0	0.0	3.9999999999999996e-05
11325.0	7.0	1.0	0.0	0.0003557142857142857
11332.0	7.0	1.0	0.0	1.1428571428571429e-05
11339.0	7.0	1.0	0.0	5.7142857142857145e-06
11346.0	7.0	1.0	0.0	4.2857142857142855e-06
11353.0	7.0	1.0	0.0	2.8571428571428574e-05
11360.0	7.0	1.0	0.0	1.7142857142857142e-05
11367.0	7.0	1.0	0.0	2.2857142857142858e-05
11374.0	7.0	1.0	0.0	5.428571428571429e-05
11381.0	7.0	1.0	0.0	0.00013000000000000002
11388.0	7.0	1.0	0.0	7.571428571428573e-05
11395.0	7.0	1.0	0.0	0.00010714285714285715
11402.0	7.0	1.0	0.0	0.0002557142857142857
11409.0	7.0	1.0	0.0	4.571428571428572e-05
11416.0	7.0	1.0	0.0	0.00029
11423.0	7.0	1.0	0.0	8.714285714285715e-05
11430.0	7.0	1.0	0.0	1.4285714285714287e-05
11437.0	7.0	1.0	0.0	0.00033142857142857144
11444.0	7.0	1.0	0.0	0.00019142857142857142
11451.0	7.0	1.0	0.0	2.8571428571428573e-06
11458.0	7.0	1.0	0.0	8.571428571428571e-06
11465.0	7.0	1.0	0.0	0.00026285714285714286
11472.0	7.0	1.0	0.0	0.001052857142857143
11479.0	7.0	1.0	0.0	0.0009628571428571429
11486.0	7.0	1.0	0.0	0.001142857142857143
11493.0	7.0	1.0	0.0	0.001912857142857143
11500.0	7.0	1.0	0.0	0.0014657142857142857
11507.0	7.0	1.0	0.0	0.0013242857142857143
11514.0	7.0	1.0	0.0	0.0027242857142857147
11521.0	7.0	1.0	0.0	0.0026900000000000006
11528.0	7.0	1.0	0.0	0.0034042857142857143
11535.0	7.0	1.0	0.0	0.0016542857142857143
11542.0	7.0	1.0	0.0	0.00015714285714285716
11549.0	7.0	1.0	0.0	0.00115
11556.0	7.0	1.0	0.0	0.0009914285714285715
11563.0	7.0	1.0	0.0	7.1428571428571436e-06
11570.0	7.0	1.0	0.0	1.8571428571428575e-05
11577.0	7.0	1.0	0.0	5.2857142857142855e-05
11584.0	7.0	1.0	0.0	2.2857142857142858e-05
11591.0	7.0	1.0	0.0	8.714285714285715e-05
11598.0	7.0	1.0	0.0	1.4285714285714286e-06
11605.0	7.0	1.0	0.0	4.571428571428571e-05
11612.0	7.0	1.0	0.0	4e-05
11619.0	7.0	1.0	0.0	0.0001942857142857143
11626.0	7.0	1.0	0.0	5.714285714285715e-05
11633.0	7.0	1.0	0.0	0.00010142857142857143
11640.0	7.0	1.0	0.0	7.1428571428571436e-06
11647.0	7.0	1.0	0.0	0.0
11654.0	7.0	1.0	0.0	3.857142857142857e-05
11661.0	7.0	1.0	0.0	0.00011571428571428572
11668.0	7.0	1.0	0.0	2.5714285714285714e-05
11675.0	7.0	1.0	0.0	1.4285714285714286e-06
11682.0	7.0	1.0	0.0	0.0
5114.0	7.0	1.0	0.0	0.0
5121.0	7.0	1.0	0.0	0.0
5128.0	7.0	1.0	0.0	0.0
5135.0	7.0	1.0	0.0	0.0
5142.0	7.0	1.0	0.0	1.5714285714285715e-05
5149.0	7.0	1.0	0.0	7.142857142857144e-06
5156.0	7.0	1.0	0.0	2.571428571428571e-05
5163.0	7.0	1.0	0.0	0.00017999999999999998
5170.0	7.0	1.0	0.0	0.0002471428571428571
5177.0	7.0	1.0	0.0	0.00017857142857142857
5184.0	7.0	1.0	0.0	7.1428571428571436e-06
5191.0	7.0	1.0	0.0	0.0001
5198.0	7.0	1.0	0.0	0.0002942857142857143
5205.0	7.0	1.0	0.0	0.00015571428571428572
5212.0	7.0	1.0	0.0	0.00033142857142857144
5219.0	7.0	1.0	0.0	0.0006557142857142857
5226.0	7.0	1.0	0.0	0.0026785714285714286
5233.0	7.0	1.0	0.0	0.0016885714285714286
5240.0	7.0	1.0	0.0	0.00154
5247.0	7.0	1.0	0.0	0.00176
5254.0	7.0	1.0	0.0	0.004334285714285714
5261.0	7.0	1.0	0.0	0.0031499999999999996
5268.0	7.0	1.0	0.0	0.0014700000000000002
5275.0	7.0	1.0	0.0	0.00038142857142857146
5282.0	7.0	1.0	0.0	0.0018142857142857142
5289.0	7.0	1.0	0.0	0.003962857142857143
5296.0	7.0	1.0	0.0	0.0027057142857142857
5303.0	7.0	1.0	0.0	0.00196
5310.0	7.0	1.0	0.0	0.001832857142857143
5317.0	7.0	1.0	0.0	0.00034142857142857146
5324.0	7.0	1.0	0.0	0.0009671428571428572
5331.0	7.0	1.0	0.0	0.0011014285714285713
5338.0	7.0	1.0	0.0	0.0011942857142857141
5345.0	7.0	1.0	0.0	0.0018414285714285715
5352.0	7.0	1.0	0.0	0.00203
5359.0	7.0	1.0	0.0	0.0011771428571428573
5366.0	7.0	1.0	0.0	0.0017242857142857144
5373.0	7.0	1.0	0.0	0.00022714285714285718
5380.0	7.0	1.0	0.0	8.571428571428571e-05
5387.0	7.0	1.0	0.0	0.00013285714285714287
5394.0	7.0	1.0	0.0	5.9999999999999995e-05
5401.0	7.0	1.0	0.0	9.999999999999999e-06
5408.0	7.0	1.0	0.0	0.0002442857142857143
5415.0	7.0	1.0	0.0	1.9999999999999998e-05
5422.0	7.0	1.0	0.0	7e-05
5429.0	7.0	1.0	0.0	0.0
5436.0	7.0	1.0	0.0	5.5714285714285715e-05
5443.0	7.0	1.0	0.0	0.0
5450.0	7.0	1.0	0.0	0.0
5457.0	7.0	1.0	0.0	0.0
5464.0	7.0	1.0	0.0	5.428571428571429e-05
5471.0	7.0	1.0	0.0	5.7142857142857145e-06
5478.0	7.0	1.0	0.0	8.571428571428571e-06
10598.0	7.0	1.0	0.0	4.285714285714286e-05
10605.0	7.0	1.0	0.0	4.285714285714286e-05
10612.0	7.0	1.0	0.0	7.571428571428571e-05
10619.0	7.0	1.0	0.0	0.0
10626.0	7.0	1.0	0.0	0.0
10633.0	7.0	1.0	0.0	1.2857142857142856e-05
10640.0	7.0	1.0	0.0	6.714285714285714e-05
10647.0	7.0	1.0	0.0	0.00027857142857142854
10654.0	7.0	1.0	0.0	0.00011571428571428571
10661.0	7.0	1.0	0.0	4.285714285714286e-05
10668.0	7.0	1.0	0.0	0.00017428571428571428
10675.0	7.0	1.0	0.0	0.00020714285714285716
10682.0	7.0	1.0	0.0	0.00036857142857142855
10689.0	7.0	1.0	0.0	0.00014571428571428572
10696.0	7.0	1.0	0.0	0.00043999999999999996
10703.0	7.0	1.0	0.0	0.0003
10710.0	7.0	1.0	0.0	0.0004000000000000001
10717.0	7.0	1.0	0.0	0.0015271428571428571
10724.0	7.0	1.0	0.0	0.006734285714285714
10731.0	7.0	1.0	0.0	0.007371428571428572
10738.0	7.0	1.0	0.0	0.007537142857142858
10745.0	7.0	1.0	0.0	0.00530142857142857
10752.0	7.0	1.0	0.0	0.0023028571428571434
10759.0	7.0	1.0	0.0	0.0006542857142857142
10766.0	7.0	1.0	0.0	2.142857142857143e-05
10773.0	7.0	1.0	0.0	0.0003257142857142857
10780.0	7.0	1.0	0.0	0.00101
10787.0	7.0	1.0	0.0	0.003158571428571428
10794.0	7.0	1.0	0.0	0.0029
10801.0	7.0	1.0	0.0	0.0015542857142857142
10808.0	7.0	1.0	0.0	0.0007242857142857143
10815.0	7.0	1.0	0.0	8.571428571428571e-06
10822.0	7.0	1.0	0.0	3.571428571428572e-05
10829.0	7.0	1.0	0.0	0.00035
10836.0	7.0	1.0	0.0	0.00017285714285714287
10843.0	7.0	1.0	0.0	0.00017142857142857143
10850.0	7.0	1.0	0.0	0.0006399999999999999
10857.0	7.0	1.0	0.0	0.0002514285714285714
10864.0	7.0	1.0	0.0	0.0
10871.0	7.0	1.0	0.0	0.0007185714285714287
10878.0	7.0	1.0	0.0	6.285714285714286e-05
10885.0	7.0	1.0	0.0	0.00030571428571428573
10892.0	7.0	1.0	0.0	0.0004
10899.0	7.0	1.0	0.0	3.4285714285714284e-05
10906.0	7.0	1.0	0.0	0.0
10913.0	7.0	1.0	0.0	1.4285714285714287e-05
10920.0	7.0	1.0	0.0	0.0
10927.0	7.0	1.0	0.0	5.857142857142857e-05
10934.0	7.0	1.0	0.0	0.00018714285714285716
10941.0	7.0	1.0	0.0	1.4285714285714286e-06
10948.0	7.0	1.0	0.0	0.00012142857142857144
10955.0	7.0	1.0	0.0	2.7142857142857144e-05
9867.0	7.0	1.0	0.0	4.428571428571428e-05
9874.0	7.0	1.0	0.0	0.0
9881.0	7.0	1.0	0.0	1.5714285714285715e-05
9888.0	7.0	1.0	0.0	0.00011571428571428571
9895.0	7.0	1.0	0.0	1.9999999999999998e-05
9902.0	7.0	1.0	0.0	1.2857142857142856e-05
9909.0	7.0	1.0	0.0	1.4285714285714286e-06
9916.0	7.0	1.0	0.0	0.0
9923.0	7.0	1.0	0.0	0.0
9930.0	7.0	1.0	0.0	0.00011571428571428571
9937.0	7.0	1.0	0.0	0.00019285714285714286
9944.0	7.0	1.0	0.0	1.4285714285714286e-06
9951.0	7.0	1.0	0.0	7.1428571428571436e-06
9958.0	7.0	1.0	0.0	0.0003342857142857143
9965.0	7.0	1.0	0.0	6e-05
9972.0	7.0	1.0	0.0	0.00023000000000000003
9979.0	7.0	1.0	0.0	0.0006728571428571428
9986.0	7.0	1.0	0.0	8.285714285714286e-05
9993.0	7.0	1.0	0.0	0.00024142857142857145
10000.0	7.0	1.0	0.0	0.0009171428571428571
10007.0	7.0	1.0	0.0	0.0038557142857142852
10014.0	7.0	1.0	0.0	0.005834285714285715
10021.0	7.0	1.0	0.0	0.0035328571428571423
10028.0	7.0	1.0	0.0	0.0027414285714285713
10035.0	7.0	1.0	0.0	0.0017400000000000002
10042.0	7.0	1.0	0.0	0.00014428571428571428
10049.0	7.0	1.0	0.0	5.285714285714286e-05
10056.0	7.0	1.0	0.0	5.7142857142857145e-06
10063.0	7.0	1.0	0.0	0.00017142857142857145
10070.0	7.0	1.0	0.0	7.857142857142857e-05
10077.0	7.0	1.0	0.0	0.0003085714285714286
10084.0	7.0	1.0	0.0	0.00012
10091.0	7.0	1.0	0.0	0.0
10098.0	7.0	1.0	0.0	0.00012142857142857144
10105.0	7.0	1.0	0.0	0.0005700000000000001
10112.0	7.0	1.0	0.0	0.0015057142857142858
10119.0	7.0	1.0	0.0	0.0033399999999999997
10126.0	7.0	1.0	0.0	0.002632857142857143
10133.0	7.0	1.0	0.0	0.0016385714285714287
10140.0	7.0	1.0	0.0	5.428571428571429e-05
10147.0	7.0	1.0	0.0	0.0
10154.0	7.0	1.0	0.0	0.0
10161.0	7.0	1.0	0.0	0.00015714285714285716
10168.0	7.0	1.0	0.0	0.00013714285714285713
10175.0	7.0	1.0	0.0	0.0003385714285714286
10182.0	7.0	1.0	0.0	0.0
10189.0	7.0	1.0	0.0	5.428571428571429e-05
10196.0	7.0	1.0	0.0	1.4285714285714286e-06
10203.0	7.0	1.0	0.0	6e-05
10210.0	7.0	1.0	0.0	4.571428571428571e-05
10217.0	7.0	1.0	0.0	1.4285714285714287e-05
10224.0	7.0	1.0	0.0	1.8571428571428575e-05
8770.0	7.0	1.0	0.0	0.0003942857142857143
8777.0	7.0	1.0	0.0	4.2857142857142856e-05
8784.0	7.0	1.0	0.0	6e-05
8791.0	7.0	1.0	0.0	0.00031999999999999997
8798.0	7.0	1.0	0.0	0.00031857142857142853
8805.0	7.0	1.0	0.0	0.00056
8812.0	7.0	1.0	0.0	0.000872857142857143
8819.0	7.0	1.0	0.0	0.0019
8826.0	7.0	1.0	0.0	0.00025714285714285715
8833.0	7.0	1.0	0.0	0.0
8840.0	7.0	1.0	0.0	8.285714285714286e-05
8847.0	7.0	1.0	0.0	0.0005885714285714286
8854.0	7.0	1.0	0.0	0.004434285714285715
8861.0	7.0	1.0	0.0	0.005892857142857143
8868.0	7.0	1.0	0.0	0.00578
8875.0	7.0	1.0	0.0	0.004294285714285715
8882.0	7.0	1.0	0.0	0.0012728571428571429
8889.0	7.0	1.0	0.0	0.0013642857142857141
8896.0	7.0	1.0	0.0	0.0028885714285714283
8903.0	7.0	1.0	0.0	0.0021285714285714285
8910.0	7.0	1.0	0.0	0.0026799999999999997
8917.0	7.0	1.0	0.0	0.004118571428571428
8924.0	7.0	1.0	0.0	0.0028199999999999996
8931.0	7.0	1.0	0.0	0.001772857142857143
8938.0	7.0	1.0	0.0	0.006797142857142857
8945.0	7.0	1.0	0.0	0.008605714285714284
8952.0	7.0	1.0	0.0	0.005357142857142857
8959.0	7.0	1.0	0.0	0.00369
8966.0	7.0	1.0	0.0	0.0038471428571428576
8973.0	7.0	1.0	0.0	0.0033900000000000002
8980.0	7.0	1.0	0.0	0.0035228571428571427
8987.0	7.0	1.0	0.0	0.0020914285714285718
8994.0	7.0	1.0	0.0	0.00231
9001.0	7.0	1.0	0.0	0.0006357142857142857
9008.0	7.0	1.0	0.0	7.000000000000001e-05
9015.0	7.0	1.0	0.0	0.0
9022.0	7.0	1.0	0.0	0.00018857142857142857
9029.0	7.0	1.0	0.0	0.00025428571428571427
9036.0	7.0	1.0	0.0	0.0001142857142857143
9043.0	7.0	1.0	0.0	0.0001
9050.0	7.0	1.0	0.0	0.0002357142857142857
9057.0	7.0	1.0	0.0	1.4285714285714287e-05
9064.0	7.0	1.0	0.0	5.000000000000001e-05
9071.0	7.0	1.0	0.0	6.714285714285715e-05
9078.0	7.0	1.0	0.0	4.2857142857142855e-06
9085.0	7.0	1.0	0.0	0.00015
9092.0	7.0	1.0	0.0	0.0
9099.0	7.0	1.0	0.0	7.142857142857143e-05
9106.0	7.0	1.0	0.0	8.571428571428573e-06
9113.0	7.0	1.0	0.0	1.8571428571428575e-05
9120.0	7.0	1.0	0.0	2.8571428571428574e-05
9127.0	7.0	1.0	0.0	1.5714285714285715e-05
12421.0	7.0	1.0	0.0	3.4285714285714284e-05
12428.0	7.0	1.0	0.0	0.00013285714285714287
12435.0	7.0	1.0	0.0	0.00014714285714285716
12442.0	7.0	1.0	0.0	0.00012428571428571428
12449.0	7.0	1.0	0.0	0.0
12456.0	7.0	1.0	0.0	0.0001342857142857143
12463.0	7.0	1.0	0.0	2.2857142857142858e-05
12470.0	7.0	1.0	0.0	3.571428571428572e-05
12477.0	7.0	1.0	0.0	7.1428571428571436e-06
12484.0	7.0	1.0	0.0	0.00012142857142857144
12491.0	7.0	1.0	0.0	0.0011485714285714287
12498.0	7.0	1.0	0.0	0.00018714285714285713
12505.0	7.0	1.0	0.0	0.00020285714285714286
12512.0	7.0	1.0	0.0	8.142857142857142e-05
12519.0	7.0	1.0	0.0	7.571428571428571e-05
12526.0	7.0	1.0	0.0	0.0002157142857142857
12533.0	7.0	1.0	0.0	0.0002928571428571429
12540.0	7.0	1.0	0.0	0.00034428571428571424
12547.0	7.0	1.0	0.0	5.285714285714287e-05
12554.0	7.0	1.0	0.0	0.0010314285714285716
12561.0	7.0	1.0	0.0	0.00412
12568.0	7.0	1.0	0.0	0.0038800000000000006
12575.0	7.0	1.0	0.0	0.0016842857142857143
12582.0	7.0	1.0	0.0	0.0010785714285714285
12589.0	7.0	1.0	0.0	0.00304
12596.0	7.0	1.0	0.0	0.003437142857142857
12603.0	7.0	1.0	0.0	0.0009114285714285715
12610.0	7.0	1.0	0.0	0.00136
12617.0	7.0	1.0	0.0	0.0012085714285714286
12624.0	7.0	1.0	0.0	0.0001942857142857143
12631.0	7.0	1.0	0.0	0.00027428571428571427
12638.0	7.0	1.0	0.0	2.7142857142857144e-05
12645.0	7.0	1.0	0.0	2.8571428571428573e-06
12652.0	7.0	1.0	0.0	0.00027714285714285715
12659.0	7.0	1.0	0.0	9.857142857142858e-05
12666.0	7.0	1.0	0.0	0.00015571428571428572
12673.0	7.0	1.0	0.0	0.00034142857142857146
12680.0	7.0	1.0	0.0	0.00027428571428571427
12687.0	7.0	1.0	0.0	7.285714285714285e-05
12694.0	7.0	1.0	0.0	4.428571428571428e-05
12701.0	7.0	1.0	0.0	0.00021285714285714286
12708.0	7.0	1.0	0.0	0.00011571428571428572
12715.0	7.0	1.0	0.0	0.0001
12722.0	7.0	1.0	0.0	5.714285714285715e-05
12729.0	7.0	1.0	0.0	0.0
12736.0	7.0	1.0	0.0	2.1428571428571428e-05
12743.0	7.0	1.0	0.0	0.0
12750.0	7.0	1.0	0.0	3.714285714285715e-05
12757.0	7.0	1.0	0.0	3.4285714285714284e-05
12764.0	7.0	1.0	0.0	0.0
12771.0	7.0	1.0	0.0	1.4285714285714287e-05
12778.0	7.0	1.0	0.0	0.00015714285714285713
14246.0	7.0	1.0	0.0	5.142857142857142e-05
14253.0	7.0	1.0	0.0	5.7142857142857145e-06
14260.0	7.0	1.0	0.0	0.0
14267.0	7.0	1.0	0.0	0.0
14274.0	7.0	1.0	0.0	5.7142857142857145e-06
14281.0	7.0	1.0	0.0	0.0
14288.0	7.0	1.0	0.0	3.9999999999999996e-05
14295.0	7.0	1.0	0.0	1.857142857142857e-05
14302.0	7.0	1.0	0.0	0.0
14309.0	7.0	1.0	0.0	0.00014714285714285716
14316.0	7.0	1.0	0.0	1.2857142857142857e-05
14323.0	7.0	1.0	0.0	0.00010857142857142858
14330.0	7.0	1.0	0.0	0.0
14337.0	7.0	1.0	0.0	0.0011542857142857142
14344.0	7.0	1.0	0.0	0.0006842857142857144
14351.0	7.0	1.0	0.0	0.001987142857142857
14358.0	7.0	1.0	0.0	0.00248
14365.0	7.0	1.0	0.0	0.0030214285714285716
14372.0	7.0	1.0	0.0	0.004051428571428572
14379.0	7.0	1.0	0.0	0.00211
14386.0	7.0	1.0	0.0	0.0021742857142857145
14393.0	7.0	1.0	0.0	0.0024814285714285715
14400.0	7.0	1.0	0.0	0.0011042857142857141
14407.0	7.0	1.0	0.0	0.0020885714285714283
14414.0	7.0	1.0	0.0	0.003098571428571429
14421.0	7.0	1.0	0.0	0.0019342857142857143
14428.0	7.0	1.0	0.0	0.0013614285714285714
14435.0	7.0	1.0	0.0	0.0007171428571428572
14442.0	7.0	1.0	0.0	0.00041285714285714287
14449.0	7.0	1.0	0.0	0.002207142857142857
14456.0	7.0	1.0	0.0	0.004911428571428572
14463.0	7.0	1.0	0.0	0.000752857142857143
14470.0	7.0	1.0	0.0	0.00012
14477.0	7.0	1.0	0.0	0.00013714285714285713
14484.0	7.0	1.0	0.0	0.00028571428571428574
14491.0	7.0	1.0	0.0	6.857142857142857e-05
14498.0	7.0	1.0	0.0	0.0
14505.0	7.0	1.0	0.0	0.0
14512.0	7.0	1.0	0.0	2.8571428571428573e-06
14519.0	7.0	1.0	0.0	1.5714285714285715e-05
14526.0	7.0	1.0	0.0	1.2857142857142857e-05
14533.0	7.0	1.0	0.0	2.8571428571428573e-06
14540.0	7.0	1.0	0.0	2.2857142857142858e-05
14547.0	7.0	1.0	0.0	2.2857142857142855e-05
14554.0	7.0	1.0	0.0	2.2857142857142855e-05
14561.0	7.0	1.0	0.0	1e-05
14568.0	7.0	1.0	0.0	0.0
14575.0	7.0	1.0	0.0	0.0
14582.0	7.0	1.0	0.0	0.0
14589.0	7.0	1.0	0.0	2.8571428571428573e-06
14596.0	7.0	1.0	0.0	0.0
14603.0	7.0	1.0	0.0	0.0
14610.0	7.0	1.0	0.0	4.2857142857142855e-06
10234.0	7.0	1.0	0.0	0.0
10241.0	7.0	1.0	0.0	4.2857142857142855e-06
10248.0	7.0	1.0	0.0	1.2857142857142857e-05
10255.0	7.0	1.0	0.0	0.00011142857142857143
10262.0	7.0	1.0	0.0	0.0001485714285714286
10269.0	7.0	1.0	0.0	0.0002542857142857143
10276.0	7.0	1.0	0.0	9.999999999999999e-06
10283.0	7.0	1.0	0.0	0.00017571428571428572
10290.0	7.0	1.0	0.0	2.4285714285714285e-05
10297.0	7.0	1.0	0.0	0.0003985714285714286
10304.0	7.0	1.0	0.0	0.00042285714285714284
10311.0	7.0	1.0	0.0	0.0033542857142857146
10318.0	7.0	1.0	0.0	0.006168571428571428
10325.0	7.0	1.0	0.0	0.003532857142857143
10332.0	7.0	1.0	0.0	0.0034485714285714284
10339.0	7.0	1.0	0.0	0.0014899999999999998
10346.0	7.0	1.0	0.0	0.0022742857142857144
10353.0	7.0	1.0	0.0	0.0030385714285714287
10360.0	7.0	1.0	0.0	0.003491428571428571
10367.0	7.0	1.0	0.0	0.003617142857142857
10374.0	7.0	1.0	0.0	0.004357142857142857
10381.0	7.0	1.0	0.0	0.003268571428571429
10388.0	7.0	1.0	0.0	0.0027214285714285717
10395.0	7.0	1.0	0.0	0.003494285714285714
10402.0	7.0	1.0	0.0	0.003327142857142857
10409.0	7.0	1.0	0.0	0.0015085714285714286
10416.0	7.0	1.0	0.0	0.0017942857142857146
10423.0	7.0	1.0	0.0	0.0021342857142857144
10430.0	7.0	1.0	0.0	0.00382
10437.0	7.0	1.0	0.0	0.00289
10444.0	7.0	1.0	0.0	0.003182857142857143
10451.0	7.0	1.0	0.0	0.0008242857142857144
10458.0	7.0	1.0	0.0	0.00011285714285714286
10465.0	7.0	1.0	0.0	3.714285714285715e-05
10472.0	7.0	1.0	0.0	0.00019714285714285716
10479.0	7.0	1.0	0.0	0.00041999999999999996
10486.0	7.0	1.0	0.0	0.00055
10493.0	7.0	1.0	0.0	0.0011728571428571428
10500.0	7.0	1.0	0.0	6.714285714285714e-05
10507.0	7.0	1.0	0.0	6.857142857142857e-05
10514.0	7.0	1.0	0.0	0.00048714285714285716
10521.0	7.0	1.0	0.0	1.2857142857142857e-05
10528.0	7.0	1.0	0.0	9.857142857142856e-05
10535.0	7.0	1.0	0.0	0.00011714285714285715
10542.0	7.0	1.0	0.0	0.0
10549.0	7.0	1.0	0.0	1.4285714285714286e-06
10556.0	7.0	1.0	0.0	4.571428571428571e-05
10563.0	7.0	1.0	0.0	1e-05
10570.0	7.0	1.0	0.0	1.4285714285714286e-06
10577.0	7.0	1.0	0.0	0.0
10584.0	7.0	1.0	0.0	0.0
10591.0	7.0	1.0	0.0	0.0
14616.0	7.0	1.0	0.0	1.2857142857142857e-05
14623.0	7.0	1.0	0.0	3.714285714285715e-05
14630.0	7.0	1.0	0.0	3.857142857142857e-05
14637.0	7.0	1.0	0.0	0.0
14644.0	7.0	1.0	0.0	5.714285714285715e-05
14651.0	7.0	1.0	0.0	7.1428571428571436e-06
14658.0	7.0	1.0	0.0	6e-05
14665.0	7.0	1.0	0.0	0.00016714285714285716
14672.0	7.0	1.0	0.0	0.00046428571428571433
14679.0	7.0	1.0	0.0	1.857142857142857e-05
14686.0	7.0	1.0	0.0	2.9999999999999997e-05
14693.0	7.0	1.0	0.0	0.0002671428571428572
14700.0	7.0	1.0	0.0	9.285714285714287e-05
14707.0	7.0	1.0	0.0	0.0005757142857142856
14714.0	7.0	1.0	0.0	0.0028842857142857142
14721.0	7.0	1.0	0.0	0.0028971428571428572
14728.0	7.0	1.0	0.0	0.0018299999999999998
14735.0	7.0	1.0	0.0	0.0018099999999999998
14742.0	7.0	1.0	0.0	0.0009542857142857143
14749.0	7.0	1.0	0.0	0.0026942857142857146
14756.0	7.0	1.0	0.0	0.00189
14763.0	7.0	1.0	0.0	0.0010557142857142857
14770.0	7.0	1.0	0.0	0.0018971428571428572
14777.0	7.0	1.0	0.0	0.0012228571428571432
14784.0	7.0	1.0	0.0	0.0007914285714285714
14791.0	7.0	1.0	0.0	0.00047857142857142857
14798.0	7.0	1.0	0.0	0.0001342857142857143
14805.0	7.0	1.0	0.0	0.0004442857142857143
14812.0	7.0	1.0	0.0	0.0015314285714285714
14819.0	7.0	1.0	0.0	0.001655714285714286
14826.0	7.0	1.0	0.0	0.00017857142857142857
14833.0	7.0	1.0	0.0	0.00013142857142857143
14840.0	7.0	1.0	0.0	0.0
14847.0	7.0	1.0	0.0	0.00010857142857142858
14854.0	7.0	1.0	0.0	3e-05
14861.0	7.0	1.0	0.0	0.0
14868.0	7.0	1.0	0.0	0.0
14875.0	7.0	1.0	0.0	0.0
14882.0	7.0	1.0	0.0	1.7142857142857145e-05
14889.0	7.0	1.0	0.0	5.7142857142857145e-06
14896.0	7.0	1.0	0.0	0.0
14903.0	7.0	1.0	0.0	0.0
14910.0	7.0	1.0	0.0	0.0
14917.0	7.0	1.0	0.0	4.285714285714286e-06
14924.0	7.0	1.0	0.0	2.7142857142857144e-05
14931.0	7.0	1.0	0.0	1.8571428571428575e-05
14938.0	7.0	1.0	0.0	0.0
14945.0	7.0	1.0	0.0	2.8571428571428573e-06
14952.0	7.0	1.0	0.0	0.0001342857142857143
14959.0	7.0	1.0	0.0	0.00027428571428571427
14966.0	7.0	1.0	0.0	2.8571428571428573e-06
14973.0	7.0	1.0	0.0	0.0
8040.0	7.0	1.0	0.0	0.0
8047.0	7.0	1.0	0.0	4.857142857142858e-05
8054.0	7.0	1.0	0.0	0.00015285714285714287
8061.0	7.0	1.0	0.0	0.0002185714285714286
8068.0	7.0	1.0	0.0	0.00031571428571428576
8075.0	7.0	1.0	0.0	7.571428571428571e-05
8082.0	7.0	1.0	0.0	3e-05
8089.0	7.0	1.0	0.0	0.00017857142857142857
8096.0	7.0	1.0	0.0	0.00028
8103.0	7.0	1.0	0.0	0.0
8110.0	7.0	1.0	0.0	0.0001742857142857143
8117.0	7.0	1.0	0.0	0.0010271428571428571
8124.0	7.0	1.0	0.0	0.00029142857142857144
8131.0	7.0	1.0	0.0	0.0011128571428571429
8138.0	7.0	1.0	0.0	0.004135714285714285
8145.0	7.0	1.0	0.0	0.006882857142857144
8152.0	7.0	1.0	0.0	0.004149999999999999
8159.0	7.0	1.0	0.0	0.005175714285714286
8166.0	7.0	1.0	0.0	0.0038814285714285713
8173.0	7.0	1.0	0.0	0.00167
8180.0	7.0	1.0	0.0	0.0004985714285714286
8187.0	7.0	1.0	0.0	2.8571428571428567e-05
8194.0	7.0	1.0	0.0	0.0013328571428571428
8201.0	7.0	1.0	0.0	0.003397142857142857
8208.0	7.0	1.0	0.0	0.0015071428571428575
8215.0	7.0	1.0	0.0	0.0001142857142857143
8222.0	7.0	1.0	0.0	1.9999999999999998e-05
8229.0	7.0	1.0	0.0	8.571428571428571e-06
8236.0	7.0	1.0	0.0	1.4285714285714286e-06
8243.0	7.0	1.0	0.0	0.0002471428571428572
8250.0	7.0	1.0	0.0	0.0
8257.0	7.0	1.0	0.0	1.4285714285714286e-06
8264.0	7.0	1.0	0.0	5.714285714285715e-05
8271.0	7.0	1.0	0.0	2.7142857142857144e-05
8278.0	7.0	1.0	0.0	0.0004642857142857143
8285.0	7.0	1.0	0.0	0.00040857142857142855
8292.0	7.0	1.0	0.0	0.00035714285714285714
8299.0	7.0	1.0	0.0	0.0006257142857142858
8306.0	7.0	1.0	0.0	0.00013285714285714287
8313.0	7.0	1.0	0.0	3.142857142857143e-05
8320.0	7.0	1.0	0.0	6.714285714285715e-05
8327.0	7.0	1.0	0.0	0.00012714285714285714
8334.0	7.0	1.0	0.0	0.00013428571428571428
8341.0	7.0	1.0	0.0	0.00011857142857142858
8348.0	7.0	1.0	0.0	0.0031899999999999997
8355.0	7.0	1.0	0.0	0.00202
8362.0	7.0	1.0	0.0	2e-05
8369.0	7.0	1.0	0.0	9.571428571428571e-05
8376.0	7.0	1.0	0.0	0.00011
8383.0	7.0	1.0	0.0	9.714285714285715e-05
8390.0	7.0	1.0	0.0	9e-05
8397.0	7.0	1.0	0.0	0.00012428571428571428
8404.0	7.0	1.0	0.0	3.9999999999999996e-05
8411.0	7.0	1.0	0.0	1.8571428571428575e-05
8418.0	7.0	1.0	0.0	2.7142857142857144e-05
8425.0	7.0	1.0	0.0	1.4285714285714286e-06
8432.0	7.0	1.0	0.0	0.0
8439.0	7.0	1.0	0.0	0.0006299999999999998
8446.0	7.0	1.0	0.0	0.00041428571428571426
8453.0	7.0	1.0	0.0	0.00027142857142857144
8460.0	7.0	1.0	0.0	0.00192
8467.0	7.0	1.0	0.0	0.004735714285714286
8474.0	7.0	1.0	0.0	0.0034600000000000004
8481.0	7.0	1.0	0.0	0.0010128571428571428
8488.0	7.0	1.0	0.0	8.714285714285714e-05
8495.0	7.0	1.0	0.0	8.714285714285715e-05
8502.0	7.0	1.0	0.0	0.0019614285714285714
8509.0	7.0	1.0	0.0	0.0006328571428571428
8516.0	7.0	1.0	0.0	0.00013857142857142857
8523.0	7.0	1.0	0.0	0.000957142857142857
8530.0	7.0	1.0	0.0	0.005318571428571429
8537.0	7.0	1.0	0.0	0.007245714285714286
8544.0	7.0	1.0	0.0	0.006022857142857143
8551.0	7.0	1.0	0.0	0.005664285714285714
8558.0	7.0	1.0	0.0	0.005002857142857142
8565.0	7.0	1.0	0.0	0.0038985714285714288
8572.0	7.0	1.0	0.0	0.004121428571428572
8579.0	7.0	1.0	0.0	0.003664285714285714
8586.0	7.0	1.0	0.0	0.0023085714285714285
8593.0	7.0	1.0	0.0	0.0034557142857142864
8600.0	7.0	1.0	0.0	0.0027842857142857144
8607.0	7.0	1.0	0.0	0.002352857142857143
8614.0	7.0	1.0	0.0	0.0019114285714285715
8621.0	7.0	1.0	0.0	0.0004128571428571428
8628.0	7.0	1.0	0.0	0.0007157142857142857
8635.0	7.0	1.0	0.0	0.0007342857142857143
8642.0	7.0	1.0	0.0	0.0017742857142857144
8649.0	7.0	1.0	0.0	0.0038757142857142866
8656.0	7.0	1.0	0.0	0.002022857142857143
8663.0	7.0	1.0	0.0	0.00031142857142857144
8670.0	7.0	1.0	0.0	1.5714285714285715e-05
8677.0	7.0	1.0	0.0	0.00010857142857142858
8684.0	7.0	1.0	0.0	0.00158
8691.0	7.0	1.0	0.0	0.004994285714285714
8698.0	7.0	1.0	0.0	0.0033114285714285706
8705.0	7.0	1.0	0.0	0.0013442857142857145
8712.0	7.0	1.0	0.0	0.0001885714285714286
8719.0	7.0	1.0	0.0	0.0
8726.0	7.0	1.0	0.0	3.4285714285714284e-05
8733.0	7.0	1.0	0.0	0.0001042857142857143
8740.0	7.0	1.0	0.0	0.00010999999999999999
8747.0	7.0	1.0	0.0	2.4285714285714288e-05
8754.0	7.0	1.0	0.0	0.0
8761.0	7.0	1.0	0.0	5.857142857142857e-05
7672.0	7.0	1.0	0.0	0.0
7679.0	7.0	1.0	0.0	0.0
7686.0	7.0	1.0	0.0	4.2857142857142855e-06
7693.0	7.0	1.0	0.0	0.0
7700.0	7.0	1.0	0.0	1.1428571428571427e-05
7707.0	7.0	1.0	0.0	0.0
7714.0	7.0	1.0	0.0	0.0
7721.0	7.0	1.0	0.0	7.142857142857143e-05
7728.0	7.0	1.0	0.0	0.00015142857142857143
7735.0	7.0	1.0	0.0	3.1428571428571424e-05
7742.0	7.0	1.0	0.0	0.00024
7749.0	7.0	1.0	0.0	4.5714285714285716e-05
7756.0	7.0	1.0	0.0	0.00023285714285714286
7763.0	7.0	1.0	0.0	0.0003528571428571429
7770.0	7.0	1.0	0.0	0.00052
7777.0	7.0	1.0	0.0	0.0006514285714285714
7784.0	7.0	1.0	0.0	0.0012014285714285714
7791.0	7.0	1.0	0.0	0.0003942857142857143
7798.0	7.0	1.0	0.0	5.7142857142857145e-06
7805.0	7.0	1.0	0.0	0.0005
7812.0	7.0	1.0	0.0	0.0011785714285714286
7819.0	7.0	1.0	0.0	0.00042999999999999994
7826.0	7.0	1.0	0.0	0.0005814285714285714
7833.0	7.0	1.0	0.0	0.0008442857142857142
7840.0	7.0	1.0	0.0	0.00017857142857142854
7847.0	7.0	1.0	0.0	4.4285714285714296e-05
7854.0	7.0	1.0	0.0	3e-05
7861.0	7.0	1.0	0.0	0.0007157142857142857
7868.0	7.0	1.0	0.0	0.0009257142857142858
7875.0	7.0	1.0	0.0	3.857142857142857e-05
7882.0	7.0	1.0	0.0	2.142857142857143e-05
7889.0	7.0	1.0	0.0	7.142857142857143e-05
7896.0	7.0	1.0	0.0	3.1428571428571424e-05
7903.0	7.0	1.0	0.0	0.00032857142857142856
7910.0	7.0	1.0	0.0	0.0002057142857142857
7917.0	7.0	1.0	0.0	0.00019285714285714286
7924.0	7.0	1.0	0.0	0.00017285714285714287
7931.0	7.0	1.0	0.0	3.714285714285715e-05
7938.0	7.0	1.0	0.0	0.00040999999999999994
7945.0	7.0	1.0	0.0	2.8571428571428573e-06
7952.0	7.0	1.0	0.0	0.00017714285714285713
7959.0	7.0	1.0	0.0	5.7142857142857145e-06
7966.0	7.0	1.0	0.0	0.00010285714285714286
7973.0	7.0	1.0	0.0	0.0002871428571428572
7980.0	7.0	1.0	0.0	3.9999999999999996e-05
7987.0	7.0	1.0	0.0	0.0
7994.0	7.0	1.0	0.0	9.142857142857143e-05
8001.0	7.0	1.0	0.0	7.571428571428571e-05
8008.0	7.0	1.0	0.0	5.857142857142857e-05
8015.0	7.0	1.0	0.0	1.7142857142857142e-05
8022.0	7.0	1.0	0.0	5.857142857142857e-05
8029.0	7.0	1.0	0.0	0.0
366.0	7.0	1.0	0.0	0.0002185714285714286
373.0	7.0	1.0	0.0	0.00010142857142857144
380.0	7.0	1.0	0.0	0.0001642857142857143
387.0	7.0	1.0	0.0	1.4285714285714286e-06
394.0	7.0	1.0	0.0	4.285714285714286e-06
401.0	7.0	1.0	0.0	9e-05
408.0	7.0	1.0	0.0	0.0
415.0	7.0	1.0	0.0	4e-05
422.0	7.0	1.0	0.0	2.8571428571428573e-06
429.0	7.0	1.0	0.0	9.999999999999999e-06
436.0	7.0	1.0	0.0	7.285714285714286e-05
443.0	7.0	1.0	0.0	3.714285714285715e-05
450.0	7.0	1.0	0.0	0.0
457.0	7.0	1.0	0.0	8.571428571428571e-05
464.0	7.0	1.0	0.0	0.0002285714285714286
471.0	7.0	1.0	0.0	0.0005614285714285713
478.0	7.0	1.0	0.0	0.0008057142857142856
485.0	7.0	1.0	0.0	0.0011714285714285715
492.0	7.0	1.0	0.0	0.0011842857142857143
499.0	7.0	1.0	0.0	0.00016
506.0	7.0	1.0	0.0	0.0005542857142857143
513.0	7.0	1.0	0.0	0.00022571428571428571
520.0	7.0	1.0	0.0	0.0004871428571428571
527.0	7.0	1.0	0.0	0.002232857142857143
534.0	7.0	1.0	0.0	0.00272
541.0	7.0	1.0	0.0	0.005738571428571429
548.0	7.0	1.0	0.0	0.00386
555.0	7.0	1.0	0.0	0.004475714285714285
562.0	7.0	1.0	0.0	0.0047542857142857135
569.0	7.0	1.0	0.0	0.0025385714285714282
576.0	7.0	1.0	0.0	0.0013399999999999998
583.0	7.0	1.0	0.0	0.002814285714285714
590.0	7.0	1.0	0.0	0.0010171428571428569
597.0	7.0	1.0	0.0	2.8571428571428574e-05
604.0	7.0	1.0	0.0	0.00014142857142857143
611.0	7.0	1.0	0.0	0.0004828571428571429
618.0	7.0	1.0	0.0	0.0015899999999999998
625.0	7.0	1.0	0.0	0.00038142857142857146
632.0	7.0	1.0	0.0	0.00028857142857142856
639.0	7.0	1.0	0.0	0.0007142857142857143
646.0	7.0	1.0	0.0	0.0015528571428571427
653.0	7.0	1.0	0.0	0.0002228571428571429
660.0	7.0	1.0	0.0	0.0003685714285714286
667.0	7.0	1.0	0.0	0.00023857142857142857
674.0	7.0	1.0	0.0	0.0004728571428571428
681.0	7.0	1.0	0.0	1.1428571428571429e-05
688.0	7.0	1.0	0.0	3.4285714285714284e-05
695.0	7.0	1.0	0.0	7.571428571428573e-05
702.0	7.0	1.0	0.0	7.142857142857143e-05
709.0	7.0	1.0	0.0	0.0
716.0	7.0	1.0	0.0	5.714285714285715e-05
723.0	7.0	1.0	0.0	1.1428571428571429e-05
730.0	7.0	1.0	0.0	7e-05
9503.0	7.0	1.0	0.0	2.8571428571428574e-05
9510.0	7.0	1.0	0.0	1.4285714285714286e-06
9517.0	7.0	1.0	0.0	2e-05
9524.0	7.0	1.0	0.0	4e-05
9531.0	7.0	1.0	0.0	1.4285714285714286e-06
9538.0	7.0	1.0	0.0	0.0
9545.0	7.0	1.0	0.0	1.4285714285714286e-06
9552.0	7.0	1.0	0.0	4.285714285714286e-05
9559.0	7.0	1.0	0.0	0.00010285714285714286
9566.0	7.0	1.0	0.0	1e-05
9573.0	7.0	1.0	0.0	0.00016142857142857145
9580.0	7.0	1.0	0.0	3.428571428571429e-05
9587.0	7.0	1.0	0.0	0.00022142857142857145
9594.0	7.0	1.0	0.0	0.00020714285714285713
9601.0	7.0	1.0	0.0	0.00034571428571428573
9608.0	7.0	1.0	0.0	0.0005914285714285714
9615.0	7.0	1.0	0.0	0.0025657142857142858
9622.0	7.0	1.0	0.0	0.003288571428571429
9629.0	7.0	1.0	0.0	0.0013814285714285712
9636.0	7.0	1.0	0.0	0.0028571428571428567
9643.0	7.0	1.0	0.0	0.0011571428571428572
9650.0	7.0	1.0	0.0	3.857142857142857e-05
9657.0	7.0	1.0	0.0	6.142857142857142e-05
9664.0	7.0	1.0	0.0	0.00013571428571428572
9671.0	7.0	1.0	0.0	0.00058
9678.0	7.0	1.0	0.0	0.0002757142857142857
9685.0	7.0	1.0	0.0	0.0013257142857142858
9692.0	7.0	1.0	0.0	0.003291428571428571
9699.0	7.0	1.0	0.0	0.0019842857142857145
9706.0	7.0	1.0	0.0	0.0002814285714285714
9713.0	7.0	1.0	0.0	1.4285714285714287e-05
9720.0	7.0	1.0	0.0	1.8571428571428575e-05
9727.0	7.0	1.0	0.0	3.4285714285714284e-05
9734.0	7.0	1.0	0.0	3.4285714285714284e-05
9741.0	7.0	1.0	0.0	0.0
9748.0	7.0	1.0	0.0	0.0
9755.0	7.0	1.0	0.0	0.0
9762.0	7.0	1.0	0.0	0.00013
9769.0	7.0	1.0	0.0	9.714285714285715e-05
9776.0	7.0	1.0	0.0	0.00010857142857142856
9783.0	7.0	1.0	0.0	0.0002985714285714286
9790.0	7.0	1.0	0.0	6.428571428571429e-05
9797.0	7.0	1.0	0.0	0.0
9804.0	7.0	1.0	0.0	5.2857142857142855e-05
9811.0	7.0	1.0	0.0	9.571428571428571e-05
9818.0	7.0	1.0	0.0	0.00010285714285714286
9825.0	7.0	1.0	0.0	0.0003614285714285715
9832.0	7.0	1.0	0.0	8.142857142857145e-05
9839.0	7.0	1.0	0.0	0.0
9846.0	7.0	1.0	0.0	0.0
9853.0	7.0	1.0	0.0	1.7142857142857142e-05
9860.0	7.0	1.0	0.0	4.285714285714286e-06
10597.0	7.0	1.0	0.0	4.285714285714286e-05
10604.0	7.0	1.0	0.0	4.285714285714286e-05
10611.0	7.0	1.0	0.0	7.571428571428571e-05
10618.0	7.0	1.0	0.0	0.0
10625.0	7.0	1.0	0.0	0.0
10632.0	7.0	1.0	0.0	1.1428571428571427e-05
10639.0	7.0	1.0	0.0	5.714285714285715e-05
10646.0	7.0	1.0	0.0	0.0002771428571428571
10653.0	7.0	1.0	0.0	0.00012857142857142858
10660.0	7.0	1.0	0.0	2.7142857142857144e-05
10667.0	7.0	1.0	0.0	5.000000000000001e-05
10674.0	7.0	1.0	0.0	0.0003457142857142857
10681.0	7.0	1.0	0.0	0.00018714285714285713
10688.0	7.0	1.0	0.0	0.00032857142857142856
10695.0	7.0	1.0	0.0	0.0004257142857142857
10702.0	7.0	1.0	0.0	0.0003128571428571429
10709.0	7.0	1.0	0.0	0.0003528571428571429
10716.0	7.0	1.0	0.0	0.0012171428571428572
10723.0	7.0	1.0	0.0	0.0059614285714285715
10730.0	7.0	1.0	0.0	0.007391428571428571
10737.0	7.0	1.0	0.0	0.0076
10744.0	7.0	1.0	0.0	0.005827142857142856
10751.0	7.0	1.0	0.0	0.0026200000000000004
10758.0	7.0	1.0	0.0	0.0008371428571428572
10765.0	7.0	1.0	0.0	4.4285714285714296e-05
10772.0	7.0	1.0	0.0	0.00028571428571428574
10779.0	7.0	1.0	0.0	0.0008500000000000001
10786.0	7.0	1.0	0.0	0.002671428571428571
10793.0	7.0	1.0	0.0	0.003295714285714285
10800.0	7.0	1.0	0.0	0.001534285714285714
10807.0	7.0	1.0	0.0	0.0010114285714285715
10814.0	7.0	1.0	0.0	3.285714285714286e-05
10821.0	7.0	1.0	0.0	1.4285714285714286e-06
10828.0	7.0	1.0	0.0	0.00029
10835.0	7.0	1.0	0.0	0.0002671428571428572
10842.0	7.0	1.0	0.0	0.00017142857142857143
10849.0	7.0	1.0	0.0	0.0005571428571428571
10856.0	7.0	1.0	0.0	0.0003342857142857143
10863.0	7.0	1.0	0.0	0.0
10870.0	7.0	1.0	0.0	0.0006500000000000001
10877.0	7.0	1.0	0.0	0.00013142857142857143
10884.0	7.0	1.0	0.0	0.00029142857142857144
10891.0	7.0	1.0	0.0	0.00041428571428571426
10898.0	7.0	1.0	0.0	0.0
10905.0	7.0	1.0	0.0	3.4285714285714284e-05
10912.0	7.0	1.0	0.0	1.4285714285714287e-05
10919.0	7.0	1.0	0.0	0.0
10926.0	7.0	1.0	0.0	1.5714285714285715e-05
10933.0	7.0	1.0	0.0	0.00022428571428571427
10940.0	7.0	1.0	0.0	7.1428571428571436e-06
10947.0	7.0	1.0	0.0	9.285714285714287e-05
10954.0	7.0	1.0	0.0	8.285714285714286e-05
3291.0	7.0	1.0	0.0	6.285714285714286e-05
3298.0	7.0	1.0	0.0	3.1428571428571424e-05
3305.0	7.0	1.0	0.0	0.00010999999999999999
3312.0	7.0	1.0	0.0	1.4285714285714287e-05
3319.0	7.0	1.0	0.0	1.7142857142857142e-05
3326.0	7.0	1.0	0.0	0.0
3333.0	7.0	1.0	0.0	3.285714285714286e-05
3340.0	7.0	1.0	0.0	8.571428571428571e-06
3347.0	7.0	1.0	0.0	5.7142857142857145e-06
3354.0	7.0	1.0	0.0	0.00034
3361.0	7.0	1.0	0.0	0.0
3368.0	7.0	1.0	0.0	0.00018285714285714286
3375.0	7.0	1.0	0.0	0.0001342857142857143
3382.0	7.0	1.0	0.0	0.0008142857142857143
3389.0	7.0	1.0	0.0	0.0030499999999999998
3396.0	7.0	1.0	0.0	0.005112857142857142
3403.0	7.0	1.0	0.0	0.001587142857142857
3410.0	7.0	1.0	0.0	0.0004442857142857143
3417.0	7.0	1.0	0.0	0.006521428571428572
3424.0	7.0	1.0	0.0	0.009754285714285714
3431.0	7.0	1.0	0.0	0.005504285714285713
3438.0	7.0	1.0	0.0	0.004472857142857144
3445.0	7.0	1.0	0.0	0.0037071428571428568
3452.0	7.0	1.0	0.0	0.0012071428571428574
3459.0	7.0	1.0	0.0	0.0007542857142857143
3466.0	7.0	1.0	0.0	0.00126
3473.0	7.0	1.0	0.0	0.0044514285714285715
3480.0	7.0	1.0	0.0	0.003187142857142857
3487.0	7.0	1.0	0.0	0.00152
3494.0	7.0	1.0	0.0	0.0007528571428571429
3501.0	7.0	1.0	0.0	0.0007957142857142858
3508.0	7.0	1.0	0.0	0.0025857142857142854
3515.0	7.0	1.0	0.0	0.001757142857142857
3522.0	7.0	1.0	0.0	0.0010014285714285713
3529.0	7.0	1.0	0.0	0.0009842857142857142
3536.0	7.0	1.0	0.0	2.714285714285714e-05
3543.0	7.0	1.0	0.0	0.0
3550.0	7.0	1.0	0.0	4.714285714285714e-05
3557.0	7.0	1.0	0.0	0.00013428571428571428
3564.0	7.0	1.0	0.0	2.4285714285714288e-05
3571.0	7.0	1.0	0.0	4.142857142857143e-05
3578.0	7.0	1.0	0.0	8.428571428571429e-05
3585.0	7.0	1.0	0.0	6.857142857142857e-05
3592.0	7.0	1.0	0.0	0.0
3599.0	7.0	1.0	0.0	0.00020714285714285713
3606.0	7.0	1.0	0.0	7.142857142857145e-05
3613.0	7.0	1.0	0.0	0.0005114285714285714
3620.0	7.0	1.0	0.0	4.571428571428571e-05
3627.0	7.0	1.0	0.0	0.00026142857142857147
3634.0	7.0	1.0	0.0	0.00026428571428571424
3641.0	7.0	1.0	0.0	5.2857142857142855e-05
3648.0	7.0	1.0	0.0	1.2857142857142857e-05
5482.0	7.0	1.0	0.0	7e-05
5489.0	7.0	1.0	0.0	2.142857142857143e-05
5496.0	7.0	1.0	0.0	7.428571428571427e-05
5503.0	7.0	1.0	0.0	4.4285714285714296e-05
5510.0	7.0	1.0	0.0	4.428571428571428e-05
5517.0	7.0	1.0	0.0	2.8571428571428573e-06
5524.0	7.0	1.0	0.0	9.999999999999999e-06
5531.0	7.0	1.0	0.0	1.4285714285714286e-06
5538.0	7.0	1.0	0.0	0.0
5545.0	7.0	1.0	0.0	1.4285714285714287e-05
5552.0	7.0	1.0	0.0	0.0
5559.0	7.0	1.0	0.0	0.0
5566.0	7.0	1.0	0.0	1.4285714285714287e-05
5573.0	7.0	1.0	0.0	0.00010285714285714288
5580.0	7.0	1.0	0.0	4.1428571428571437e-05
5587.0	7.0	1.0	0.0	4e-05
5594.0	7.0	1.0	0.0	0.00016571428571428572
5601.0	7.0	1.0	0.0	0.00019857142857142857
5608.0	7.0	1.0	0.0	0.00010571428571428571
5615.0	7.0	1.0	0.0	9.142857142857143e-05
5622.0	7.0	1.0	0.0	0.00031571428571428576
5629.0	7.0	1.0	0.0	0.0003342857142857143
5636.0	7.0	1.0	0.0	0.0015357142857142857
5643.0	7.0	1.0	0.0	0.002805714285714286
5650.0	7.0	1.0	0.0	0.002152857142857143
5657.0	7.0	1.0	0.0	0.002351428571428571
5664.0	7.0	1.0	0.0	0.001244285714285714
5671.0	7.0	1.0	0.0	8.285714285714287e-05
5678.0	7.0	1.0	0.0	0.0005314285714285715
5685.0	7.0	1.0	0.0	0.0005114285714285714
5692.0	7.0	1.0	0.0	0.001602857142857143
5699.0	7.0	1.0	0.0	0.0007099999999999999
5706.0	7.0	1.0	0.0	0.0003114285714285714
5713.0	7.0	1.0	0.0	0.0021085714285714284
5720.0	7.0	1.0	0.0	0.0032885714285714285
5727.0	7.0	1.0	0.0	0.0008342857142857143
5734.0	7.0	1.0	0.0	0.0015914285714285715
5741.0	7.0	1.0	0.0	0.002107142857142857
5748.0	7.0	1.0	0.0	0.00037142857142857143
5755.0	7.0	1.0	0.0	0.00027428571428571427
5762.0	7.0	1.0	0.0	0.00020285714285714286
5769.0	7.0	1.0	0.0	0.00010999999999999999
5776.0	7.0	1.0	0.0	3.857142857142857e-05
5783.0	7.0	1.0	0.0	4.285714285714286e-05
5790.0	7.0	1.0	0.0	7.428571428571427e-05
5797.0	7.0	1.0	0.0	0.00010999999999999999
5804.0	7.0	1.0	0.0	0.00030000000000000003
5811.0	7.0	1.0	0.0	0.00012142857142857142
5818.0	7.0	1.0	0.0	0.00016
5825.0	7.0	1.0	0.0	1.4285714285714286e-06
5832.0	7.0	1.0	0.0	7.1428571428571436e-06
5839.0	7.0	1.0	0.0	1.1428571428571429e-05
8037.0	7.0	1.0	0.0	0.0
8044.0	7.0	1.0	0.0	3.285714285714286e-05
8051.0	7.0	1.0	0.0	0.00014285714285714287
8058.0	7.0	1.0	0.0	8.857142857142859e-05
8065.0	7.0	1.0	0.0	0.00041428571428571426
8072.0	7.0	1.0	0.0	5.714285714285715e-05
8079.0	7.0	1.0	0.0	7.571428571428571e-05
8086.0	7.0	1.0	0.0	0.0001985714285714286
8093.0	7.0	1.0	0.0	0.00025714285714285715
8100.0	7.0	1.0	0.0	3.285714285714286e-05
8107.0	7.0	1.0	0.0	8.714285714285714e-05
8114.0	7.0	1.0	0.0	0.0008042857142857142
8121.0	7.0	1.0	0.0	0.0003842857142857143
8128.0	7.0	1.0	0.0	0.0008742857142857144
8135.0	7.0	1.0	0.0	0.0024971428571428575
8142.0	7.0	1.0	0.0	0.006299999999999999
8149.0	7.0	1.0	0.0	0.005331428571428571
8156.0	7.0	1.0	0.0	0.0041428571428571434
8163.0	7.0	1.0	0.0	0.0051114285714285715
8170.0	7.0	1.0	0.0	0.002414285714285714
8177.0	7.0	1.0	0.0	0.0009500000000000002
8184.0	7.0	1.0	0.0	0.00011142857142857144
8191.0	7.0	1.0	0.0	8.857142857142857e-05
8198.0	7.0	1.0	0.0	0.003351428571428571
8205.0	7.0	1.0	0.0	0.0024257142857142854
8212.0	7.0	1.0	0.0	0.0005000000000000001
8219.0	7.0	1.0	0.0	5.7142857142857145e-06
8226.0	7.0	1.0	0.0	2.1428571428571428e-05
8233.0	7.0	1.0	0.0	8.571428571428571e-06
8240.0	7.0	1.0	0.0	0.00019285714285714286
8247.0	7.0	1.0	0.0	5.428571428571429e-05
8254.0	7.0	1.0	0.0	1.4285714285714286e-06
8261.0	7.0	1.0	0.0	0.0
8268.0	7.0	1.0	0.0	5.714285714285715e-05
8275.0	7.0	1.0	0.0	0.0002942857142857143
8282.0	7.0	1.0	0.0	0.0004985714285714286
8289.0	7.0	1.0	0.0	0.0002842857142857143
8296.0	7.0	1.0	0.0	0.0004914285714285714
8303.0	7.0	1.0	0.0	0.00044428571428571434
8310.0	7.0	1.0	0.0	2.8571428571428573e-06
8317.0	7.0	1.0	0.0	8.857142857142857e-05
8324.0	7.0	1.0	0.0	9.857142857142856e-05
8331.0	7.0	1.0	0.0	0.00016857142857142857
8338.0	7.0	1.0	0.0	0.00012285714285714284
8345.0	7.0	1.0	0.0	0.0015142857142857143
8352.0	7.0	1.0	0.0	0.0034171428571428573
8359.0	7.0	1.0	0.0	0.00029857142857142853
8366.0	7.0	1.0	0.0	9.571428571428571e-05
8373.0	7.0	1.0	0.0	5e-05
8380.0	7.0	1.0	0.0	0.00010142857142857143
8387.0	7.0	1.0	0.0	6.428571428571429e-05
8394.0	7.0	1.0	0.0	0.00017285714285714284
8401.0	7.0	1.0	0.0	4.4285714285714276e-05
13521.0	7.0	1.0	0.0	1.1428571428571429e-05
13528.0	7.0	1.0	0.0	0.0005385714285714285
13535.0	7.0	1.0	0.0	2.714285714285714e-05
13542.0	7.0	1.0	0.0	1.4285714285714286e-06
13549.0	7.0	1.0	0.0	0.0
13556.0	7.0	1.0	0.0	2.2857142857142855e-05
13563.0	7.0	1.0	0.0	2.4285714285714285e-05
13570.0	7.0	1.0	0.0	7.714285714285714e-05
13577.0	7.0	1.0	0.0	2.4285714285714288e-05
13584.0	7.0	1.0	0.0	9.999999999999999e-06
13591.0	7.0	1.0	0.0	9.999999999999999e-06
13598.0	7.0	1.0	0.0	4.8571428571428576e-05
13605.0	7.0	1.0	0.0	0.0
13612.0	7.0	1.0	0.0	2.2857142857142858e-05
13619.0	7.0	1.0	0.0	0.00010428571428571428
13626.0	7.0	1.0	0.0	2.571428571428571e-05
13633.0	7.0	1.0	0.0	0.0003528571428571429
13640.0	7.0	1.0	0.0	0.0006657142857142858
13647.0	7.0	1.0	0.0	5.7142857142857145e-06
13654.0	7.0	1.0	0.0	0.00010571428571428571
13661.0	7.0	1.0	0.0	5.428571428571429e-05
13668.0	7.0	1.0	0.0	0.0005099999999999999
13675.0	7.0	1.0	0.0	0.002167142857142857
13682.0	7.0	1.0	0.0	0.0028799999999999997
13689.0	7.0	1.0	0.0	0.0006314285714285715
13696.0	7.0	1.0	0.0	0.0011614285714285717
13703.0	7.0	1.0	0.0	0.0009700000000000002
13710.0	7.0	1.0	0.0	2.2857142857142858e-05
13717.0	7.0	1.0	0.0	0.00021714285714285715
13724.0	7.0	1.0	0.0	0.0003428571428571429
13731.0	7.0	1.0	0.0	0.0005885714285714286
13738.0	7.0	1.0	0.0	0.0012242857142857142
13745.0	7.0	1.0	0.0	0.00028999999999999995
13752.0	7.0	1.0	0.0	0.0010914285714285713
13759.0	7.0	1.0	0.0	0.0005814285714285715
13766.0	7.0	1.0	0.0	2.7142857142857144e-05
13773.0	7.0	1.0	0.0	0.00018571428571428572
13780.0	7.0	1.0	0.0	0.00022
13787.0	7.0	1.0	0.0	0.00031142857142857144
13794.0	7.0	1.0	0.0	7.1428571428571436e-06
13801.0	7.0	1.0	0.0	0.00018857142857142854
13808.0	7.0	1.0	0.0	0.0004385714285714285
13815.0	7.0	1.0	0.0	0.0005585714285714286
13822.0	7.0	1.0	0.0	0.0
13829.0	7.0	1.0	0.0	8.857142857142859e-05
13836.0	7.0	1.0	0.0	2.8571428571428573e-06
13843.0	7.0	1.0	0.0	0.0
13850.0	7.0	1.0	0.0	4.142857142857143e-05
13857.0	7.0	1.0	0.0	6.428571428571429e-05
13864.0	7.0	1.0	0.0	0.0
13871.0	7.0	1.0	0.0	3.857142857142857e-05
13878.0	7.0	1.0	0.0	0.0
6946.0	7.0	1.0	0.0	1.4285714285714286e-06
6953.0	7.0	1.0	0.0	2.571428571428571e-05
6960.0	7.0	1.0	0.0	4.2857142857142855e-06
6967.0	7.0	1.0	0.0	0.0
6974.0	7.0	1.0	0.0	1.4285714285714286e-06
6981.0	7.0	1.0	0.0	0.00015714285714285716
6988.0	7.0	1.0	0.0	2.8571428571428573e-06
6995.0	7.0	1.0	0.0	0.0
7002.0	7.0	1.0	0.0	1.1428571428571429e-05
7009.0	7.0	1.0	0.0	5.7142857142857145e-06
7016.0	7.0	1.0	0.0	4.285714285714286e-06
7023.0	7.0	1.0	0.0	1.1428571428571429e-05
7030.0	7.0	1.0	0.0	0.0003857142857142857
7037.0	7.0	1.0	0.0	0.00015142857142857143
7044.0	7.0	1.0	0.0	0.0
7051.0	7.0	1.0	0.0	9.714285714285715e-05
7058.0	7.0	1.0	0.0	0.0
7065.0	7.0	1.0	0.0	0.0
7072.0	7.0	1.0	0.0	0.0004371428571428572
7079.0	7.0	1.0	0.0	0.0006342857142857142
7086.0	7.0	1.0	0.0	5.142857142857143e-05
7093.0	7.0	1.0	0.0	0.0003414285714285714
7100.0	7.0	1.0	0.0	0.001152857142857143
7107.0	7.0	1.0	0.0	0.00089
7114.0	7.0	1.0	0.0	0.003304285714285714
7121.0	7.0	1.0	0.0	0.0029585714285714285
7128.0	7.0	1.0	0.0	0.002105714285714286
7135.0	7.0	1.0	0.0	0.008014285714285715
7142.0	7.0	1.0	0.0	0.004937142857142857
7149.0	7.0	1.0	0.0	0.00139
7156.0	7.0	1.0	0.0	0.0001457142857142857
7163.0	7.0	1.0	0.0	2.1428571428571428e-05
7170.0	7.0	1.0	0.0	4.857142857142857e-05
7177.0	7.0	1.0	0.0	2.1428571428571428e-05
7184.0	7.0	1.0	0.0	9e-05
7191.0	7.0	1.0	0.0	0.00021714285714285715
7198.0	7.0	1.0	0.0	0.0002457142857142857
7205.0	7.0	1.0	0.0	1.4285714285714287e-05
7212.0	7.0	1.0	0.0	0.0
7219.0	7.0	1.0	0.0	4.2857142857142855e-06
7226.0	7.0	1.0	0.0	5.7142857142857145e-06
7233.0	7.0	1.0	0.0	1.1428571428571429e-05
7240.0	7.0	1.0	0.0	2.8571428571428573e-06
7247.0	7.0	1.0	0.0	3.571428571428572e-05
7254.0	7.0	1.0	0.0	2.8571428571428573e-06
7261.0	7.0	1.0	0.0	0.00015999999999999999
7268.0	7.0	1.0	0.0	1.4285714285714287e-05
7275.0	7.0	1.0	0.0	8e-05
7282.0	7.0	1.0	0.0	0.0
7289.0	7.0	1.0	0.0	0.0
7296.0	7.0	1.0	0.0	0.0
7303.0	7.0	1.0	0.0	2e-05
5.0	7.0	1.0	0.0	0.0004
12.0	7.0	1.0	0.0	0.00019
19.0	7.0	1.0	0.0	0.0004057142857142857
26.0	7.0	1.0	0.0	5.857142857142857e-05
33.0	7.0	1.0	0.0	0.00013714285714285713
40.0	7.0	1.0	0.0	0.00025428571428571427
47.0	7.0	1.0	0.0	0.0
54.0	7.0	1.0	0.0	2.7142857142857144e-05
61.0	7.0	1.0	0.0	0.00010142857142857142
68.0	7.0	1.0	0.0	4.571428571428571e-05
75.0	7.0	1.0	0.0	0.00014142857142857143
82.0	7.0	1.0	0.0	2.1428571428571428e-05
89.0	7.0	1.0	0.0	4.285714285714286e-05
96.0	7.0	1.0	0.0	0.0003214285714285714
103.0	7.0	1.0	0.0	0.0006828571428571428
110.0	7.0	1.0	0.0	0.00037428571428571426
117.0	7.0	1.0	0.0	0.0013042857142857144
124.0	7.0	1.0	0.0	0.0025714285714285717
131.0	7.0	1.0	0.0	0.0017214285714285712
138.0	7.0	1.0	0.0	0.0009485714285714286
145.0	7.0	1.0	0.0	0.0003642857142857143
152.0	7.0	1.0	0.0	0.0006814285714285714
159.0	7.0	1.0	0.0	0.00063
166.0	7.0	1.0	0.0	0.0012157142857142857
173.0	7.0	1.0	0.0	0.004457142857142857
180.0	7.0	1.0	0.0	0.0047
187.0	7.0	1.0	0.0	0.0014514285714285716
194.0	7.0	1.0	0.0	0.0013357142857142856
201.0	7.0	1.0	0.0	0.00288
208.0	7.0	1.0	0.0	0.0013142857142857142
215.0	7.0	1.0	0.0	0.0007442857142857144
222.0	7.0	1.0	0.0	0.0003657142857142857
229.0	7.0	1.0	0.0	0.0015314285714285714
236.0	7.0	1.0	0.0	0.001287142857142857
243.0	7.0	1.0	0.0	0.00010142857142857144
250.0	7.0	1.0	0.0	1.4285714285714287e-05
257.0	7.0	1.0	0.0	0.0
264.0	7.0	1.0	0.0	0.0006414285714285714
271.0	7.0	1.0	0.0	0.0
278.0	7.0	1.0	0.0	0.0003685714285714286
285.0	7.0	1.0	0.0	0.0001628571428571429
292.0	7.0	1.0	0.0	0.0005628571428571428
299.0	7.0	1.0	0.0	0.0005042857142857143
306.0	7.0	1.0	0.0	0.0002542857142857143
313.0	7.0	1.0	0.0	0.00040714285714285717
320.0	7.0	1.0	0.0	0.0003071428571428571
327.0	7.0	1.0	0.0	0.00012714285714285716
334.0	7.0	1.0	0.0	0.00011999999999999999
341.0	7.0	1.0	0.0	7.428571428571427e-05
348.0	7.0	1.0	0.0	0.0
355.0	7.0	1.0	0.0	8.142857142857145e-05
362.0	7.0	1.0	0.0	0.0
9500.0	7.0	1.0	0.0	2.5714285714285714e-05
9507.0	7.0	1.0	0.0	4.2857142857142855e-06
9514.0	7.0	1.0	0.0	5.7142857142857145e-06
9521.0	7.0	1.0	0.0	5.571428571428572e-05
9528.0	7.0	1.0	0.0	0.0
9535.0	7.0	1.0	0.0	1.4285714285714286e-06
9542.0	7.0	1.0	0.0	1.4285714285714286e-06
9549.0	7.0	1.0	0.0	1e-05
9556.0	7.0	1.0	0.0	0.00011571428571428571
9563.0	7.0	1.0	0.0	2.142857142857143e-05
9570.0	7.0	1.0	0.0	0.00013285714285714287
9577.0	7.0	1.0	0.0	4.285714285714287e-05
9584.0	7.0	1.0	0.0	9.428571428571429e-05
9591.0	7.0	1.0	0.0	0.0002585714285714286
9598.0	7.0	1.0	0.0	0.00010428571428571428
9605.0	7.0	1.0	0.0	0.0006
9612.0	7.0	1.0	0.0	0.0011899999999999999
9619.0	7.0	1.0	0.0	0.003920000000000001
9626.0	7.0	1.0	0.0	0.0018528571428571429
9633.0	7.0	1.0	0.0	0.00221
9640.0	7.0	1.0	0.0	0.0022057142857142857
9647.0	7.0	1.0	0.0	0.00023428571428571435
9654.0	7.0	1.0	0.0	6.571428571428571e-05
9661.0	7.0	1.0	0.0	0.0001142857142857143
9668.0	7.0	1.0	0.0	0.0003757142857142857
9675.0	7.0	1.0	0.0	0.00036
9682.0	7.0	1.0	0.0	0.0008685714285714286
9689.0	7.0	1.0	0.0	0.0024071428571428573
9696.0	7.0	1.0	0.0	0.0029585714285714285
9703.0	7.0	1.0	0.0	0.00074
9710.0	7.0	1.0	0.0	7.285714285714287e-05
9717.0	7.0	1.0	0.0	1e-05
9724.0	7.0	1.0	0.0	8.571428571428571e-06
9731.0	7.0	1.0	0.0	6.857142857142857e-05
9738.0	7.0	1.0	0.0	0.0
9745.0	7.0	1.0	0.0	0.0
9752.0	7.0	1.0	0.0	0.0
9759.0	7.0	1.0	0.0	6.571428571428571e-05
9766.0	7.0	1.0	0.0	6.428571428571429e-05
9773.0	7.0	1.0	0.0	0.0002
9780.0	7.0	1.0	0.0	0.00015999999999999999
9787.0	7.0	1.0	0.0	0.0002085714285714286
9794.0	7.0	1.0	0.0	0.0
9801.0	7.0	1.0	0.0	2.571428571428571e-05
9808.0	7.0	1.0	0.0	9e-05
9815.0	7.0	1.0	0.0	0.00010428571428571428
9822.0	7.0	1.0	0.0	0.0002357142857142857
9829.0	7.0	1.0	0.0	0.00023857142857142862
9836.0	7.0	1.0	0.0	0.0
9843.0	7.0	1.0	0.0	0.0
9850.0	7.0	1.0	0.0	1.4285714285714287e-05
9857.0	7.0	1.0	0.0	2.8571428571428573e-06
8768.0	7.0	1.0	0.0	0.00012857142857142858
8775.0	7.0	1.0	0.0	0.00028285714285714286
8782.0	7.0	1.0	0.0	5e-05
8789.0	7.0	1.0	0.0	0.00011285714285714286
8796.0	7.0	1.0	0.0	0.0005385714285714285
8803.0	7.0	1.0	0.0	0.0001142857142857143
8810.0	7.0	1.0	0.0	0.00101
8817.0	7.0	1.0	0.0	0.001892857142857143
8824.0	7.0	1.0	0.0	0.0006114285714285715
8831.0	7.0	1.0	0.0	1.4285714285714286e-06
8838.0	7.0	1.0	0.0	0.0
8845.0	7.0	1.0	0.0	0.0005542857142857143
8852.0	7.0	1.0	0.0	0.0030771428571428577
8859.0	7.0	1.0	0.0	0.0056585714285714295
8866.0	7.0	1.0	0.0	0.0061171428571428575
8873.0	7.0	1.0	0.0	0.004822857142857143
8880.0	7.0	1.0	0.0	0.0019314285714285716
8887.0	7.0	1.0	0.0	0.0008457142857142856
8894.0	7.0	1.0	0.0	0.0029828571428571426
8901.0	7.0	1.0	0.0	0.0020014285714285715
8908.0	7.0	1.0	0.0	0.0020728571428571428
8915.0	7.0	1.0	0.0	0.004507142857142856
8922.0	7.0	1.0	0.0	0.0030557142857142857
8929.0	7.0	1.0	0.0	0.001747142857142857
8936.0	7.0	1.0	0.0	0.004761428571428571
8943.0	7.0	1.0	0.0	0.00925
8950.0	7.0	1.0	0.0	0.006318571428571429
8957.0	7.0	1.0	0.0	0.0037857142857142855
8964.0	7.0	1.0	0.0	0.00385
8971.0	7.0	1.0	0.0	0.0037728571428571433
8978.0	7.0	1.0	0.0	0.0030771428571428577
8985.0	7.0	1.0	0.0	0.002848571428571428
8992.0	7.0	1.0	0.0	0.002134285714285714
8999.0	7.0	1.0	0.0	0.0010842857142857143
9006.0	7.0	1.0	0.0	0.00017142857142857145
9013.0	7.0	1.0	0.0	7.1428571428571436e-06
9020.0	7.0	1.0	0.0	0.00012142857142857144
9027.0	7.0	1.0	0.0	0.00031142857142857144
9034.0	7.0	1.0	0.0	0.00012428571428571428
9041.0	7.0	1.0	0.0	0.0
9048.0	7.0	1.0	0.0	0.0002871428571428572
9055.0	7.0	1.0	0.0	4.8571428571428576e-05
9062.0	7.0	1.0	0.0	6.428571428571429e-05
9069.0	7.0	1.0	0.0	6.571428571428571e-05
9076.0	7.0	1.0	0.0	5.7142857142857145e-06
9083.0	7.0	1.0	0.0	0.00015
9090.0	7.0	1.0	0.0	0.0
9097.0	7.0	1.0	0.0	7.142857142857143e-05
9104.0	7.0	1.0	0.0	2.8571428571428573e-06
9111.0	7.0	1.0	0.0	2.4285714285714288e-05
9118.0	7.0	1.0	0.0	0.0
9125.0	7.0	1.0	0.0	3.571428571428572e-05
9863.0	7.0	1.0	0.0	1.5714285714285715e-05
9870.0	7.0	1.0	0.0	3.142857142857143e-05
9877.0	7.0	1.0	0.0	0.0
9884.0	7.0	1.0	0.0	0.0001042857142857143
9891.0	7.0	1.0	0.0	4.714285714285714e-05
9898.0	7.0	1.0	0.0	9.999999999999999e-06
9905.0	7.0	1.0	0.0	2.8571428571428573e-06
9912.0	7.0	1.0	0.0	1.4285714285714286e-06
9919.0	7.0	1.0	0.0	0.0
9926.0	7.0	1.0	0.0	5.142857142857142e-05
9933.0	7.0	1.0	0.0	0.0001142857142857143
9940.0	7.0	1.0	0.0	0.00014428571428571428
9947.0	7.0	1.0	0.0	0.0
9954.0	7.0	1.0	0.0	0.00011142857142857144
9961.0	7.0	1.0	0.0	0.0002442857142857143
9968.0	7.0	1.0	0.0	0.00020714285714285713
9975.0	7.0	1.0	0.0	0.0002285714285714286
9982.0	7.0	1.0	0.0	0.0005171428571428572
9989.0	7.0	1.0	0.0	0.0003071428571428571
9996.0	7.0	1.0	0.0	0.0003185714285714286
10003.0	7.0	1.0	0.0	0.0015728571428571428
10010.0	7.0	1.0	0.0	0.005414285714285714
10017.0	7.0	1.0	0.0	0.005265714285714285
10024.0	7.0	1.0	0.0	0.0025714285714285713
10031.0	7.0	1.0	0.0	0.002791428571428571
10038.0	7.0	1.0	0.0	0.0008242857142857142
10045.0	7.0	1.0	0.0	2.142857142857143e-05
10052.0	7.0	1.0	0.0	5.142857142857143e-05
10059.0	7.0	1.0	0.0	5.7142857142857145e-06
10066.0	7.0	1.0	0.0	0.00018142857142857145
10073.0	7.0	1.0	0.0	0.00019142857142857142
10080.0	7.0	1.0	0.0	0.0002928571428571429
10087.0	7.0	1.0	0.0	1.2857142857142857e-05
10094.0	7.0	1.0	0.0	9.571428571428571e-05
10101.0	7.0	1.0	0.0	0.00022428571428571427
10108.0	7.0	1.0	0.0	0.0007014285714285714
10115.0	7.0	1.0	0.0	0.0026242857142857144
10122.0	7.0	1.0	0.0	0.0028699999999999997
10129.0	7.0	1.0	0.0	0.0026799999999999997
10136.0	7.0	1.0	0.0	0.0006671428571428573
10143.0	7.0	1.0	0.0	0.0
10150.0	7.0	1.0	0.0	0.0
10157.0	7.0	1.0	0.0	4.857142857142857e-05
10164.0	7.0	1.0	0.0	0.00011
10171.0	7.0	1.0	0.0	0.0003
10178.0	7.0	1.0	0.0	0.00017428571428571428
10185.0	7.0	1.0	0.0	1.5714285714285715e-05
10192.0	7.0	1.0	0.0	4e-05
10199.0	7.0	1.0	0.0	2.2857142857142855e-05
10206.0	7.0	1.0	0.0	6.142857142857142e-05
10213.0	7.0	1.0	0.0	2.4285714285714285e-05
10220.0	7.0	1.0	0.0	1.2857142857142857e-05
10227.0	7.0	1.0	0.0	0.0
7312.0	7.0	1.0	0.0	1.4285714285714286e-06
7319.0	7.0	1.0	0.0	4.285714285714286e-05
7326.0	7.0	1.0	0.0	0.0
7333.0	7.0	1.0	0.0	1.4285714285714286e-06
7340.0	7.0	1.0	0.0	0.0
7347.0	7.0	1.0	0.0	0.0
7354.0	7.0	1.0	0.0	1.2857142857142857e-05
7361.0	7.0	1.0	0.0	7.142857142857144e-06
7368.0	7.0	1.0	0.0	2.4285714285714285e-05
7375.0	7.0	1.0	0.0	7.1428571428571436e-06
7382.0	7.0	1.0	0.0	1.4285714285714287e-05
7389.0	7.0	1.0	0.0	0.0005742857142857144
7396.0	7.0	1.0	0.0	0.00044857142857142866
7403.0	7.0	1.0	0.0	0.00030857142857142856
7410.0	7.0	1.0	0.0	0.00034571428571428573
7417.0	7.0	1.0	0.0	0.0004585714285714286
7424.0	7.0	1.0	0.0	0.0011571428571428572
7431.0	7.0	1.0	0.0	0.0008385714285714286
7438.0	7.0	1.0	0.0	0.0009457142857142858
7445.0	7.0	1.0	0.0	0.0009914285714285715
7452.0	7.0	1.0	0.0	0.0029785714285714285
7459.0	7.0	1.0	0.0	0.0038585714285714287
7466.0	7.0	1.0	0.0	0.0038900000000000002
7473.0	7.0	1.0	0.0	0.00197
7480.0	7.0	1.0	0.0	0.0006571428571428571
7487.0	7.0	1.0	0.0	2.142857142857143e-05
7494.0	7.0	1.0	0.0	0.00014142857142857143
7501.0	7.0	1.0	0.0	0.0018285714285714288
7508.0	7.0	1.0	0.0	0.00186
7515.0	7.0	1.0	0.0	0.001064285714285714
7522.0	7.0	1.0	0.0	0.0007542857142857143
7529.0	7.0	1.0	0.0	0.0002942857142857143
7536.0	7.0	1.0	0.0	0.0002528571428571429
7543.0	7.0	1.0	0.0	2.5714285714285714e-05
7550.0	7.0	1.0	0.0	0.00010714285714285712
7557.0	7.0	1.0	0.0	0.0
7564.0	7.0	1.0	0.0	2.8571428571428574e-05
7571.0	7.0	1.0	0.0	0.00018571428571428572
7578.0	7.0	1.0	0.0	0.0001342857142857143
7585.0	7.0	1.0	0.0	1.4285714285714286e-06
7592.0	7.0	1.0	0.0	1.4285714285714286e-06
7599.0	7.0	1.0	0.0	0.0
7606.0	7.0	1.0	0.0	0.0
7613.0	7.0	1.0	0.0	0.00010000000000000002
7620.0	7.0	1.0	0.0	3.9999999999999996e-05
7627.0	7.0	1.0	0.0	0.00017571428571428572
7634.0	7.0	1.0	0.0	5.714285714285715e-05
7641.0	7.0	1.0	0.0	8.571428571428573e-06
7648.0	7.0	1.0	0.0	3.285714285714286e-05
7655.0	7.0	1.0	0.0	7.1428571428571436e-06
7662.0	7.0	1.0	0.0	1.4285714285714287e-05
7669.0	7.0	1.0	0.0	2.8571428571428567e-05
13885.0	7.0	1.0	0.0	3.285714285714286e-05
13892.0	7.0	1.0	0.0	5.7142857142857145e-06
13899.0	7.0	1.0	0.0	1.4285714285714284e-05
13906.0	7.0	1.0	0.0	1.7142857142857142e-05
13913.0	7.0	1.0	0.0	0.00011142857142857143
13920.0	7.0	1.0	0.0	0.00010000000000000002
13927.0	7.0	1.0	0.0	0.0
13934.0	7.0	1.0	0.0	4.285714285714286e-06
13941.0	7.0	1.0	0.0	0.00020857142857142857
13948.0	7.0	1.0	0.0	7.1428571428571436e-06
13955.0	7.0	1.0	0.0	0.00014142857142857143
13962.0	7.0	1.0	0.0	0.00023714285714285715
13969.0	7.0	1.0	0.0	0.0004728571428571429
13976.0	7.0	1.0	0.0	0.0007157142857142857
13983.0	7.0	1.0	0.0	0.000707142857142857
13990.0	7.0	1.0	0.0	0.002004285714285714
13997.0	7.0	1.0	0.0	0.0019428571428571427
14004.0	7.0	1.0	0.0	0.004135714285714286
14011.0	7.0	1.0	0.0	0.0032085714285714287
14018.0	7.0	1.0	0.0	0.0019428571428571424
14025.0	7.0	1.0	0.0	0.00030000000000000003
14032.0	7.0	1.0	0.0	1.9999999999999998e-05
14039.0	7.0	1.0	0.0	0.00018285714285714284
14046.0	7.0	1.0	0.0	0.0006828571428571428
14053.0	7.0	1.0	0.0	0.0036257142857142855
14060.0	7.0	1.0	0.0	0.003995714285714286
14067.0	7.0	1.0	0.0	0.0025185714285714286
14074.0	7.0	1.0	0.0	0.0020985714285714284
14081.0	7.0	1.0	0.0	0.00030714285714285723
14088.0	7.0	1.0	0.0	0.00012714285714285716
14095.0	7.0	1.0	0.0	0.0009271428571428572
14102.0	7.0	1.0	0.0	0.00044
14109.0	7.0	1.0	0.0	1.4285714285714286e-06
14116.0	7.0	1.0	0.0	0.00018571428571428574
14123.0	7.0	1.0	0.0	4.2857142857142855e-06
14130.0	7.0	1.0	0.0	0.00017285714285714284
14137.0	7.0	1.0	0.0	0.00012285714285714287
14144.0	7.0	1.0	0.0	0.00017285714285714287
14151.0	7.0	1.0	0.0	0.00011571428571428571
14158.0	7.0	1.0	0.0	8.714285714285715e-05
14165.0	7.0	1.0	0.0	0.0002428571428571429
14172.0	7.0	1.0	0.0	0.0002
14179.0	7.0	1.0	0.0	1.4285714285714286e-06
14186.0	7.0	1.0	0.0	0.0001457142857142857
14193.0	7.0	1.0	0.0	7.857142857142858e-05
14200.0	7.0	1.0	0.0	0.0
14207.0	7.0	1.0	0.0	2.2857142857142858e-05
14214.0	7.0	1.0	0.0	8.571428571428573e-06
14221.0	7.0	1.0	0.0	4.285714285714286e-06
14228.0	7.0	1.0	0.0	2.8571428571428573e-06
14235.0	7.0	1.0	0.0	1.4285714285714287e-05
14242.0	7.0	1.0	0.0	3.4285714285714284e-05
14249.0	7.0	1.0	0.0	5.428571428571428e-05
14256.0	7.0	1.0	0.0	0.0
14263.0	7.0	1.0	0.0	0.0
14270.0	7.0	1.0	0.0	0.0
14277.0	7.0	1.0	0.0	5.7142857142857145e-06
14284.0	7.0	1.0	0.0	1.9999999999999998e-05
14291.0	7.0	1.0	0.0	3.857142857142856e-05
14298.0	7.0	1.0	0.0	0.0
14305.0	7.0	1.0	0.0	5.428571428571429e-05
14312.0	7.0	1.0	0.0	0.00010571428571428572
14319.0	7.0	1.0	0.0	1.9999999999999998e-05
14326.0	7.0	1.0	0.0	8.857142857142857e-05
14333.0	7.0	1.0	0.0	0.00047714285714285713
14340.0	7.0	1.0	0.0	0.0010400000000000001
14347.0	7.0	1.0	0.0	0.0012742857142857141
14354.0	7.0	1.0	0.0	0.00194
14361.0	7.0	1.0	0.0	0.00272
14368.0	7.0	1.0	0.0	0.003517142857142857
14375.0	7.0	1.0	0.0	0.003557142857142857
14382.0	7.0	1.0	0.0	0.0018128571428571427
14389.0	7.0	1.0	0.0	0.002442857142857143
14396.0	7.0	1.0	0.0	0.001987142857142857
14403.0	7.0	1.0	0.0	0.0006599999999999999
14410.0	7.0	1.0	0.0	0.0032500000000000003
14417.0	7.0	1.0	0.0	0.0027314285714285713
14424.0	7.0	1.0	0.0	0.0015600000000000002
14431.0	7.0	1.0	0.0	0.0011285714285714284
14438.0	7.0	1.0	0.0	0.0005471428571428572
14445.0	7.0	1.0	0.0	0.0005614285714285714
14452.0	7.0	1.0	0.0	0.004564285714285714
14459.0	7.0	1.0	0.0	0.002828571428571429
14466.0	7.0	1.0	0.0	0.00013571428571428572
14473.0	7.0	1.0	0.0	0.00011857142857142858
14480.0	7.0	1.0	0.0	0.00023857142857142857
14487.0	7.0	1.0	0.0	0.0002514285714285714
14494.0	7.0	1.0	0.0	0.0
14501.0	7.0	1.0	0.0	0.0
14508.0	7.0	1.0	0.0	0.0
14515.0	7.0	1.0	0.0	1.8571428571428575e-05
14522.0	7.0	1.0	0.0	1.2857142857142857e-05
14529.0	7.0	1.0	0.0	2.8571428571428573e-06
14536.0	7.0	1.0	0.0	7.1428571428571436e-06
14543.0	7.0	1.0	0.0	3.857142857142857e-05
14550.0	7.0	1.0	0.0	0.0
14557.0	7.0	1.0	0.0	3.1428571428571424e-05
14564.0	7.0	1.0	0.0	1.4285714285714286e-06
14571.0	7.0	1.0	0.0	0.0
14578.0	7.0	1.0	0.0	0.0
14585.0	7.0	1.0	0.0	0.0
14592.0	7.0	1.0	0.0	2.8571428571428573e-06
14599.0	7.0	1.0	0.0	0.0
14606.0	7.0	1.0	0.0	0.0
1464.0	7.0	1.0	0.0	4.714285714285714e-05
1471.0	7.0	1.0	0.0	5.7142857142857145e-06
1478.0	7.0	1.0	0.0	0.0
1485.0	7.0	1.0	0.0	0.00010142857142857143
1492.0	7.0	1.0	0.0	0.00021142857142857142
1499.0	7.0	1.0	0.0	5.000000000000001e-05
1506.0	7.0	1.0	0.0	3.4285714285714284e-05
1513.0	7.0	1.0	0.0	0.0010157142857142856
1520.0	7.0	1.0	0.0	0.0020385714285714282
1527.0	7.0	1.0	0.0	0.0056700000000000006
1534.0	7.0	1.0	0.0	0.0038157142857142856
1541.0	7.0	1.0	0.0	0.006054285714285714
1548.0	7.0	1.0	0.0	0.0025228571428571427
1555.0	7.0	1.0	0.0	0.00308
1562.0	7.0	1.0	0.0	0.0036328571428571425
1569.0	7.0	1.0	0.0	0.004484285714285716
1576.0	7.0	1.0	0.0	0.004755714285714286
1583.0	7.0	1.0	0.0	0.0027757142857142863
1590.0	7.0	1.0	0.0	0.0009885714285714285
1597.0	7.0	1.0	0.0	0.0016342857142857142
1604.0	7.0	1.0	0.0	0.0012214285714285714
1611.0	7.0	1.0	0.0	0.000912857142857143
1618.0	7.0	1.0	0.0	0.00026285714285714286
1625.0	7.0	1.0	0.0	0.00021285714285714286
1632.0	7.0	1.0	0.0	0.0017385714285714285
1639.0	7.0	1.0	0.0	0.0030971428571428573
1646.0	7.0	1.0	0.0	0.0014985714285714288
1653.0	7.0	1.0	0.0	0.00079
1660.0	7.0	1.0	0.0	0.0013457142857142856
1667.0	7.0	1.0	0.0	0.0003042857142857143
1674.0	7.0	1.0	0.0	0.0015357142857142857
1681.0	7.0	1.0	0.0	0.003272857142857143
1688.0	7.0	1.0	0.0	0.0015328571428571429
1695.0	7.0	1.0	0.0	0.0015700000000000002
1702.0	7.0	1.0	0.0	0.0027300000000000002
1709.0	7.0	1.0	0.0	0.001892857142857143
1716.0	7.0	1.0	0.0	0.0014557142857142857
1723.0	7.0	1.0	0.0	0.00038857142857142855
1730.0	7.0	1.0	0.0	5.428571428571429e-05
1737.0	7.0	1.0	0.0	6.142857142857143e-05
1744.0	7.0	1.0	0.0	0.0004985714285714286
1751.0	7.0	1.0	0.0	0.0
1758.0	7.0	1.0	0.0	7e-05
1765.0	7.0	1.0	0.0	1.4285714285714286e-06
1772.0	7.0	1.0	0.0	0.0
1779.0	7.0	1.0	0.0	0.00012714285714285714
1786.0	7.0	1.0	0.0	0.0
1793.0	7.0	1.0	0.0	2.8571428571428573e-06
1800.0	7.0	1.0	0.0	2.2857142857142858e-05
1807.0	7.0	1.0	0.0	2.5714285714285714e-05
1814.0	7.0	1.0	0.0	0.0
1821.0	7.0	1.0	0.0	1.4285714285714286e-06
6211.0	7.0	1.0	0.0	6e-05
6218.0	7.0	1.0	0.0	2.8571428571428573e-06
6225.0	7.0	1.0	0.0	5.714285714285715e-05
6232.0	7.0	1.0	0.0	3.142857142857143e-05
6239.0	7.0	1.0	0.0	1.4285714285714287e-05
6246.0	7.0	1.0	0.0	8.571428571428573e-05
6253.0	7.0	1.0	0.0	0.0
6260.0	7.0	1.0	0.0	6.714285714285715e-05
6267.0	7.0	1.0	0.0	2.2857142857142855e-05
6274.0	7.0	1.0	0.0	0.0004728571428571428
6281.0	7.0	1.0	0.0	0.00048571428571428577
6288.0	7.0	1.0	0.0	0.0002585714285714286
6295.0	7.0	1.0	0.0	8.857142857142857e-05
6302.0	7.0	1.0	0.0	0.00018285714285714286
6309.0	7.0	1.0	0.0	0.0012171428571428572
6316.0	7.0	1.0	0.0	0.003027142857142857
6323.0	7.0	1.0	0.0	0.0016214285714285716
6330.0	7.0	1.0	0.0	0.0006285714285714286
6337.0	7.0	1.0	0.0	0.0012314285714285713
6344.0	7.0	1.0	0.0	0.002184285714285714
6351.0	7.0	1.0	0.0	0.002201428571428571
6358.0	7.0	1.0	0.0	0.0020714285714285713
6365.0	7.0	1.0	0.0	0.004141428571428572
6372.0	7.0	1.0	0.0	0.0032242857142857143
6379.0	7.0	1.0	0.0	0.0024300000000000003
6386.0	7.0	1.0	0.0	0.004527142857142857
6393.0	7.0	1.0	0.0	0.006497142857142857
6400.0	7.0	1.0	0.0	0.005778571428571429
6407.0	7.0	1.0	0.0	0.002524285714285714
6414.0	7.0	1.0	0.0	0.0002671428571428572
6421.0	7.0	1.0	0.0	0.0001485714285714286
6428.0	7.0	1.0	0.0	3e-05
6435.0	7.0	1.0	0.0	0.0015057142857142858
6442.0	7.0	1.0	0.0	0.0023785714285714282
6449.0	7.0	1.0	0.0	0.0013314285714285713
6456.0	7.0	1.0	0.0	0.00012714285714285716
6463.0	7.0	1.0	0.0	0.00014142857142857143
6470.0	7.0	1.0	0.0	3.285714285714286e-05
6477.0	7.0	1.0	0.0	6.285714285714286e-05
6484.0	7.0	1.0	0.0	9.428571428571429e-05
6491.0	7.0	1.0	0.0	1.5714285714285715e-05
6498.0	7.0	1.0	0.0	7.1428571428571436e-06
6505.0	7.0	1.0	0.0	0.00015999999999999999
6512.0	7.0	1.0	0.0	0.0002528571428571429
6519.0	7.0	1.0	0.0	0.0
6526.0	7.0	1.0	0.0	0.0
6533.0	7.0	1.0	0.0	0.0
6540.0	7.0	1.0	0.0	8.571428571428573e-05
6547.0	7.0	1.0	0.0	6.428571428571429e-05
6554.0	7.0	1.0	0.0	3.571428571428572e-05
6561.0	7.0	1.0	0.0	7.1428571428571436e-06
6568.0	7.0	1.0	0.0	2.9999999999999997e-05
13880.0	7.0	1.0	0.0	2.9999999999999997e-05
13887.0	7.0	1.0	0.0	3.714285714285716e-05
13894.0	7.0	1.0	0.0	2.8571428571428573e-06
13901.0	7.0	1.0	0.0	1.1428571428571427e-05
13908.0	7.0	1.0	0.0	2.8571428571428574e-05
13915.0	7.0	1.0	0.0	0.00011
13922.0	7.0	1.0	0.0	9e-05
13929.0	7.0	1.0	0.0	2.8571428571428573e-06
13936.0	7.0	1.0	0.0	5.428571428571429e-05
13943.0	7.0	1.0	0.0	0.00016142857142857145
13950.0	7.0	1.0	0.0	6.714285714285715e-05
13957.0	7.0	1.0	0.0	0.0001
13964.0	7.0	1.0	0.0	0.00042714285714285716
13971.0	7.0	1.0	0.0	0.0003457142857142857
13978.0	7.0	1.0	0.0	0.0007
13985.0	7.0	1.0	0.0	0.0011642857142857143
13992.0	7.0	1.0	0.0	0.00205
13999.0	7.0	1.0	0.0	0.0024814285714285715
14006.0	7.0	1.0	0.0	0.0038685714285714287
14013.0	7.0	1.0	0.0	0.003174285714285714
14020.0	7.0	1.0	0.0	0.0013228571428571428
14027.0	7.0	1.0	0.0	0.00010857142857142858
14034.0	7.0	1.0	0.0	2.1428571428571428e-05
14041.0	7.0	1.0	0.0	0.00018285714285714284
14048.0	7.0	1.0	0.0	0.0014071428571428572
14055.0	7.0	1.0	0.0	0.004432857142857143
14062.0	7.0	1.0	0.0	0.003125714285714286
14069.0	7.0	1.0	0.0	0.002695714285714286
14076.0	7.0	1.0	0.0	0.0014500000000000001
14083.0	7.0	1.0	0.0	0.00011714285714285715
14090.0	7.0	1.0	0.0	0.00034857142857142856
14097.0	7.0	1.0	0.0	0.0009542857142857143
14104.0	7.0	1.0	0.0	0.00019000000000000004
14111.0	7.0	1.0	0.0	5.5714285714285715e-05
14118.0	7.0	1.0	0.0	0.00013142857142857143
14125.0	7.0	1.0	0.0	6.857142857142857e-05
14132.0	7.0	1.0	0.0	0.00020999999999999998
14139.0	7.0	1.0	0.0	2.1428571428571428e-05
14146.0	7.0	1.0	0.0	0.0002528571428571429
14153.0	7.0	1.0	0.0	3.571428571428572e-05
14160.0	7.0	1.0	0.0	0.00031
14167.0	7.0	1.0	0.0	2.8571428571428574e-05
14174.0	7.0	1.0	0.0	0.00019285714285714286
14181.0	7.0	1.0	0.0	0.0
14188.0	7.0	1.0	0.0	0.00022285714285714283
14195.0	7.0	1.0	0.0	1.4285714285714286e-06
14202.0	7.0	1.0	0.0	0.0
14209.0	7.0	1.0	0.0	2.7142857142857144e-05
14216.0	7.0	1.0	0.0	4.2857142857142855e-06
14223.0	7.0	1.0	0.0	4.285714285714286e-06
14230.0	7.0	1.0	0.0	4.285714285714286e-06
14237.0	7.0	1.0	0.0	1.5714285714285715e-05
14244.0	7.0	1.0	0.0	0.0003042857142857143
4024.0	7.0	1.0	0.0	0.0
4031.0	7.0	1.0	0.0	3.4285714285714284e-05
4038.0	7.0	1.0	0.0	0.0
4045.0	7.0	1.0	0.0	7.1428571428571436e-06
4052.0	7.0	1.0	0.0	0.0
4059.0	7.0	1.0	0.0	5.2857142857142855e-05
4066.0	7.0	1.0	0.0	0.0006114285714285715
4073.0	7.0	1.0	0.0	0.0005171428571428572
4080.0	7.0	1.0	0.0	0.00017714285714285713
4087.0	7.0	1.0	0.0	0.0011542857142857142
4094.0	7.0	1.0	0.0	0.0038785714285714283
4101.0	7.0	1.0	0.0	0.004725714285714285
4108.0	7.0	1.0	0.0	0.002827142857142857
4115.0	7.0	1.0	0.0	0.0006028571428571428
4122.0	7.0	1.0	0.0	0.00041714285714285714
4129.0	7.0	1.0	0.0	0.00045428571428571425
4136.0	7.0	1.0	0.0	0.0018385714285714286
4143.0	7.0	1.0	0.0	0.0031585714285714286
4150.0	7.0	1.0	0.0	0.004568571428571428
4157.0	7.0	1.0	0.0	0.00528
4164.0	7.0	1.0	0.0	0.00337
4171.0	7.0	1.0	0.0	0.0031342857142857145
4178.0	7.0	1.0	0.0	0.004052857142857143
4185.0	7.0	1.0	0.0	0.0020228571428571426
4192.0	7.0	1.0	0.0	0.0017114285714285714
4199.0	7.0	1.0	0.0	0.0006457142857142857
4206.0	7.0	1.0	0.0	7.999999999999999e-05
4213.0	7.0	1.0	0.0	0.0006142857142857142
4220.0	7.0	1.0	0.0	0.0004957142857142857
4227.0	7.0	1.0	0.0	0.0009699999999999998
4234.0	7.0	1.0	0.0	0.0013771428571428574
4241.0	7.0	1.0	0.0	0.0021685714285714286
4248.0	7.0	1.0	0.0	0.0021599999999999996
4255.0	7.0	1.0	0.0	0.0002457142857142857
4262.0	7.0	1.0	0.0	0.00016142857142857145
4269.0	7.0	1.0	0.0	0.0
4276.0	7.0	1.0	0.0	0.0
4283.0	7.0	1.0	0.0	0.0
4290.0	7.0	1.0	0.0	8.285714285714287e-05
4297.0	7.0	1.0	0.0	0.00012142857142857144
4304.0	7.0	1.0	0.0	1.1428571428571427e-05
4311.0	7.0	1.0	0.0	0.00019
4318.0	7.0	1.0	0.0	3.714285714285714e-05
4325.0	7.0	1.0	0.0	7.857142857142858e-05
4332.0	7.0	1.0	0.0	0.00017428571428571428
4339.0	7.0	1.0	0.0	0.00019142857142857142
4346.0	7.0	1.0	0.0	0.0001457142857142857
4353.0	7.0	1.0	0.0	0.0
4360.0	7.0	1.0	0.0	0.0003614285714285714
4367.0	7.0	1.0	0.0	0.00015000000000000001
4374.0	7.0	1.0	0.0	0.0
4381.0	7.0	1.0	0.0	0.00015000000000000001
13154.0	7.0	1.0	0.0	0.0
13161.0	7.0	1.0	0.0	2.5714285714285714e-05
13168.0	7.0	1.0	0.0	5e-05
13175.0	7.0	1.0	0.0	2.142857142857143e-05
13182.0	7.0	1.0	0.0	2.8571428571428573e-06
13189.0	7.0	1.0	0.0	0.00031999999999999997
13196.0	7.0	1.0	0.0	9.285714285714286e-05
13203.0	7.0	1.0	0.0	8.857142857142857e-05
13210.0	7.0	1.0	0.0	0.00016714285714285716
13217.0	7.0	1.0	0.0	0.00013857142857142857
13224.0	7.0	1.0	0.0	4.8571428571428576e-05
13231.0	7.0	1.0	0.0	0.00020428571428571428
13238.0	7.0	1.0	0.0	3.4285714285714284e-05
13245.0	7.0	1.0	0.0	3.571428571428572e-05
13252.0	7.0	1.0	0.0	0.00017571428571428572
13259.0	7.0	1.0	0.0	0.0005585714285714285
13266.0	7.0	1.0	0.0	0.0005171428571428572
13273.0	7.0	1.0	0.0	0.0022914285714285714
13280.0	7.0	1.0	0.0	0.00566
13287.0	7.0	1.0	0.0	0.0032000000000000006
13294.0	7.0	1.0	0.0	0.0010985714285714286
13301.0	7.0	1.0	0.0	0.0019328571428571428
13308.0	7.0	1.0	0.0	0.0017428571428571428
13315.0	7.0	1.0	0.0	0.0017585714285714288
13322.0	7.0	1.0	0.0	0.0020685714285714287
13329.0	7.0	1.0	0.0	0.0007557142857142856
13336.0	7.0	1.0	0.0	0.00026285714285714286
13343.0	7.0	1.0	0.0	0.002837142857142857
13350.0	7.0	1.0	0.0	0.0023285714285714285
13357.0	7.0	1.0	0.0	0.0032128571428571427
13364.0	7.0	1.0	0.0	0.0028399999999999996
13371.0	7.0	1.0	0.0	0.0005285714285714286
13378.0	7.0	1.0	0.0	0.0002442857142857143
13385.0	7.0	1.0	0.0	0.0002728571428571429
13392.0	7.0	1.0	0.0	4.2857142857142856e-05
13399.0	7.0	1.0	0.0	1.5714285714285715e-05
13406.0	7.0	1.0	0.0	1.7142857142857142e-05
13413.0	7.0	1.0	0.0	7.285714285714286e-05
13420.0	7.0	1.0	0.0	0.00011857142857142858
13427.0	7.0	1.0	0.0	7.571428571428571e-05
13434.0	7.0	1.0	0.0	0.0002642857142857143
13441.0	7.0	1.0	0.0	0.00023142857142857142
13448.0	7.0	1.0	0.0	0.0003271428571428571
13455.0	7.0	1.0	0.0	5.7142857142857145e-06
13462.0	7.0	1.0	0.0	0.00015428571428571428
13469.0	7.0	1.0	0.0	7.285714285714286e-05
13476.0	7.0	1.0	0.0	0.0003014285714285714
13483.0	7.0	1.0	0.0	0.0003385714285714286
13490.0	7.0	1.0	0.0	0.00015857142857142857
13497.0	7.0	1.0	0.0	0.00027428571428571427
13504.0	7.0	1.0	0.0	0.00019
13511.0	7.0	1.0	0.0	0.00011142857142857144
14979.0	7.0	1.0	0.0	4.714285714285715e-05
14986.0	7.0	1.0	0.0	0.0001142857142857143
14993.0	7.0	1.0	0.0	5.571428571428572e-05
15000.0	7.0	1.0	0.0	9.142857142857142e-05
15007.0	7.0	1.0	0.0	5.142857142857142e-05
15014.0	7.0	1.0	0.0	5e-05
15021.0	7.0	1.0	0.0	0.00011142857142857144
15028.0	7.0	1.0	0.0	0.0
15035.0	7.0	1.0	0.0	1.4285714285714286e-06
15042.0	7.0	1.0	0.0	1e-05
15049.0	7.0	1.0	0.0	3e-05
15056.0	7.0	1.0	0.0	3.714285714285715e-05
15063.0	7.0	1.0	0.0	4.714285714285714e-05
15070.0	7.0	1.0	0.0	2.2857142857142855e-05
15077.0	7.0	1.0	0.0	2.8571428571428573e-06
15084.0	7.0	1.0	0.0	0.0
15091.0	7.0	1.0	0.0	0.00011142857142857143
15098.0	7.0	1.0	0.0	0.0006214285714285714
15105.0	7.0	1.0	0.0	0.0009585714285714285
15112.0	7.0	1.0	0.0	0.0030557142857142857
15119.0	7.0	1.0	0.0	0.0031528571428571426
15126.0	7.0	1.0	0.0	0.004145714285714286
15133.0	7.0	1.0	0.0	0.0025385714285714287
15140.0	7.0	1.0	0.0	0.0005700000000000001
15147.0	7.0	1.0	0.0	0.0006000000000000001
15154.0	7.0	1.0	0.0	0.0009471428571428572
15161.0	7.0	1.0	0.0	0.0005185714285714285
15168.0	7.0	1.0	0.0	6.42857142857143e-05
15175.0	7.0	1.0	0.0	0.0001342857142857143
15182.0	7.0	1.0	0.0	7.1428571428571436e-06
15189.0	7.0	1.0	0.0	0.00020142857142857142
15196.0	7.0	1.0	0.0	2.8571428571428573e-06
15203.0	7.0	1.0	0.0	0.00017714285714285713
15210.0	7.0	1.0	0.0	0.0
15217.0	7.0	1.0	0.0	1.4285714285714286e-06
15224.0	7.0	1.0	0.0	0.0002014285714285714
15231.0	7.0	1.0	0.0	0.00012571428571428572
15238.0	7.0	1.0	0.0	0.00037142857142857143
15245.0	7.0	1.0	0.0	0.0002985714285714286
15252.0	7.0	1.0	0.0	0.00020142857142857142
15259.0	7.0	1.0	0.0	6.285714285714286e-05
15266.0	7.0	1.0	0.0	0.00022142857142857145
15273.0	7.0	1.0	0.0	9.428571428571429e-05
15280.0	7.0	1.0	0.0	0.00013428571428571428
15287.0	7.0	1.0	0.0	0.00012142857142857144
15294.0	7.0	1.0	0.0	0.00016571428571428572
15301.0	7.0	1.0	0.0	0.00015714285714285716
15308.0	7.0	1.0	0.0	2.8571428571428574e-05
15315.0	7.0	1.0	0.0	0.00016571428571428572
15322.0	7.0	1.0	0.0	7.285714285714286e-05
15329.0	7.0	1.0	0.0	5.7142857142857145e-06
15336.0	7.0	1.0	0.0	1.1428571428571429e-05
12421.0	7.0	1.0	0.0	3.4285714285714284e-05
12428.0	7.0	1.0	0.0	0.00013285714285714287
12435.0	7.0	1.0	0.0	0.00014714285714285716
12442.0	7.0	1.0	0.0	0.00012428571428571428
12449.0	7.0	1.0	0.0	0.0
12456.0	7.0	1.0	0.0	0.0001342857142857143
12463.0	7.0	1.0	0.0	2.2857142857142858e-05
12470.0	7.0	1.0	0.0	3.571428571428572e-05
12477.0	7.0	1.0	0.0	7.1428571428571436e-06
12484.0	7.0	1.0	0.0	0.00012142857142857144
12491.0	7.0	1.0	0.0	0.0011485714285714287
12498.0	7.0	1.0	0.0	0.00018714285714285713
12505.0	7.0	1.0	0.0	0.00020285714285714286
12512.0	7.0	1.0	0.0	8.142857142857142e-05
12519.0	7.0	1.0	0.0	7.571428571428571e-05
12526.0	7.0	1.0	0.0	0.0002157142857142857
12533.0	7.0	1.0	0.0	0.0002928571428571429
12540.0	7.0	1.0	0.0	0.00034428571428571424
12547.0	7.0	1.0	0.0	5.285714285714287e-05
12554.0	7.0	1.0	0.0	0.0010314285714285716
12561.0	7.0	1.0	0.0	0.00412
12568.0	7.0	1.0	0.0	0.0038800000000000006
12575.0	7.0	1.0	0.0	0.0016842857142857143
12582.0	7.0	1.0	0.0	0.0010785714285714285
12589.0	7.0	1.0	0.0	0.00304
12596.0	7.0	1.0	0.0	0.003437142857142857
12603.0	7.0	1.0	0.0	0.0009114285714285715
12610.0	7.0	1.0	0.0	0.00136
12617.0	7.0	1.0	0.0	0.0012085714285714286
12624.0	7.0	1.0	0.0	0.0001942857142857143
12631.0	7.0	1.0	0.0	0.00027428571428571427
12638.0	7.0	1.0	0.0	2.7142857142857144e-05
12645.0	7.0	1.0	0.0	2.8571428571428573e-06
12652.0	7.0	1.0	0.0	0.00027714285714285715
12659.0	7.0	1.0	0.0	9.857142857142858e-05
12666.0	7.0	1.0	0.0	0.00015571428571428572
12673.0	7.0	1.0	0.0	0.00034142857142857146
12680.0	7.0	1.0	0.0	0.00027428571428571427
12687.0	7.0	1.0	0.0	7.285714285714285e-05
12694.0	7.0	1.0	0.0	4.428571428571428e-05
12701.0	7.0	1.0	0.0	0.00021285714285714286
12708.0	7.0	1.0	0.0	0.00011571428571428572
12715.0	7.0	1.0	0.0	0.0001
12722.0	7.0	1.0	0.0	5.714285714285715e-05
12729.0	7.0	1.0	0.0	0.0
12736.0	7.0	1.0	0.0	2.1428571428571428e-05
12743.0	7.0	1.0	0.0	0.0
12750.0	7.0	1.0	0.0	3.714285714285715e-05
12757.0	7.0	1.0	0.0	3.4285714285714284e-05
12764.0	7.0	1.0	0.0	0.0
12771.0	7.0	1.0	0.0	1.4285714285714287e-05
12778.0	7.0	1.0	0.0	0.00015714285714285713
2923.0	7.0	1.0	0.0	0.00011714285714285714
2930.0	7.0	1.0	0.0	8.142857142857142e-05
2937.0	7.0	1.0	0.0	0.0
2944.0	7.0	1.0	0.0	0.0
2951.0	7.0	1.0	0.0	1.2857142857142857e-05
2958.0	7.0	1.0	0.0	4.8571428571428576e-05
2965.0	7.0	1.0	0.0	0.0
2972.0	7.0	1.0	0.0	0.0
2979.0	7.0	1.0	0.0	8.285714285714286e-05
2986.0	7.0	1.0	0.0	1.2857142857142857e-05
2993.0	7.0	1.0	0.0	7.1428571428571436e-06
3000.0	7.0	1.0	0.0	8.571428571428573e-06
3007.0	7.0	1.0	0.0	1.4285714285714286e-06
3014.0	7.0	1.0	0.0	1.5714285714285715e-05
3021.0	7.0	1.0	0.0	4.285714285714286e-06
3028.0	7.0	1.0	0.0	2.4285714285714285e-05
3035.0	7.0	1.0	0.0	7.571428571428571e-05
3042.0	7.0	1.0	0.0	0.00012285714285714287
3049.0	7.0	1.0	0.0	0.00027142857142857144
3056.0	7.0	1.0	0.0	8.999999999999999e-05
3063.0	7.0	1.0	0.0	0.00021571428571428571
3070.0	7.0	1.0	0.0	0.0006442857142857143
3077.0	7.0	1.0	0.0	0.00028
3084.0	7.0	1.0	0.0	0.0006271428571428573
3091.0	7.0	1.0	0.0	0.00123
3098.0	7.0	1.0	0.0	0.0013142857142857142
3105.0	7.0	1.0	0.0	0.002964285714285714
3112.0	7.0	1.0	0.0	0.005581428571428571
3119.0	7.0	1.0	0.0	0.00428
3126.0	7.0	1.0	0.0	0.0011685714285714285
3133.0	7.0	1.0	0.0	0.0009357142857142857
3140.0	7.0	1.0	0.0	0.0029471428571428574
3147.0	7.0	1.0	0.0	0.0035800000000000003
3154.0	7.0	1.0	0.0	0.001912857142857143
3161.0	7.0	1.0	0.0	0.0012542857142857143
3168.0	7.0	1.0	0.0	0.0010642857142857142
3175.0	7.0	1.0	0.0	0.0008971428571428571
3182.0	7.0	1.0	0.0	0.0005471428571428572
3189.0	7.0	1.0	0.0	0.001222857142857143
3196.0	7.0	1.0	0.0	0.0007928571428571428
3203.0	7.0	1.0	0.0	1.8571428571428575e-05
3210.0	7.0	1.0	0.0	0.0006699999999999999
3217.0	7.0	1.0	0.0	0.0017985714285714287
3224.0	7.0	1.0	0.0	0.0016728571428571428
3231.0	7.0	1.0	0.0	0.00018285714285714284
3238.0	7.0	1.0	0.0	5.8571428571428575e-05
3245.0	7.0	1.0	0.0	2e-05
3252.0	7.0	1.0	0.0	1.4285714285714286e-06
3259.0	7.0	1.0	0.0	0.0
3266.0	7.0	1.0	0.0	0.0
3273.0	7.0	1.0	0.0	0.0
3280.0	7.0	1.0	0.0	3.428571428571429e-05
3287.0	7.0	1.0	0.0	4.142857142857143e-05
4755.0	7.0	1.0	0.0	0.0
4762.0	7.0	1.0	0.0	5.7142857142857145e-06
4769.0	7.0	1.0	0.0	2.7142857142857144e-05
4776.0	7.0	1.0	0.0	1.4285714285714286e-06
4783.0	7.0	1.0	0.0	4.285714285714286e-05
4790.0	7.0	1.0	0.0	0.00018857142857142857
4797.0	7.0	1.0	0.0	8.428571428571429e-05
4804.0	7.0	1.0	0.0	0.0
4811.0	7.0	1.0	0.0	1.4285714285714286e-06
4818.0	7.0	1.0	0.0	0.00020714285714285716
4825.0	7.0	1.0	0.0	4.8571428571428576e-05
4832.0	7.0	1.0	0.0	2.8571428571428573e-06
4839.0	7.0	1.0	0.0	3.285714285714286e-05
4846.0	7.0	1.0	0.0	0.0
4853.0	7.0	1.0	0.0	2.8571428571428573e-06
4860.0	7.0	1.0	0.0	0.00029142857142857144
4867.0	7.0	1.0	0.0	0.00010714285714285715
4874.0	7.0	1.0	0.0	0.0001342857142857143
4881.0	7.0	1.0	0.0	0.00022428571428571427
4888.0	7.0	1.0	0.0	0.00032428571428571435
4895.0	7.0	1.0	0.0	4e-05
4902.0	7.0	1.0	0.0	0.0006514285714285716
4909.0	7.0	1.0	0.0	0.0024071428571428573
4916.0	7.0	1.0	0.0	0.004265714285714286
4923.0	7.0	1.0	0.0	0.0047828571428571425
4930.0	7.0	1.0	0.0	0.005215714285714286
4937.0	7.0	1.0	0.0	0.0032142857142857142
4944.0	7.0	1.0	0.0	0.00044714285714285705
4951.0	7.0	1.0	0.0	0.0011357142857142855
4958.0	7.0	1.0	0.0	0.0005099999999999999
4965.0	7.0	1.0	0.0	3.571428571428572e-05
4972.0	7.0	1.0	0.0	0.0001
4979.0	7.0	1.0	0.0	0.00017142857142857145
4986.0	7.0	1.0	0.0	0.00115
4993.0	7.0	1.0	0.0	0.001568571428571429
5000.0	7.0	1.0	0.0	7.42857142857143e-05
5007.0	7.0	1.0	0.0	1.4285714285714286e-06
5014.0	7.0	1.0	0.0	0.0
5021.0	7.0	1.0	0.0	0.00011857142857142858
5028.0	7.0	1.0	0.0	2.2857142857142855e-05
5035.0	7.0	1.0	0.0	0.00015999999999999999
5042.0	7.0	1.0	0.0	0.00033
5049.0	7.0	1.0	0.0	8.999999999999999e-05
5056.0	7.0	1.0	0.0	9.999999999999999e-06
5063.0	7.0	1.0	0.0	0.0
5070.0	7.0	1.0	0.0	7.1428571428571436e-06
5077.0	7.0	1.0	0.0	0.0
5084.0	7.0	1.0	0.0	0.0
5091.0	7.0	1.0	0.0	3.571428571428572e-05
5098.0	7.0	1.0	0.0	0.0
5105.0	7.0	1.0	0.0	1.4285714285714286e-06
5112.0	7.0	1.0	0.0	2.2857142857142858e-05
8407.0	7.0	1.0	0.0	4.5714285714285716e-05
8414.0	7.0	1.0	0.0	7.1428571428571436e-06
8421.0	7.0	1.0	0.0	2.8571428571428574e-05
8428.0	7.0	1.0	0.0	0.0
8435.0	7.0	1.0	0.0	0.0001257142857142857
8442.0	7.0	1.0	0.0	0.0008271428571428571
8449.0	7.0	1.0	0.0	9.428571428571429e-05
8456.0	7.0	1.0	0.0	0.0008071428571428572
8463.0	7.0	1.0	0.0	0.003475714285714286
8470.0	7.0	1.0	0.0	0.0045
8477.0	7.0	1.0	0.0	0.00213
8484.0	7.0	1.0	0.0	0.0005642857142857143
8491.0	7.0	1.0	0.0	3.4285714285714284e-05
8498.0	7.0	1.0	0.0	0.0009128571428571429
8505.0	7.0	1.0	0.0	0.0015628571428571432
8512.0	7.0	1.0	0.0	0.00018571428571428574
8519.0	7.0	1.0	0.0	0.00046285714285714284
8526.0	7.0	1.0	0.0	0.002337142857142857
8533.0	7.0	1.0	0.0	0.006678571428571429
8540.0	7.0	1.0	0.0	0.00704857142857143
8547.0	7.0	1.0	0.0	0.005347142857142857
8554.0	7.0	1.0	0.0	0.005755714285714286
8561.0	7.0	1.0	0.0	0.0045957142857142854
8568.0	7.0	1.0	0.0	0.0036714285714285716
8575.0	7.0	1.0	0.0	0.004411428571428572
8582.0	7.0	1.0	0.0	0.0029028571428571424
8589.0	7.0	1.0	0.0	0.002588571428571429
8596.0	7.0	1.0	0.0	0.003144285714285714
8603.0	7.0	1.0	0.0	0.0028099999999999996
8610.0	7.0	1.0	0.0	0.0022214285714285717
8617.0	7.0	1.0	0.0	0.001097142857142857
8624.0	7.0	1.0	0.0	0.00030714285714285707
8631.0	7.0	1.0	0.0	0.0010785714285714285
8638.0	7.0	1.0	0.0	0.0005328571428571429
8645.0	7.0	1.0	0.0	0.00315
8652.0	7.0	1.0	0.0	0.003434285714285715
8659.0	7.0	1.0	0.0	0.0009028571428571429
8666.0	7.0	1.0	0.0	0.00022428571428571427
8673.0	7.0	1.0	0.0	3.142857142857143e-05
8680.0	7.0	1.0	0.0	0.00023857142857142857
8687.0	7.0	1.0	0.0	0.003098571428571429
8694.0	7.0	1.0	0.0	0.005274285714285713
8701.0	7.0	1.0	0.0	0.0017757142857142856
8708.0	7.0	1.0	0.0	0.001097142857142857
8715.0	7.0	1.0	0.0	1.1428571428571427e-05
8722.0	7.0	1.0	0.0	1.4285714285714286e-06
8729.0	7.0	1.0	0.0	5.857142857142857e-05
8736.0	7.0	1.0	0.0	0.00018857142857142857
8743.0	7.0	1.0	0.0	0.0
8750.0	7.0	1.0	0.0	2.4285714285714288e-05
8757.0	7.0	1.0	0.0	2.2857142857142858e-05
8764.0	3.0	1.0	0.0	8.333333333333333e-05
