stress_period	sp_length	time_step	study (0 : TS or 1 : SS)	rech
0.0	1.0	1.0	1.0	0.0007920800469330551
5480.0	7.0	1.0	0.0	4.5714285714285716e-05
5487.0	7.0	1.0	0.0	3.142857142857143e-05
5494.0	7.0	1.0	0.0	4.8571428571428576e-05
5501.0	7.0	1.0	0.0	7.999999999999999e-05
5508.0	7.0	1.0	0.0	4.8571428571428576e-05
5515.0	7.0	1.0	0.0	0.0
5522.0	7.0	1.0	0.0	1.2857142857142856e-05
5529.0	7.0	1.0	0.0	1.4285714285714286e-06
5536.0	7.0	1.0	0.0	0.0
5543.0	7.0	1.0	0.0	1.4285714285714287e-05
5550.0	7.0	1.0	0.0	0.0
5557.0	7.0	1.0	0.0	0.0
5564.0	7.0	1.0	0.0	1.4285714285714286e-06
5571.0	7.0	1.0	0.0	9.285714285714287e-05
5578.0	7.0	1.0	0.0	6.000000000000001e-05
5585.0	7.0	1.0	0.0	3.857142857142857e-05
5592.0	7.0	1.0	0.0	0.00010285714285714286
5599.0	7.0	1.0	0.0	0.00018142857142857145
5606.0	7.0	1.0	0.0	0.0001742857142857143
5613.0	7.0	1.0	0.0	0.00010857142857142858
5620.0	7.0	1.0	0.0	0.0002442857142857143
5627.0	7.0	1.0	0.0	0.0002757142857142857
5634.0	7.0	1.0	0.0	0.0009199999999999999
5641.0	7.0	1.0	0.0	0.0029942857142857145
5648.0	7.0	1.0	0.0	0.0020057142857142856
5655.0	7.0	1.0	0.0	0.00242
5662.0	7.0	1.0	0.0	0.001722857142857143
5669.0	7.0	1.0	0.0	0.00024
5676.0	7.0	1.0	0.0	0.00045571428571428575
5683.0	7.0	1.0	0.0	0.00011714285714285714
5690.0	7.0	1.0	0.0	0.0016357142857142855
5697.0	7.0	1.0	0.0	0.0010828571428571428
5704.0	7.0	1.0	0.0	0.0002942857142857143
5711.0	7.0	1.0	0.0	0.0013257142857142858
5718.0	7.0	1.0	0.0	0.003584285714285714
5725.0	7.0	1.0	0.0	0.0012985714285714287
5732.0	7.0	1.0	0.0	0.0009828571428571427
5739.0	7.0	1.0	0.0	0.0024342857142857144
5746.0	7.0	1.0	0.0	0.0006000000000000001
5753.0	7.0	1.0	0.0	0.00042999999999999994
5760.0	7.0	1.0	0.0	0.00012571428571428572
5767.0	7.0	1.0	0.0	0.00013
5774.0	7.0	1.0	0.0	6e-05
5781.0	7.0	1.0	0.0	5.2857142857142855e-05
5788.0	7.0	1.0	0.0	0.00010142857142857143
5795.0	7.0	1.0	0.0	0.0
5802.0	7.0	1.0	0.0	0.00041000000000000005
5809.0	7.0	1.0	0.0	0.0
5816.0	7.0	1.0	0.0	0.00025428571428571427
5823.0	7.0	1.0	0.0	2.8571428571428574e-05
5830.0	7.0	1.0	0.0	0.0
5837.0	7.0	1.0	0.0	1.1428571428571429e-05
5844.0	7.0	1.0	0.0	7.1428571428571436e-06
12060.0	7.0	1.0	0.0	0.0
12067.0	7.0	1.0	0.0	0.0
12074.0	7.0	1.0	0.0	0.0
12081.0	7.0	1.0	0.0	0.0
12088.0	7.0	1.0	0.0	8.571428571428571e-06
12095.0	7.0	1.0	0.0	0.0
12102.0	7.0	1.0	0.0	2.8571428571428573e-06
12109.0	7.0	1.0	0.0	1.4285714285714287e-05
12116.0	7.0	1.0	0.0	9.714285714285714e-05
12123.0	7.0	1.0	0.0	1.8571428571428575e-05
12130.0	7.0	1.0	0.0	4.8571428571428576e-05
12137.0	7.0	1.0	0.0	0.00014714285714285716
12144.0	7.0	1.0	0.0	1.8571428571428575e-05
12151.0	7.0	1.0	0.0	7.428571428571427e-05
12158.0	7.0	1.0	0.0	8.857142857142857e-05
12165.0	7.0	1.0	0.0	0.0003971428571428572
12172.0	7.0	1.0	0.0	0.0004000000000000001
12179.0	7.0	1.0	0.0	7.714285714285714e-05
12186.0	7.0	1.0	0.0	0.00012285714285714284
12193.0	7.0	1.0	0.0	0.00035428571428571426
12200.0	7.0	1.0	0.0	0.0011
12207.0	7.0	1.0	0.0	0.0020942857142857143
12214.0	7.0	1.0	0.0	0.004044285714285715
12221.0	7.0	1.0	0.0	0.004375714285714287
12228.0	7.0	1.0	0.0	0.004677142857142857
12235.0	7.0	1.0	0.0	0.0027785714285714284
12242.0	7.0	1.0	0.0	0.0004285714285714286
12249.0	7.0	1.0	0.0	4.1428571428571437e-05
12256.0	7.0	1.0	0.0	0.00012
12263.0	7.0	1.0	0.0	0.00013857142857142857
12270.0	7.0	1.0	0.0	8.142857142857142e-05
12277.0	7.0	1.0	0.0	0.0005457142857142857
12284.0	7.0	1.0	0.0	0.0005442857142857143
12291.0	7.0	1.0	0.0	0.0002442857142857143
12298.0	7.0	1.0	0.0	7.714285714285714e-05
12305.0	7.0	1.0	0.0	2.8571428571428573e-06
12312.0	7.0	1.0	0.0	0.00017428571428571428
12319.0	7.0	1.0	0.0	5.714285714285715e-05
12326.0	7.0	1.0	0.0	0.0006
12333.0	7.0	1.0	0.0	4.285714285714286e-06
12340.0	7.0	1.0	0.0	0.0
12347.0	7.0	1.0	0.0	4.2857142857142855e-06
12354.0	7.0	1.0	0.0	8.285714285714286e-05
12361.0	7.0	1.0	0.0	5.7142857142857145e-06
12368.0	7.0	1.0	0.0	1.2857142857142857e-05
12375.0	7.0	1.0	0.0	8.571428571428573e-06
12382.0	7.0	1.0	0.0	1.4285714285714286e-06
12389.0	7.0	1.0	0.0	9.285714285714286e-05
12396.0	7.0	1.0	0.0	0.00013285714285714287
12403.0	7.0	1.0	0.0	4.2857142857142856e-05
12410.0	7.0	1.0	0.0	3.285714285714286e-05
12417.0	7.0	1.0	0.0	0.0
5119.0	7.0	1.0	0.0	0.0
5126.0	7.0	1.0	0.0	0.0
5133.0	7.0	1.0	0.0	0.0
5140.0	7.0	1.0	0.0	0.0
5147.0	7.0	1.0	0.0	1.7142857142857142e-05
5154.0	7.0	1.0	0.0	1.8571428571428575e-05
5161.0	7.0	1.0	0.0	0.00012285714285714284
5168.0	7.0	1.0	0.0	0.00022142857142857142
5175.0	7.0	1.0	0.0	0.00025428571428571427
5182.0	7.0	1.0	0.0	2.714285714285714e-05
5189.0	7.0	1.0	0.0	6.285714285714286e-05
5196.0	7.0	1.0	0.0	0.00029
5203.0	7.0	1.0	0.0	0.00017571428571428572
5210.0	7.0	1.0	0.0	0.00016142857142857143
5217.0	7.0	1.0	0.0	0.00066
5224.0	7.0	1.0	0.0	0.00211
5231.0	7.0	1.0	0.0	0.0019942857142857145
5238.0	7.0	1.0	0.0	0.0016657142857142856
5245.0	7.0	1.0	0.0	0.0012357142857142857
5252.0	7.0	1.0	0.0	0.0039042857142857143
5259.0	7.0	1.0	0.0	0.003672857142857142
5266.0	7.0	1.0	0.0	0.00198
5273.0	7.0	1.0	0.0	0.0005985714285714286
5280.0	7.0	1.0	0.0	0.0009014285714285714
5287.0	7.0	1.0	0.0	0.0037442857142857148
5294.0	7.0	1.0	0.0	0.003334285714285714
5301.0	7.0	1.0	0.0	0.0019314285714285716
5308.0	7.0	1.0	0.0	0.0019885714285714285
5315.0	7.0	1.0	0.0	0.0007414285714285715
5322.0	7.0	1.0	0.0	0.0004571428571428571
5329.0	7.0	1.0	0.0	0.0014685714285714282
5336.0	7.0	1.0	0.0	0.0009471428571428571
5343.0	7.0	1.0	0.0	0.0014685714285714285
5350.0	7.0	1.0	0.0	0.0023942857142857142
5357.0	7.0	1.0	0.0	0.0011628571428571428
5364.0	7.0	1.0	0.0	0.0017842857142857144
5371.0	7.0	1.0	0.0	0.0005799999999999999
5378.0	7.0	1.0	0.0	4.2857142857142855e-06
5385.0	7.0	1.0	0.0	0.0002185714285714286
5392.0	7.0	1.0	0.0	1.9999999999999998e-05
5399.0	7.0	1.0	0.0	3.9999999999999996e-05
5406.0	7.0	1.0	0.0	0.00020857142857142857
5413.0	7.0	1.0	0.0	4.571428571428571e-05
5420.0	7.0	1.0	0.0	8.571428571428573e-05
5427.0	7.0	1.0	0.0	4.2857142857142855e-06
5434.0	7.0	1.0	0.0	5.2857142857142855e-05
5441.0	7.0	1.0	0.0	2.8571428571428573e-06
5448.0	7.0	1.0	0.0	0.0
5455.0	7.0	1.0	0.0	0.0
5462.0	7.0	1.0	0.0	5.428571428571429e-05
5469.0	7.0	1.0	0.0	5.7142857142857145e-06
5476.0	7.0	1.0	0.0	4.2857142857142855e-06
7674.0	7.0	1.0	0.0	0.0
7681.0	7.0	1.0	0.0	0.0
7688.0	7.0	1.0	0.0	4.2857142857142855e-06
7695.0	7.0	1.0	0.0	9.999999999999999e-06
7702.0	7.0	1.0	0.0	1.4285714285714286e-06
7709.0	7.0	1.0	0.0	0.0
7716.0	7.0	1.0	0.0	0.0
7723.0	7.0	1.0	0.0	0.00017571428571428572
7730.0	7.0	1.0	0.0	6e-05
7737.0	7.0	1.0	0.0	2.8571428571428567e-05
7744.0	7.0	1.0	0.0	0.0002757142857142857
7751.0	7.0	1.0	0.0	2.8571428571428573e-06
7758.0	7.0	1.0	0.0	0.00028571428571428574
7765.0	7.0	1.0	0.0	0.0003128571428571428
7772.0	7.0	1.0	0.0	0.0007328571428571428
7779.0	7.0	1.0	0.0	0.0007928571428571428
7786.0	7.0	1.0	0.0	0.001032857142857143
7793.0	7.0	1.0	0.0	0.00019857142857142857
7800.0	7.0	1.0	0.0	5.7142857142857145e-06
7807.0	7.0	1.0	0.0	0.0009
7814.0	7.0	1.0	0.0	0.0009571428571428571
7821.0	7.0	1.0	0.0	0.0003342857142857143
7828.0	7.0	1.0	0.0	0.00081
7835.0	7.0	1.0	0.0	0.0006028571428571428
7842.0	7.0	1.0	0.0	0.00013571428571428572
7849.0	7.0	1.0	0.0	2.7142857142857144e-05
7856.0	7.0	1.0	0.0	9e-05
7863.0	7.0	1.0	0.0	0.001052857142857143
7870.0	7.0	1.0	0.0	0.0005414285714285714
7877.0	7.0	1.0	0.0	1.8571428571428575e-05
7884.0	7.0	1.0	0.0	2.2857142857142855e-05
7891.0	7.0	1.0	0.0	8.571428571428571e-05
7898.0	7.0	1.0	0.0	1.7142857142857142e-05
7905.0	7.0	1.0	0.0	0.0003385714285714286
7912.0	7.0	1.0	0.0	0.00018571428571428572
7919.0	7.0	1.0	0.0	0.00020571428571428572
7926.0	7.0	1.0	0.0	0.0001842857142857143
7933.0	7.0	1.0	0.0	0.00014285714285714287
7940.0	7.0	1.0	0.0	0.00028
7947.0	7.0	1.0	0.0	9.571428571428571e-05
7954.0	7.0	1.0	0.0	8.428571428571429e-05
7961.0	7.0	1.0	0.0	1.1428571428571429e-05
7968.0	7.0	1.0	0.0	0.00012857142857142858
7975.0	7.0	1.0	0.0	0.0002557142857142857
7982.0	7.0	1.0	0.0	3.9999999999999996e-05
7989.0	7.0	1.0	0.0	9.142857142857143e-05
7996.0	7.0	1.0	0.0	0.0
8003.0	7.0	1.0	0.0	0.00012857142857142858
8010.0	7.0	1.0	0.0	1.8571428571428575e-05
8017.0	7.0	1.0	0.0	4.2857142857142855e-06
8024.0	7.0	1.0	0.0	5.857142857142857e-05
8031.0	7.0	1.0	0.0	0.0
4021.0	7.0	1.0	0.0	0.0002757142857142857
4028.0	7.0	1.0	0.0	0.0
4035.0	7.0	1.0	0.0	3.4285714285714284e-05
4042.0	7.0	1.0	0.0	2.8571428571428573e-06
4049.0	7.0	1.0	0.0	4.2857142857142855e-06
4056.0	7.0	1.0	0.0	5.142857142857142e-05
4063.0	7.0	1.0	0.0	0.0005128571428571428
4070.0	7.0	1.0	0.0	0.0005957142857142857
4077.0	7.0	1.0	0.0	6e-05
4084.0	7.0	1.0	0.0	0.0007571428571428572
4091.0	7.0	1.0	0.0	0.0022328571428571428
4098.0	7.0	1.0	0.0	0.004854285714285714
4105.0	7.0	1.0	0.0	0.004072857142857143
4112.0	7.0	1.0	0.0	0.00126
4119.0	7.0	1.0	0.0	0.00029
4126.0	7.0	1.0	0.0	0.0006185714285714285
4133.0	7.0	1.0	0.0	0.001162857142857143
4140.0	7.0	1.0	0.0	0.002287142857142858
4147.0	7.0	1.0	0.0	0.00371
4154.0	7.0	1.0	0.0	0.005904285714285714
4161.0	7.0	1.0	0.0	0.003767142857142857
4168.0	7.0	1.0	0.0	0.0034071428571428573
4175.0	7.0	1.0	0.0	0.0035742857142857143
4182.0	7.0	1.0	0.0	0.00304
4189.0	7.0	1.0	0.0	0.0017228571428571427
4196.0	7.0	1.0	0.0	0.0012057142857142859
4203.0	7.0	1.0	0.0	0.00018714285714285713
4210.0	7.0	1.0	0.0	0.00028571428571428574
4217.0	7.0	1.0	0.0	0.0006971428571428571
4224.0	7.0	1.0	0.0	0.0005914285714285715
4231.0	7.0	1.0	0.0	0.0010014285714285713
4238.0	7.0	1.0	0.0	0.0020528571428571423
4245.0	7.0	1.0	0.0	0.0024685714285714285
4252.0	7.0	1.0	0.0	0.0009328571428571429
4259.0	7.0	1.0	0.0	8.571428571428571e-06
4266.0	7.0	1.0	0.0	0.00016142857142857145
4273.0	7.0	1.0	0.0	0.0
4280.0	7.0	1.0	0.0	0.0
4287.0	7.0	1.0	0.0	4.8571428571428576e-05
4294.0	7.0	1.0	0.0	0.00015571428571428572
4301.0	7.0	1.0	0.0	9.999999999999999e-06
4308.0	7.0	1.0	0.0	8.714285714285714e-05
4315.0	7.0	1.0	0.0	0.00010428571428571428
4322.0	7.0	1.0	0.0	4.428571428571428e-05
4329.0	7.0	1.0	0.0	0.0002185714285714286
4336.0	7.0	1.0	0.0	0.00010857142857142856
4343.0	7.0	1.0	0.0	0.0002557142857142857
4350.0	7.0	1.0	0.0	0.0
4357.0	7.0	1.0	0.0	5.428571428571429e-05
4364.0	7.0	1.0	0.0	0.0003071428571428571
4371.0	7.0	1.0	0.0	0.00015000000000000001
4378.0	7.0	1.0	0.0	0.00015000000000000001
4385.0	7.0	1.0	0.0	7.285714285714286e-05
4392.0	7.0	1.0	0.0	7.142857142857143e-05
4399.0	7.0	1.0	0.0	4.714285714285714e-05
4406.0	7.0	1.0	0.0	0.00014571428571428572
4413.0	7.0	1.0	0.0	1.7142857142857142e-05
4420.0	7.0	1.0	0.0	1.1428571428571429e-05
4427.0	7.0	1.0	0.0	1.2857142857142857e-05
4434.0	7.0	1.0	0.0	7.285714285714286e-05
4441.0	7.0	1.0	0.0	0.0005671428571428571
4448.0	7.0	1.0	0.0	0.0006614285714285715
4455.0	7.0	1.0	0.0	0.0022385714285714287
4462.0	7.0	1.0	0.0	0.004308571428571428
4469.0	7.0	1.0	0.0	0.002258571428571429
4476.0	7.0	1.0	0.0	0.0008914285714285716
4483.0	7.0	1.0	0.0	0.002974285714285714
4490.0	7.0	1.0	0.0	0.0036514285714285715
4497.0	7.0	1.0	0.0	0.003325714285714285
4504.0	7.0	1.0	0.0	0.001754285714285714
4511.0	7.0	1.0	0.0	0.004001428571428571
4518.0	7.0	1.0	0.0	0.007848571428571429
4525.0	7.0	1.0	0.0	0.007204285714285713
4532.0	7.0	1.0	0.0	0.00332
4539.0	7.0	1.0	0.0	0.0018085714285714287
4546.0	7.0	1.0	0.0	0.0013485714285714288
4553.0	7.0	1.0	0.0	0.00036714285714285717
4560.0	7.0	1.0	0.0	0.0006357142857142858
4567.0	7.0	1.0	0.0	0.0022700000000000003
4574.0	7.0	1.0	0.0	0.0019199999999999998
4581.0	7.0	1.0	0.0	0.00039428571428571426
4588.0	7.0	1.0	0.0	0.001237142857142857
4595.0	7.0	1.0	0.0	0.0010071428571428573
4602.0	7.0	1.0	0.0	0.00014857142857142855
4609.0	7.0	1.0	0.0	0.00029857142857142853
4616.0	7.0	1.0	0.0	0.0008742857142857143
4623.0	7.0	1.0	0.0	0.0008742857142857144
4630.0	7.0	1.0	0.0	0.0013571428571428571
4637.0	7.0	1.0	0.0	0.0007742857142857142
4644.0	7.0	1.0	0.0	0.000877142857142857
4651.0	7.0	1.0	0.0	0.0007914285714285714
4658.0	7.0	1.0	0.0	0.001107142857142857
4665.0	7.0	1.0	0.0	0.002174285714285714
4672.0	7.0	1.0	0.0	0.0027485714285714288
4679.0	7.0	1.0	0.0	0.0004371428571428572
4686.0	7.0	1.0	0.0	0.0
4693.0	7.0	1.0	0.0	4.714285714285714e-05
4700.0	7.0	1.0	0.0	0.0
4707.0	7.0	1.0	0.0	2.9999999999999997e-05
4714.0	7.0	1.0	0.0	2.5714285714285714e-05
4721.0	7.0	1.0	0.0	1.4285714285714287e-05
4728.0	7.0	1.0	0.0	0.0
4735.0	7.0	1.0	0.0	0.0
4742.0	7.0	1.0	0.0	5.7142857142857145e-06
2192.0	7.0	1.0	0.0	0.0
2199.0	7.0	1.0	0.0	1.4285714285714286e-06
2206.0	7.0	1.0	0.0	0.0
2213.0	7.0	1.0	0.0	1e-05
2220.0	7.0	1.0	0.0	1.5714285714285715e-05
2227.0	7.0	1.0	0.0	5.5714285714285715e-05
2234.0	7.0	1.0	0.0	0.00014571428571428572
2241.0	7.0	1.0	0.0	0.00026285714285714286
2248.0	7.0	1.0	0.0	0.00023571428571428574
2255.0	7.0	1.0	0.0	0.0006799999999999999
2262.0	7.0	1.0	0.0	0.0005028571428571428
2269.0	7.0	1.0	0.0	0.0016014285714285714
2276.0	7.0	1.0	0.0	0.0023971428571428572
2283.0	7.0	1.0	0.0	0.0014671428571428574
2290.0	7.0	1.0	0.0	0.0023785714285714287
2297.0	7.0	1.0	0.0	0.001874285714285714
2304.0	7.0	1.0	0.0	0.0008871428571428572
2311.0	7.0	1.0	0.0	0.004888571428571429
2318.0	7.0	1.0	0.0	0.007025714285714287
2325.0	7.0	1.0	0.0	0.002797142857142857
2332.0	7.0	1.0	0.0	0.0012771428571428571
2339.0	7.0	1.0	0.0	0.0006557142857142857
2346.0	7.0	1.0	0.0	0.0013714285714285716
2353.0	7.0	1.0	0.0	0.002758571428571429
2360.0	7.0	1.0	0.0	0.0020442857142857146
2367.0	7.0	1.0	0.0	0.0034499999999999995
2374.0	7.0	1.0	0.0	0.002477142857142857
2381.0	7.0	1.0	0.0	0.0039
2388.0	7.0	1.0	0.0	0.0029871428571428575
2395.0	7.0	1.0	0.0	0.0027657142857142854
2402.0	7.0	1.0	0.0	0.0012314285714285713
2409.0	7.0	1.0	0.0	0.0005657142857142857
2416.0	7.0	1.0	0.0	0.0008685714285714286
2423.0	7.0	1.0	0.0	0.00215
2430.0	7.0	1.0	0.0	0.001267142857142857
2437.0	7.0	1.0	0.0	0.0013771428571428574
2444.0	7.0	1.0	0.0	9.571428571428571e-05
2451.0	7.0	1.0	0.0	5.142857142857143e-05
2458.0	7.0	1.0	0.0	0.00018857142857142857
2465.0	7.0	1.0	0.0	0.00012571428571428572
2472.0	7.0	1.0	0.0	0.0005728571428571429
2479.0	7.0	1.0	0.0	0.00014000000000000001
2486.0	7.0	1.0	0.0	5.8571428571428575e-05
2493.0	7.0	1.0	0.0	0.0
2500.0	7.0	1.0	0.0	0.0002728571428571429
2507.0	7.0	1.0	0.0	0.0002757142857142857
2514.0	7.0	1.0	0.0	4.285714285714286e-06
2521.0	7.0	1.0	0.0	3.9999999999999996e-05
2528.0	7.0	1.0	0.0	0.0
2535.0	7.0	1.0	0.0	0.0002528571428571429
2542.0	7.0	1.0	0.0	8.142857142857142e-05
2549.0	7.0	1.0	0.0	0.00020428571428571428
2556.0	7.0	1.0	0.0	0.00011142857142857143
9137.0	7.0	1.0	0.0	3.571428571428572e-05
9144.0	7.0	1.0	0.0	0.0
9151.0	7.0	1.0	0.0	1e-05
9158.0	7.0	1.0	0.0	1.1428571428571429e-05
9165.0	7.0	1.0	0.0	0.00018714285714285713
9172.0	7.0	1.0	0.0	0.00023142857142857142
9179.0	7.0	1.0	0.0	9.142857142857143e-05
9186.0	7.0	1.0	0.0	0.00016571428571428575
9193.0	7.0	1.0	0.0	0.00016
9200.0	7.0	1.0	0.0	0.0
9207.0	7.0	1.0	0.0	7.1428571428571436e-06
9214.0	7.0	1.0	0.0	8.428571428571429e-05
9221.0	7.0	1.0	0.0	0.0
9228.0	7.0	1.0	0.0	0.00010428571428571428
9235.0	7.0	1.0	0.0	0.00019571428571428574
9242.0	7.0	1.0	0.0	0.0002285714285714286
9249.0	7.0	1.0	0.0	0.0003357142857142857
9256.0	7.0	1.0	0.0	7.571428571428571e-05
9263.0	7.0	1.0	0.0	0.00012
9270.0	7.0	1.0	0.0	0.00061
9277.0	7.0	1.0	0.0	0.0016542857142857143
9284.0	7.0	1.0	0.0	0.0015542857142857144
9291.0	7.0	1.0	0.0	0.0016128571428571429
9298.0	7.0	1.0	0.0	0.00042428571428571434
9305.0	7.0	1.0	0.0	0.0004171428571428572
9312.0	7.0	1.0	0.0	4.8571428571428576e-05
9319.0	7.0	1.0	0.0	0.0015957142857142858
9326.0	7.0	1.0	0.0	0.0022928571428571425
9333.0	7.0	1.0	0.0	0.0023228571428571426
9340.0	7.0	1.0	0.0	0.0020185714285714286
9347.0	7.0	1.0	0.0	0.00025142857142857145
9354.0	7.0	1.0	0.0	3.857142857142857e-05
9361.0	7.0	1.0	0.0	0.0002557142857142857
9368.0	7.0	1.0	0.0	0.00034
9375.0	7.0	1.0	0.0	0.0
9382.0	7.0	1.0	0.0	4e-05
9389.0	7.0	1.0	0.0	6.428571428571429e-05
9396.0	7.0	1.0	0.0	0.0003071428571428571
9403.0	7.0	1.0	0.0	0.00022571428571428571
9410.0	7.0	1.0	0.0	0.00018857142857142857
9417.0	7.0	1.0	0.0	0.00010857142857142858
9424.0	7.0	1.0	0.0	0.0002685714285714286
9431.0	7.0	1.0	0.0	3.714285714285714e-05
9438.0	7.0	1.0	0.0	8.285714285714286e-05
9445.0	7.0	1.0	0.0	0.0
9452.0	7.0	1.0	0.0	3.285714285714286e-05
9459.0	7.0	1.0	0.0	1.4285714285714286e-06
9466.0	7.0	1.0	0.0	3.571428571428572e-05
9473.0	7.0	1.0	0.0	1.1428571428571429e-05
9480.0	7.0	1.0	0.0	0.0
9487.0	7.0	1.0	0.0	0.0
9494.0	7.0	1.0	0.0	0.0
4753.0	7.0	1.0	0.0	0.0
4760.0	7.0	1.0	0.0	0.0
4767.0	7.0	1.0	0.0	3.285714285714286e-05
4774.0	7.0	1.0	0.0	0.0
4781.0	7.0	1.0	0.0	7.142857142857144e-06
4788.0	7.0	1.0	0.0	0.00012714285714285716
4795.0	7.0	1.0	0.0	0.00018285714285714286
4802.0	7.0	1.0	0.0	0.0
4809.0	7.0	1.0	0.0	1.4285714285714286e-06
4816.0	7.0	1.0	0.0	3.857142857142857e-05
4823.0	7.0	1.0	0.0	0.00021714285714285715
4830.0	7.0	1.0	0.0	1.4285714285714286e-06
4837.0	7.0	1.0	0.0	3.4285714285714284e-05
4844.0	7.0	1.0	0.0	0.0
4851.0	7.0	1.0	0.0	2.8571428571428573e-06
4858.0	7.0	1.0	0.0	0.00015
4865.0	7.0	1.0	0.0	0.00024857142857142857
4872.0	7.0	1.0	0.0	0.00010857142857142858
4879.0	7.0	1.0	0.0	0.00020285714285714286
4886.0	7.0	1.0	0.0	0.0002871428571428572
4893.0	7.0	1.0	0.0	0.0001242857142857143
4900.0	7.0	1.0	0.0	0.00046428571428571433
4907.0	7.0	1.0	0.0	0.0014128571428571428
4914.0	7.0	1.0	0.0	0.004295714285714286
4921.0	7.0	1.0	0.0	0.004617142857142857
4928.0	7.0	1.0	0.0	0.005151428571428571
4935.0	7.0	1.0	0.0	0.004068571428571429
4942.0	7.0	1.0	0.0	0.0009471428571428572
4949.0	7.0	1.0	0.0	0.0008342857142857143
4956.0	7.0	1.0	0.0	0.0007957142857142858
4963.0	7.0	1.0	0.0	5.142857142857144e-05
4970.0	7.0	1.0	0.0	0.00012714285714285714
4977.0	7.0	1.0	0.0	0.0
4984.0	7.0	1.0	0.0	0.0006214285714285715
4991.0	7.0	1.0	0.0	0.0020542857142857142
4998.0	7.0	1.0	0.0	0.00028857142857142856
5005.0	7.0	1.0	0.0	1.4285714285714286e-06
5012.0	7.0	1.0	0.0	0.0
5019.0	7.0	1.0	0.0	1.8571428571428575e-05
5026.0	7.0	1.0	0.0	0.00010999999999999999
5033.0	7.0	1.0	0.0	8.428571428571429e-05
5040.0	7.0	1.0	0.0	0.0003342857142857142
5047.0	7.0	1.0	0.0	0.00014142857142857143
5054.0	7.0	1.0	0.0	4.285714285714286e-05
5061.0	7.0	1.0	0.0	0.0
5068.0	7.0	1.0	0.0	1.4285714285714286e-06
5075.0	7.0	1.0	0.0	5.7142857142857145e-06
5082.0	7.0	1.0	0.0	0.0
5089.0	7.0	1.0	0.0	8.571428571428571e-06
5096.0	7.0	1.0	0.0	2.7142857142857144e-05
5103.0	7.0	1.0	0.0	1.4285714285714286e-06
5110.0	7.0	1.0	0.0	2.8571428571428573e-06
14614.0	7.0	1.0	0.0	1.2857142857142857e-05
14621.0	7.0	1.0	0.0	3.714285714285715e-05
14628.0	7.0	1.0	0.0	1.2857142857142857e-05
14635.0	7.0	1.0	0.0	2.571428571428571e-05
14642.0	7.0	1.0	0.0	5.2857142857142855e-05
14649.0	7.0	1.0	0.0	1.1428571428571429e-05
14656.0	7.0	1.0	0.0	0.0
14663.0	7.0	1.0	0.0	8e-05
14670.0	7.0	1.0	0.0	0.0006114285714285715
14677.0	7.0	1.0	0.0	0.0
14684.0	7.0	1.0	0.0	4.857142857142857e-05
14691.0	7.0	1.0	0.0	0.00021571428571428571
14698.0	7.0	1.0	0.0	0.00013714285714285713
14705.0	7.0	1.0	0.0	0.00037428571428571426
14712.0	7.0	1.0	0.0	0.0021014285714285714
14719.0	7.0	1.0	0.0	0.0030442857142857138
14726.0	7.0	1.0	0.0	0.002364285714285714
14733.0	7.0	1.0	0.0	0.0016614285714285713
14740.0	7.0	1.0	0.0	0.001075714285714286
14747.0	7.0	1.0	0.0	0.002197142857142857
14754.0	7.0	1.0	0.0	0.00229
14761.0	7.0	1.0	0.0	0.0011028571428571428
14768.0	7.0	1.0	0.0	0.00175
14775.0	7.0	1.0	0.0	0.0015528571428571427
14782.0	7.0	1.0	0.0	0.0007285714285714286
14789.0	7.0	1.0	0.0	0.0006399999999999999
14796.0	7.0	1.0	0.0	0.00022142857142857145
14803.0	7.0	1.0	0.0	0.00035428571428571426
14810.0	7.0	1.0	0.0	0.001187142857142857
14817.0	7.0	1.0	0.0	0.0017800000000000001
14824.0	7.0	1.0	0.0	0.0005042857142857143
14831.0	7.0	1.0	0.0	5.428571428571429e-05
14838.0	7.0	1.0	0.0	7.999999999999999e-05
14845.0	7.0	1.0	0.0	5.000000000000001e-05
14852.0	7.0	1.0	0.0	8.857142857142859e-05
14859.0	7.0	1.0	0.0	0.0
14866.0	7.0	1.0	0.0	0.0
14873.0	7.0	1.0	0.0	0.0
14880.0	7.0	1.0	0.0	1.7142857142857145e-05
14887.0	7.0	1.0	0.0	5.7142857142857145e-06
14894.0	7.0	1.0	0.0	0.0
14901.0	7.0	1.0	0.0	0.0
14908.0	7.0	1.0	0.0	0.0
14915.0	7.0	1.0	0.0	4.285714285714286e-06
14922.0	7.0	1.0	0.0	1.2857142857142857e-05
14929.0	7.0	1.0	0.0	3e-05
14936.0	7.0	1.0	0.0	2.8571428571428573e-06
14943.0	7.0	1.0	0.0	1.4285714285714286e-06
14950.0	7.0	1.0	0.0	0.00013571428571428572
14957.0	7.0	1.0	0.0	0.00022428571428571427
14964.0	7.0	1.0	0.0	5.2857142857142855e-05
14971.0	7.0	1.0	0.0	7.142857142857143e-05
733.0	7.0	1.0	0.0	5.285714285714286e-05
740.0	7.0	1.0	0.0	0.0
747.0	7.0	1.0	0.0	1.4285714285714286e-06
754.0	7.0	1.0	0.0	2.8571428571428573e-06
761.0	7.0	1.0	0.0	8.571428571428573e-06
768.0	7.0	1.0	0.0	6.857142857142858e-05
775.0	7.0	1.0	0.0	3.714285714285715e-05
782.0	7.0	1.0	0.0	0.0
789.0	7.0	1.0	0.0	0.0
796.0	7.0	1.0	0.0	5.571428571428572e-05
803.0	7.0	1.0	0.0	1.857142857142857e-05
810.0	7.0	1.0	0.0	0.0
817.0	7.0	1.0	0.0	4.714285714285714e-05
824.0	7.0	1.0	0.0	2e-05
831.0	7.0	1.0	0.0	0.0004885714285714286
838.0	7.0	1.0	0.0	0.0009714285714285713
845.0	7.0	1.0	0.0	6.714285714285715e-05
852.0	7.0	1.0	0.0	0.0002914285714285714
859.0	7.0	1.0	0.0	0.0014585714285714286
866.0	7.0	1.0	0.0	0.0015085714285714286
873.0	7.0	1.0	0.0	0.0003042857142857143
880.0	7.0	1.0	0.0	0.0001742857142857143
887.0	7.0	1.0	0.0	1.4285714285714286e-06
894.0	7.0	1.0	0.0	8e-05
901.0	7.0	1.0	0.0	0.00097
908.0	7.0	1.0	0.0	0.0031385714285714285
915.0	7.0	1.0	0.0	0.0020357142857142857
922.0	7.0	1.0	0.0	0.0018171428571428572
929.0	7.0	1.0	0.0	0.0018671428571428571
936.0	7.0	1.0	0.0	0.0022114285714285712
943.0	7.0	1.0	0.0	0.001072857142857143
950.0	7.0	1.0	0.0	7.428571428571427e-05
957.0	7.0	1.0	0.0	0.0
964.0	7.0	1.0	0.0	6.285714285714286e-05
971.0	7.0	1.0	0.0	7.714285714285714e-05
978.0	7.0	1.0	0.0	0.00011142857142857143
985.0	7.0	1.0	0.0	1.4285714285714286e-06
992.0	7.0	1.0	0.0	0.0002614285714285714
999.0	7.0	1.0	0.0	0.0001042857142857143
1006.0	7.0	1.0	0.0	0.00035142857142857144
1013.0	7.0	1.0	0.0	1.4285714285714286e-06
1020.0	7.0	1.0	0.0	0.0004085714285714286
1027.0	7.0	1.0	0.0	0.0005757142857142858
1034.0	7.0	1.0	0.0	5.7142857142857145e-06
1041.0	7.0	1.0	0.0	1.4285714285714286e-06
1048.0	7.0	1.0	0.0	0.00015428571428571428
1055.0	7.0	1.0	0.0	0.0001757142857142857
1062.0	7.0	1.0	0.0	1.9999999999999998e-05
1069.0	7.0	1.0	0.0	0.0003014285714285714
1076.0	7.0	1.0	0.0	0.0002928571428571429
1083.0	7.0	1.0	0.0	0.00021857142857142857
1090.0	7.0	1.0	0.0	2.8571428571428573e-06
3288.0	7.0	1.0	0.0	4.5714285714285716e-05
3295.0	7.0	1.0	0.0	5.2857142857142855e-05
3302.0	7.0	1.0	0.0	3.571428571428572e-05
3309.0	7.0	1.0	0.0	0.0001142857142857143
3316.0	7.0	1.0	0.0	1.7142857142857142e-05
3323.0	7.0	1.0	0.0	0.0
3330.0	7.0	1.0	0.0	0.0
3337.0	7.0	1.0	0.0	4.142857142857143e-05
3344.0	7.0	1.0	0.0	4.285714285714286e-06
3351.0	7.0	1.0	0.0	0.00027142857142857144
3358.0	7.0	1.0	0.0	7e-05
3365.0	7.0	1.0	0.0	0.00011571428571428571
3372.0	7.0	1.0	0.0	0.00017714285714285713
3379.0	7.0	1.0	0.0	0.0003742857142857143
3386.0	7.0	1.0	0.0	0.0011114285714285716
3393.0	7.0	1.0	0.0	0.005872857142857143
3400.0	7.0	1.0	0.0	0.002821428571428572
3407.0	7.0	1.0	0.0	0.0005742857142857144
3414.0	7.0	1.0	0.0	0.003145714285714286
3421.0	7.0	1.0	0.0	0.009842857142857143
3428.0	7.0	1.0	0.0	0.006808571428571429
3435.0	7.0	1.0	0.0	0.004871428571428571
3442.0	7.0	1.0	0.0	0.004178571428571428
3449.0	7.0	1.0	0.0	0.002355714285714286
3456.0	7.0	1.0	0.0	0.0006914285714285714
3463.0	7.0	1.0	0.0	0.00062
3470.0	7.0	1.0	0.0	0.0036071428571428565
3477.0	7.0	1.0	0.0	0.0038342857142857146
3484.0	7.0	1.0	0.0	0.0021285714285714285
3491.0	7.0	1.0	0.0	0.0011257142857142857
3498.0	7.0	1.0	0.0	0.00019285714285714286
3505.0	7.0	1.0	0.0	0.00216
3512.0	7.0	1.0	0.0	0.002355714285714285
3519.0	7.0	1.0	0.0	0.0010557142857142855
3526.0	7.0	1.0	0.0	0.0012957142857142855
3533.0	7.0	1.0	0.0	0.00025285714285714283
3540.0	7.0	1.0	0.0	0.0
3547.0	7.0	1.0	0.0	0.0
3554.0	7.0	1.0	0.0	4.714285714285714e-05
3561.0	7.0	1.0	0.0	0.00013428571428571428
3568.0	7.0	1.0	0.0	6.571428571428571e-05
3575.0	7.0	1.0	0.0	7.285714285714286e-05
3582.0	7.0	1.0	0.0	1.1428571428571429e-05
3589.0	7.0	1.0	0.0	6.857142857142857e-05
3596.0	7.0	1.0	0.0	8.999999999999999e-05
3603.0	7.0	1.0	0.0	0.00017
3610.0	7.0	1.0	0.0	0.00039428571428571426
3617.0	7.0	1.0	0.0	0.00016714285714285716
3624.0	7.0	1.0	0.0	0.00027142857142857144
3631.0	7.0	1.0	0.0	0.00018714285714285713
3638.0	7.0	1.0	0.0	0.00013428571428571428
3645.0	7.0	1.0	0.0	1e-05
3652.0	7.0	1.0	0.0	2.8571428571428573e-06
4755.0	7.0	1.0	0.0	0.0
4762.0	7.0	1.0	0.0	5.7142857142857145e-06
4769.0	7.0	1.0	0.0	2.7142857142857144e-05
4776.0	7.0	1.0	0.0	1.4285714285714286e-06
4783.0	7.0	1.0	0.0	4.285714285714286e-05
4790.0	7.0	1.0	0.0	0.00018857142857142857
4797.0	7.0	1.0	0.0	8.428571428571429e-05
4804.0	7.0	1.0	0.0	0.0
4811.0	7.0	1.0	0.0	1.4285714285714286e-06
4818.0	7.0	1.0	0.0	0.00020714285714285716
4825.0	7.0	1.0	0.0	4.8571428571428576e-05
4832.0	7.0	1.0	0.0	2.8571428571428573e-06
4839.0	7.0	1.0	0.0	3.285714285714286e-05
4846.0	7.0	1.0	0.0	0.0
4853.0	7.0	1.0	0.0	2.8571428571428573e-06
4860.0	7.0	1.0	0.0	0.00029142857142857144
4867.0	7.0	1.0	0.0	0.00010714285714285715
4874.0	7.0	1.0	0.0	0.0001342857142857143
4881.0	7.0	1.0	0.0	0.00022428571428571427
4888.0	7.0	1.0	0.0	0.00032428571428571435
4895.0	7.0	1.0	0.0	4e-05
4902.0	7.0	1.0	0.0	0.0006514285714285716
4909.0	7.0	1.0	0.0	0.0024071428571428573
4916.0	7.0	1.0	0.0	0.004265714285714286
4923.0	7.0	1.0	0.0	0.0047828571428571425
4930.0	7.0	1.0	0.0	0.005215714285714286
4937.0	7.0	1.0	0.0	0.0032142857142857142
4944.0	7.0	1.0	0.0	0.00044714285714285705
4951.0	7.0	1.0	0.0	0.0011357142857142855
4958.0	7.0	1.0	0.0	0.0005099999999999999
4965.0	7.0	1.0	0.0	3.571428571428572e-05
4972.0	7.0	1.0	0.0	0.0001
4979.0	7.0	1.0	0.0	0.00017142857142857145
4986.0	7.0	1.0	0.0	0.00115
4993.0	7.0	1.0	0.0	0.001568571428571429
5000.0	7.0	1.0	0.0	7.42857142857143e-05
5007.0	7.0	1.0	0.0	1.4285714285714286e-06
5014.0	7.0	1.0	0.0	0.0
5021.0	7.0	1.0	0.0	0.00011857142857142858
5028.0	7.0	1.0	0.0	2.2857142857142855e-05
5035.0	7.0	1.0	0.0	0.00015999999999999999
5042.0	7.0	1.0	0.0	0.00033
5049.0	7.0	1.0	0.0	8.999999999999999e-05
5056.0	7.0	1.0	0.0	9.999999999999999e-06
5063.0	7.0	1.0	0.0	0.0
5070.0	7.0	1.0	0.0	7.1428571428571436e-06
5077.0	7.0	1.0	0.0	0.0
5084.0	7.0	1.0	0.0	0.0
5091.0	7.0	1.0	0.0	3.571428571428572e-05
5098.0	7.0	1.0	0.0	0.0
5105.0	7.0	1.0	0.0	1.4285714285714286e-06
5112.0	7.0	1.0	0.0	1.2857142857142856e-05
2563.0	7.0	1.0	0.0	4.2857142857142855e-06
2570.0	7.0	1.0	0.0	1.4285714285714286e-06
2577.0	7.0	1.0	0.0	0.00014
2584.0	7.0	1.0	0.0	2.7142857142857144e-05
2591.0	7.0	1.0	0.0	7.1428571428571436e-06
2598.0	7.0	1.0	0.0	0.0
2605.0	7.0	1.0	0.0	1.4285714285714287e-05
2612.0	7.0	1.0	0.0	3.142857142857143e-05
2619.0	7.0	1.0	0.0	8.428571428571429e-05
2626.0	7.0	1.0	0.0	1e-05
2633.0	7.0	1.0	0.0	9e-05
2640.0	7.0	1.0	0.0	5.000000000000001e-05
2647.0	7.0	1.0	0.0	0.00030285714285714285
2654.0	7.0	1.0	0.0	0.0003257142857142857
2661.0	7.0	1.0	0.0	0.0006742857142857143
2668.0	7.0	1.0	0.0	0.001482857142857143
2675.0	7.0	1.0	0.0	0.0011957142857142856
2682.0	7.0	1.0	0.0	0.00146
2689.0	7.0	1.0	0.0	0.0019171428571428573
2696.0	7.0	1.0	0.0	0.0012371428571428572
2703.0	7.0	1.0	0.0	0.0031842857142857146
2710.0	7.0	1.0	0.0	0.002041428571428571
2717.0	7.0	1.0	0.0	0.0016242857142857142
2724.0	7.0	1.0	0.0	0.0010471428571428572
2731.0	7.0	1.0	0.0	0.003187142857142857
2738.0	7.0	1.0	0.0	0.00521
2745.0	7.0	1.0	0.0	0.004218571428571428
2752.0	7.0	1.0	0.0	0.0036385714285714285
2759.0	7.0	1.0	0.0	0.006012857142857144
2766.0	7.0	1.0	0.0	0.0026599999999999996
2773.0	7.0	1.0	0.0	0.0005871428571428571
2780.0	7.0	1.0	0.0	0.0014842857142857142
2787.0	7.0	1.0	0.0	0.0039700000000000004
2794.0	7.0	1.0	0.0	0.003158571428571428
2801.0	7.0	1.0	0.0	0.0021757142857142856
2808.0	7.0	1.0	0.0	0.00040857142857142855
2815.0	7.0	1.0	0.0	0.00035142857142857144
2822.0	7.0	1.0	0.0	0.00016142857142857143
2829.0	7.0	1.0	0.0	0.0006742857142857143
2836.0	7.0	1.0	0.0	0.0006457142857142857
2843.0	7.0	1.0	0.0	9.857142857142856e-05
2850.0	7.0	1.0	0.0	0.0
2857.0	7.0	1.0	0.0	0.00018142857142857145
2864.0	7.0	1.0	0.0	5.857142857142856e-05
2871.0	7.0	1.0	0.0	6.571428571428573e-05
2878.0	7.0	1.0	0.0	0.00022285714285714286
2885.0	7.0	1.0	0.0	7.1428571428571436e-06
2892.0	7.0	1.0	0.0	0.0003042857142857143
2899.0	7.0	1.0	0.0	2.8571428571428573e-06
2906.0	7.0	1.0	0.0	0.0
2913.0	7.0	1.0	0.0	4.714285714285714e-05
2920.0	7.0	1.0	0.0	0.0003042857142857143
10962.0	7.0	1.0	0.0	0.0
10969.0	7.0	1.0	0.0	1.4285714285714287e-05
10976.0	7.0	1.0	0.0	1.4285714285714287e-05
10983.0	7.0	1.0	0.0	2.5714285714285714e-05
10990.0	7.0	1.0	0.0	4e-05
10997.0	7.0	1.0	0.0	0.0
11004.0	7.0	1.0	0.0	8.428571428571429e-05
11011.0	7.0	1.0	0.0	0.00015000000000000001
11018.0	7.0	1.0	0.0	0.0001342857142857143
11025.0	7.0	1.0	0.0	0.0007642857142857142
11032.0	7.0	1.0	0.0	0.0006500000000000001
11039.0	7.0	1.0	0.0	0.0009685714285714286
11046.0	7.0	1.0	0.0	0.0029385714285714284
11053.0	7.0	1.0	0.0	0.008895714285714286
11060.0	7.0	1.0	0.0	0.011164285714285713
11067.0	7.0	1.0	0.0	0.009931428571428572
11074.0	7.0	1.0	0.0	0.005962857142857143
11081.0	7.0	1.0	0.0	0.002461428571428572
11088.0	7.0	1.0	0.0	0.002402857142857143
11095.0	7.0	1.0	0.0	0.0036814285714285716
11102.0	7.0	1.0	0.0	0.0017714285714285716
11109.0	7.0	1.0	0.0	0.002974285714285714
11116.0	7.0	1.0	0.0	0.004762857142857143
11123.0	7.0	1.0	0.0	0.0030542857142857147
11130.0	7.0	1.0	0.0	0.003971428571428571
11137.0	7.0	1.0	0.0	0.004311428571428572
11144.0	7.0	1.0	0.0	0.0037199999999999998
11151.0	7.0	1.0	0.0	0.0030099999999999997
11158.0	7.0	1.0	0.0	0.00034142857142857146
11165.0	7.0	1.0	0.0	0.00015285714285714287
11172.0	7.0	1.0	0.0	0.00017571428571428572
11179.0	7.0	1.0	0.0	0.00097
11186.0	7.0	1.0	0.0	0.004947142857142857
11193.0	7.0	1.0	0.0	0.005701428571428572
11200.0	7.0	1.0	0.0	0.0030428571428571427
11207.0	7.0	1.0	0.0	0.002478571428571428
11214.0	7.0	1.0	0.0	0.0004728571428571428
11221.0	7.0	1.0	0.0	0.0005142857142857143
11228.0	7.0	1.0	0.0	0.0018257142857142858
11235.0	7.0	1.0	0.0	0.0005414285714285714
11242.0	7.0	1.0	0.0	0.00012142857142857142
11249.0	7.0	1.0	0.0	0.0
11256.0	7.0	1.0	0.0	0.0
11263.0	7.0	1.0	0.0	1.4285714285714287e-05
11270.0	7.0	1.0	0.0	0.0
11277.0	7.0	1.0	0.0	2e-05
11284.0	7.0	1.0	0.0	0.0
11291.0	7.0	1.0	0.0	7.1428571428571436e-06
11298.0	7.0	1.0	0.0	7.142857142857144e-06
11305.0	7.0	1.0	0.0	0.00010142857142857144
11312.0	7.0	1.0	0.0	0.0
11319.0	7.0	1.0	0.0	2.1428571428571428e-05
5482.0	7.0	1.0	0.0	7e-05
5489.0	7.0	1.0	0.0	2.142857142857143e-05
5496.0	7.0	1.0	0.0	7.428571428571427e-05
5503.0	7.0	1.0	0.0	4.4285714285714296e-05
5510.0	7.0	1.0	0.0	4.428571428571428e-05
5517.0	7.0	1.0	0.0	2.8571428571428573e-06
5524.0	7.0	1.0	0.0	9.999999999999999e-06
5531.0	7.0	1.0	0.0	1.4285714285714286e-06
5538.0	7.0	1.0	0.0	0.0
5545.0	7.0	1.0	0.0	1.4285714285714287e-05
5552.0	7.0	1.0	0.0	0.0
5559.0	7.0	1.0	0.0	0.0
5566.0	7.0	1.0	0.0	1.4285714285714287e-05
5573.0	7.0	1.0	0.0	0.00010285714285714288
5580.0	7.0	1.0	0.0	4.1428571428571437e-05
5587.0	7.0	1.0	0.0	4e-05
5594.0	7.0	1.0	0.0	0.00016571428571428572
5601.0	7.0	1.0	0.0	0.00019857142857142857
5608.0	7.0	1.0	0.0	0.00010571428571428571
5615.0	7.0	1.0	0.0	9.142857142857143e-05
5622.0	7.0	1.0	0.0	0.00031571428571428576
5629.0	7.0	1.0	0.0	0.0003342857142857143
5636.0	7.0	1.0	0.0	0.0015357142857142857
5643.0	7.0	1.0	0.0	0.002805714285714286
5650.0	7.0	1.0	0.0	0.002152857142857143
5657.0	7.0	1.0	0.0	0.002351428571428571
5664.0	7.0	1.0	0.0	0.001244285714285714
5671.0	7.0	1.0	0.0	8.285714285714287e-05
5678.0	7.0	1.0	0.0	0.0005314285714285715
5685.0	7.0	1.0	0.0	0.0005114285714285714
5692.0	7.0	1.0	0.0	0.001602857142857143
5699.0	7.0	1.0	0.0	0.0007099999999999999
5706.0	7.0	1.0	0.0	0.0003114285714285714
5713.0	7.0	1.0	0.0	0.0021085714285714284
5720.0	7.0	1.0	0.0	0.0032885714285714285
5727.0	7.0	1.0	0.0	0.0008342857142857143
5734.0	7.0	1.0	0.0	0.0015914285714285715
5741.0	7.0	1.0	0.0	0.002107142857142857
5748.0	7.0	1.0	0.0	0.00037142857142857143
5755.0	7.0	1.0	0.0	0.00027428571428571427
5762.0	7.0	1.0	0.0	0.00020285714285714286
5769.0	7.0	1.0	0.0	0.00010999999999999999
5776.0	7.0	1.0	0.0	3.857142857142857e-05
5783.0	7.0	1.0	0.0	4.285714285714286e-05
5790.0	7.0	1.0	0.0	7.428571428571427e-05
5797.0	7.0	1.0	0.0	0.00010999999999999999
5804.0	7.0	1.0	0.0	0.00030000000000000003
5811.0	7.0	1.0	0.0	0.00012142857142857142
5818.0	7.0	1.0	0.0	0.00016
5825.0	7.0	1.0	0.0	1.4285714285714286e-06
5832.0	7.0	1.0	0.0	7.1428571428571436e-06
5839.0	7.0	1.0	0.0	1.1428571428571429e-05
7307.0	7.0	1.0	0.0	0.0
7314.0	7.0	1.0	0.0	1.5714285714285712e-05
7321.0	7.0	1.0	0.0	2.8571428571428574e-05
7328.0	7.0	1.0	0.0	0.0
7335.0	7.0	1.0	0.0	1.4285714285714286e-06
7342.0	7.0	1.0	0.0	0.0
7349.0	7.0	1.0	0.0	0.0
7356.0	7.0	1.0	0.0	1.2857142857142857e-05
7363.0	7.0	1.0	0.0	2.571428571428571e-05
7370.0	7.0	1.0	0.0	5.7142857142857145e-06
7377.0	7.0	1.0	0.0	1.5714285714285715e-05
7384.0	7.0	1.0	0.0	3.428571428571429e-05
7391.0	7.0	1.0	0.0	0.0006357142857142857
7398.0	7.0	1.0	0.0	0.0003585714285714286
7405.0	7.0	1.0	0.0	0.00037
7412.0	7.0	1.0	0.0	0.00034571428571428573
7419.0	7.0	1.0	0.0	0.0007457142857142856
7426.0	7.0	1.0	0.0	0.000952857142857143
7433.0	7.0	1.0	0.0	0.0011157142857142856
7440.0	7.0	1.0	0.0	0.0005914285714285715
7447.0	7.0	1.0	0.0	0.0016585714285714287
7454.0	7.0	1.0	0.0	0.0034642857142857145
7461.0	7.0	1.0	0.0	0.003948571428571428
7468.0	7.0	1.0	0.0	0.0032157142857142857
7475.0	7.0	1.0	0.0	0.0016785714285714288
7482.0	7.0	1.0	0.0	0.00033142857142857144
7489.0	7.0	1.0	0.0	2.8571428571428573e-06
7496.0	7.0	1.0	0.0	0.00020999999999999998
7503.0	7.0	1.0	0.0	0.0024085714285714288
7510.0	7.0	1.0	0.0	0.0016257142857142857
7517.0	7.0	1.0	0.0	0.0009314285714285714
7524.0	7.0	1.0	0.0	0.0005214285714285714
7531.0	7.0	1.0	0.0	0.00039000000000000005
7538.0	7.0	1.0	0.0	0.00011571428571428572
7545.0	7.0	1.0	0.0	0.00011428571428571427
7552.0	7.0	1.0	0.0	1.1428571428571429e-05
7559.0	7.0	1.0	0.0	0.0
7566.0	7.0	1.0	0.0	6.714285714285714e-05
7573.0	7.0	1.0	0.0	0.00016714285714285716
7580.0	7.0	1.0	0.0	0.00011571428571428572
7587.0	7.0	1.0	0.0	0.0
7594.0	7.0	1.0	0.0	1.4285714285714286e-06
7601.0	7.0	1.0	0.0	0.0
7608.0	7.0	1.0	0.0	3.857142857142857e-05
7615.0	7.0	1.0	0.0	7.714285714285714e-05
7622.0	7.0	1.0	0.0	0.00015142857142857145
7629.0	7.0	1.0	0.0	0.00010571428571428572
7636.0	7.0	1.0	0.0	0.0
7643.0	7.0	1.0	0.0	8.571428571428573e-06
7650.0	7.0	1.0	0.0	3.857142857142857e-05
7657.0	7.0	1.0	0.0	1.5714285714285715e-05
7664.0	7.0	1.0	0.0	0.0
4749.0	7.0	1.0	0.0	0.0
4756.0	7.0	1.0	0.0	0.0
4763.0	7.0	1.0	0.0	3.285714285714286e-05
4770.0	7.0	1.0	0.0	0.0
4777.0	7.0	1.0	0.0	2.8571428571428573e-06
4784.0	7.0	1.0	0.0	4.1428571428571437e-05
4791.0	7.0	1.0	0.0	0.00020142857142857142
4798.0	7.0	1.0	0.0	7.142857142857143e-05
4805.0	7.0	1.0	0.0	0.0
4812.0	7.0	1.0	0.0	1.4285714285714286e-06
4819.0	7.0	1.0	0.0	0.0002485714285714286
4826.0	7.0	1.0	0.0	7.1428571428571436e-06
4833.0	7.0	1.0	0.0	3.142857142857143e-05
4840.0	7.0	1.0	0.0	4.2857142857142855e-06
4847.0	7.0	1.0	0.0	0.0
4854.0	7.0	1.0	0.0	2.8571428571428573e-06
4861.0	7.0	1.0	0.0	0.00031714285714285715
4868.0	7.0	1.0	0.0	8.142857142857142e-05
4875.0	7.0	1.0	0.0	0.00023
4882.0	7.0	1.0	0.0	0.00013714285714285713
4889.0	7.0	1.0	0.0	0.00035428571428571426
4896.0	7.0	1.0	0.0	5.714285714285715e-05
4903.0	7.0	1.0	0.0	0.0006585714285714286
4910.0	7.0	1.0	0.0	0.0030242857142857146
4917.0	7.0	1.0	0.0	0.004442857142857143
4924.0	7.0	1.0	0.0	0.004708571428571428
4931.0	7.0	1.0	0.0	0.005098571428571429
4938.0	7.0	1.0	0.0	0.0027228571428571428
4945.0	7.0	1.0	0.0	0.00037142857142857143
4952.0	7.0	1.0	0.0	0.0011671428571428573
4959.0	7.0	1.0	0.0	0.00038714285714285717
4966.0	7.0	1.0	0.0	0.00012857142857142858
4973.0	7.0	1.0	0.0	0.0
4980.0	7.0	1.0	0.0	0.00026285714285714286
4987.0	7.0	1.0	0.0	0.001372857142857143
4994.0	7.0	1.0	0.0	0.0012971428571428572
5001.0	7.0	1.0	0.0	3.285714285714286e-05
5008.0	7.0	1.0	0.0	0.0
5015.0	7.0	1.0	0.0	0.0
5022.0	7.0	1.0	0.0	0.00012857142857142858
5029.0	7.0	1.0	0.0	4.5714285714285716e-05
5036.0	7.0	1.0	0.0	0.00012714285714285716
5043.0	7.0	1.0	0.0	0.0003657142857142857
5050.0	7.0	1.0	0.0	5.428571428571429e-05
5057.0	7.0	1.0	0.0	9.999999999999999e-06
5064.0	7.0	1.0	0.0	0.0
5071.0	7.0	1.0	0.0	7.1428571428571436e-06
5078.0	7.0	1.0	0.0	0.0
5085.0	7.0	1.0	0.0	0.0
5092.0	7.0	1.0	0.0	3.571428571428572e-05
5099.0	7.0	1.0	0.0	0.0
5106.0	7.0	1.0	0.0	1.4285714285714286e-06
5113.0	7.0	1.0	0.0	2.8571428571428573e-06
5120.0	7.0	1.0	0.0	0.0
5127.0	7.0	1.0	0.0	0.0
5134.0	7.0	1.0	0.0	0.0
5141.0	7.0	1.0	0.0	0.0
5148.0	7.0	1.0	0.0	2e-05
5155.0	7.0	1.0	0.0	1.8571428571428575e-05
5162.0	7.0	1.0	0.0	0.00013571428571428572
5169.0	7.0	1.0	0.0	0.0003
5176.0	7.0	1.0	0.0	0.00017999999999999998
5183.0	7.0	1.0	0.0	7.1428571428571436e-06
5190.0	7.0	1.0	0.0	0.0001
5197.0	7.0	1.0	0.0	0.0002942857142857143
5204.0	7.0	1.0	0.0	0.00013571428571428572
5211.0	7.0	1.0	0.0	0.0003014285714285714
5218.0	7.0	1.0	0.0	0.0005785714285714285
5225.0	7.0	1.0	0.0	0.002457142857142857
5232.0	7.0	1.0	0.0	0.0018385714285714286
5239.0	7.0	1.0	0.0	0.0015914285714285715
5246.0	7.0	1.0	0.0	0.0015785714285714287
5253.0	7.0	1.0	0.0	0.003972857142857143
5260.0	7.0	1.0	0.0	0.0034871428571428566
5267.0	7.0	1.0	0.0	0.0017014285714285714
5274.0	7.0	1.0	0.0	0.0004942857142857143
5281.0	7.0	1.0	0.0	0.0013285714285714285
5288.0	7.0	1.0	0.0	0.003834285714285714
5295.0	7.0	1.0	0.0	0.0030871428571428573
5302.0	7.0	1.0	0.0	0.0019371428571428571
5309.0	7.0	1.0	0.0	0.0019114285714285713
5316.0	7.0	1.0	0.0	0.0005271428571428572
5323.0	7.0	1.0	0.0	0.0007057142857142858
5330.0	7.0	1.0	0.0	0.0013085714285714285
5337.0	7.0	1.0	0.0	0.0010642857142857142
5344.0	7.0	1.0	0.0	0.0015257142857142858
5351.0	7.0	1.0	0.0	0.002344285714285714
5358.0	7.0	1.0	0.0	0.0011228571428571429
5365.0	7.0	1.0	0.0	0.0018085714285714287
5372.0	7.0	1.0	0.0	0.00038285714285714285
5379.0	7.0	1.0	0.0	8.571428571428571e-05
5386.0	7.0	1.0	0.0	0.00013285714285714287
5393.0	7.0	1.0	0.0	5.9999999999999995e-05
5400.0	7.0	1.0	0.0	0.0
5407.0	7.0	1.0	0.0	0.00023428571428571427
5414.0	7.0	1.0	0.0	2.1428571428571428e-05
5421.0	7.0	1.0	0.0	8.857142857142857e-05
5428.0	7.0	1.0	0.0	0.0
5435.0	7.0	1.0	0.0	5.5714285714285715e-05
5442.0	7.0	1.0	0.0	0.0
5449.0	7.0	1.0	0.0	0.0
5456.0	7.0	1.0	0.0	0.0
5463.0	7.0	1.0	0.0	5.428571428571429e-05
5470.0	7.0	1.0	0.0	5.7142857142857145e-06
5477.0	7.0	1.0	0.0	4.2857142857142855e-06
1831.0	7.0	1.0	0.0	0.0
1838.0	7.0	1.0	0.0	2.142857142857143e-05
1845.0	7.0	1.0	0.0	2.5714285714285714e-05
1852.0	7.0	1.0	0.0	8.571428571428571e-06
1859.0	7.0	1.0	0.0	0.0
1866.0	7.0	1.0	0.0	0.0003071428571428571
1873.0	7.0	1.0	0.0	4e-05
1880.0	7.0	1.0	0.0	0.0002185714285714286
1887.0	7.0	1.0	0.0	7.857142857142858e-05
1894.0	7.0	1.0	0.0	7.285714285714286e-05
1901.0	7.0	1.0	0.0	2.714285714285714e-05
1908.0	7.0	1.0	0.0	0.0
1915.0	7.0	1.0	0.0	0.0003128571428571429
1922.0	7.0	1.0	0.0	4.5714285714285716e-05
1929.0	7.0	1.0	0.0	0.0009271428571428572
1936.0	7.0	1.0	0.0	0.00020714285714285713
1943.0	7.0	1.0	0.0	0.0016457142857142855
1950.0	7.0	1.0	0.0	0.0017599999999999996
1957.0	7.0	1.0	0.0	0.0004085714285714286
1964.0	7.0	1.0	0.0	1.7142857142857142e-05
1971.0	7.0	1.0	0.0	0.00022285714285714286
1978.0	7.0	1.0	0.0	9.428571428571429e-05
1985.0	7.0	1.0	0.0	2.7142857142857144e-05
1992.0	7.0	1.0	0.0	3.714285714285715e-05
1999.0	7.0	1.0	0.0	0.0003671428571428571
2006.0	7.0	1.0	0.0	2.7142857142857144e-05
2013.0	7.0	1.0	0.0	0.00075
2020.0	7.0	1.0	0.0	0.0029728571428571425
2027.0	7.0	1.0	0.0	0.0012585714285714286
2034.0	7.0	1.0	0.0	0.00023
2041.0	7.0	1.0	0.0	0.0
2048.0	7.0	1.0	0.0	0.0002914285714285714
2055.0	7.0	1.0	0.0	0.0012842857142857142
2062.0	7.0	1.0	0.0	0.0003642857142857143
2069.0	7.0	1.0	0.0	1.5714285714285715e-05
2076.0	7.0	1.0	0.0	0.0
2083.0	7.0	1.0	0.0	7.999999999999999e-05
2090.0	7.0	1.0	0.0	0.0
2097.0	7.0	1.0	0.0	1.5714285714285715e-05
2104.0	7.0	1.0	0.0	1.2857142857142856e-05
2111.0	7.0	1.0	0.0	5.7142857142857145e-06
2118.0	7.0	1.0	0.0	2.8571428571428573e-06
2125.0	7.0	1.0	0.0	0.0
2132.0	7.0	1.0	0.0	0.0
2139.0	7.0	1.0	0.0	0.0
2146.0	7.0	1.0	0.0	0.0
2153.0	7.0	1.0	0.0	0.0
2160.0	7.0	1.0	0.0	0.0
2167.0	7.0	1.0	0.0	8.571428571428571e-06
2174.0	7.0	1.0	0.0	3.857142857142857e-05
2181.0	7.0	1.0	0.0	0.0
2188.0	7.0	1.0	0.0	0.0
5483.0	7.0	1.0	0.0	7.428571428571427e-05
5490.0	7.0	1.0	0.0	2.142857142857143e-05
5497.0	7.0	1.0	0.0	7.714285714285714e-05
5504.0	7.0	1.0	0.0	3.714285714285715e-05
5511.0	7.0	1.0	0.0	4.428571428571428e-05
5518.0	7.0	1.0	0.0	1.2857142857142856e-05
5525.0	7.0	1.0	0.0	0.0
5532.0	7.0	1.0	0.0	1.4285714285714286e-06
5539.0	7.0	1.0	0.0	0.0
5546.0	7.0	1.0	0.0	1.4285714285714287e-05
5553.0	7.0	1.0	0.0	0.0
5560.0	7.0	1.0	0.0	0.0
5567.0	7.0	1.0	0.0	1.4285714285714287e-05
5574.0	7.0	1.0	0.0	0.00012714285714285716
5581.0	7.0	1.0	0.0	4e-05
5588.0	7.0	1.0	0.0	1.8571428571428575e-05
5595.0	7.0	1.0	0.0	0.00016571428571428572
5602.0	7.0	1.0	0.0	0.0002442857142857143
5609.0	7.0	1.0	0.0	5.8571428571428575e-05
5616.0	7.0	1.0	0.0	0.00015428571428571428
5623.0	7.0	1.0	0.0	0.0002528571428571429
5630.0	7.0	1.0	0.0	0.0006828571428571428
5637.0	7.0	1.0	0.0	0.0017214285714285717
5644.0	7.0	1.0	0.0	0.0025614285714285717
5651.0	7.0	1.0	0.0	0.002152857142857143
5658.0	7.0	1.0	0.0	0.002361428571428571
5665.0	7.0	1.0	0.0	0.0009957142857142858
5672.0	7.0	1.0	0.0	4.571428571428571e-05
5679.0	7.0	1.0	0.0	0.00053
5686.0	7.0	1.0	0.0	0.0006857142857142858
5693.0	7.0	1.0	0.0	0.0015914285714285715
5700.0	7.0	1.0	0.0	0.0005457142857142858
5707.0	7.0	1.0	0.0	0.00045428571428571425
5714.0	7.0	1.0	0.0	0.0026614285714285715
5721.0	7.0	1.0	0.0	0.002757142857142857
5728.0	7.0	1.0	0.0	0.0007114285714285714
5735.0	7.0	1.0	0.0	0.0018871428571428568
5742.0	7.0	1.0	0.0	0.0018614285714285714
5749.0	7.0	1.0	0.0	0.0003257142857142858
5756.0	7.0	1.0	0.0	0.00021714285714285715
5763.0	7.0	1.0	0.0	0.00020285714285714286
5770.0	7.0	1.0	0.0	0.00010999999999999999
5777.0	7.0	1.0	0.0	4.428571428571428e-05
5784.0	7.0	1.0	0.0	4.714285714285714e-05
5791.0	7.0	1.0	0.0	6.428571428571429e-05
5798.0	7.0	1.0	0.0	0.00020714285714285713
5805.0	7.0	1.0	0.0	0.00020285714285714286
5812.0	7.0	1.0	0.0	0.00025428571428571427
5819.0	7.0	1.0	0.0	2.7142857142857144e-05
5826.0	7.0	1.0	0.0	1.4285714285714286e-06
5833.0	7.0	1.0	0.0	8.571428571428571e-06
5840.0	7.0	1.0	0.0	3.857142857142857e-05
6212.0	7.0	1.0	0.0	3.285714285714286e-05
6219.0	7.0	1.0	0.0	2.8571428571428573e-06
6226.0	7.0	1.0	0.0	6.571428571428571e-05
6233.0	7.0	1.0	0.0	2.2857142857142858e-05
6240.0	7.0	1.0	0.0	3.285714285714286e-05
6247.0	7.0	1.0	0.0	6.714285714285715e-05
6254.0	7.0	1.0	0.0	1.2857142857142857e-05
6261.0	7.0	1.0	0.0	5.428571428571429e-05
6268.0	7.0	1.0	0.0	3.285714285714286e-05
6275.0	7.0	1.0	0.0	0.00047571428571428564
6282.0	7.0	1.0	0.0	0.00047285714285714287
6289.0	7.0	1.0	0.0	0.0002585714285714286
6296.0	7.0	1.0	0.0	8.857142857142857e-05
6303.0	7.0	1.0	0.0	0.0002042857142857143
6310.0	7.0	1.0	0.0	0.0016385714285714285
6317.0	7.0	1.0	0.0	0.002875714285714286
6324.0	7.0	1.0	0.0	0.00142
6331.0	7.0	1.0	0.0	0.0007614285714285714
6338.0	7.0	1.0	0.0	0.0011242857142857142
6345.0	7.0	1.0	0.0	0.002451428571428572
6352.0	7.0	1.0	0.0	0.0020414285714285716
6359.0	7.0	1.0	0.0	0.002242857142857143
6366.0	7.0	1.0	0.0	0.004307142857142857
6373.0	7.0	1.0	0.0	0.002937142857142857
6380.0	7.0	1.0	0.0	0.0024971428571428575
6387.0	7.0	1.0	0.0	0.00518
6394.0	7.0	1.0	0.0	0.0062842857142857145
6401.0	7.0	1.0	0.0	0.005611428571428572
6408.0	7.0	1.0	0.0	0.002012857142857143
6415.0	7.0	1.0	0.0	0.00016571428571428572
6422.0	7.0	1.0	0.0	0.00017285714285714287
6429.0	7.0	1.0	0.0	7.1428571428571436e-06
6436.0	7.0	1.0	0.0	0.0019142857142857145
6443.0	7.0	1.0	0.0	0.002151428571428571
6450.0	7.0	1.0	0.0	0.0012142857142857144
6457.0	7.0	1.0	0.0	6.142857142857143e-05
6464.0	7.0	1.0	0.0	0.00014142857142857143
6471.0	7.0	1.0	0.0	3.285714285714286e-05
6478.0	7.0	1.0	0.0	8.857142857142857e-05
6485.0	7.0	1.0	0.0	8.428571428571427e-05
6492.0	7.0	1.0	0.0	0.0
6499.0	7.0	1.0	0.0	1.2857142857142857e-05
6506.0	7.0	1.0	0.0	0.0002942857142857143
6513.0	7.0	1.0	0.0	0.00011285714285714287
6520.0	7.0	1.0	0.0	0.0
6527.0	7.0	1.0	0.0	0.0
6534.0	7.0	1.0	0.0	0.0
6541.0	7.0	1.0	0.0	9e-05
6548.0	7.0	1.0	0.0	7.857142857142858e-05
6555.0	7.0	1.0	0.0	1.7142857142857142e-05
6562.0	7.0	1.0	0.0	1.5714285714285715e-05
6569.0	7.0	1.0	0.0	2.1428571428571428e-05
13881.0	7.0	1.0	0.0	4.2857142857142856e-05
13888.0	7.0	1.0	0.0	2.4285714285714288e-05
13895.0	7.0	1.0	0.0	2.8571428571428573e-06
13902.0	7.0	1.0	0.0	1.1428571428571427e-05
13909.0	7.0	1.0	0.0	7e-05
13916.0	7.0	1.0	0.0	0.00012
13923.0	7.0	1.0	0.0	3.857142857142857e-05
13930.0	7.0	1.0	0.0	2.8571428571428573e-06
13937.0	7.0	1.0	0.0	9.857142857142858e-05
13944.0	7.0	1.0	0.0	0.00011714285714285715
13951.0	7.0	1.0	0.0	6.714285714285715e-05
13958.0	7.0	1.0	0.0	0.00012142857142857142
13965.0	7.0	1.0	0.0	0.0004057142857142857
13972.0	7.0	1.0	0.0	0.0003457142857142857
13979.0	7.0	1.0	0.0	0.0007971428571428572
13986.0	7.0	1.0	0.0	0.0013628571428571429
13993.0	7.0	1.0	0.0	0.0020428571428571427
14000.0	7.0	1.0	0.0	0.002845714285714286
14007.0	7.0	1.0	0.0	0.003551428571428572
14014.0	7.0	1.0	0.0	0.0031585714285714286
14021.0	7.0	1.0	0.0	0.001057142857142857
14028.0	7.0	1.0	0.0	5.4285714285714295e-05
14035.0	7.0	1.0	0.0	2.1428571428571428e-05
14042.0	7.0	1.0	0.0	0.00019714285714285713
14049.0	7.0	1.0	0.0	0.0018685714285714284
14056.0	7.0	1.0	0.0	0.004588571428571428
14063.0	7.0	1.0	0.0	0.0028357142857142856
14070.0	7.0	1.0	0.0	0.0027085714285714287
14077.0	7.0	1.0	0.0	0.00115
14084.0	7.0	1.0	0.0	6.285714285714286e-05
14091.0	7.0	1.0	0.0	0.0004214285714285714
14098.0	7.0	1.0	0.0	0.0009714285714285715
14105.0	7.0	1.0	0.0	0.0001
14112.0	7.0	1.0	0.0	9.857142857142856e-05
14119.0	7.0	1.0	0.0	8.857142857142857e-05
14126.0	7.0	1.0	0.0	0.00016714285714285716
14133.0	7.0	1.0	0.0	0.0001142857142857143
14140.0	7.0	1.0	0.0	1.857142857142857e-05
14147.0	7.0	1.0	0.0	0.0002871428571428572
14154.0	7.0	1.0	0.0	1.4285714285714286e-06
14161.0	7.0	1.0	0.0	0.0003242857142857143
14168.0	7.0	1.0	0.0	1.4285714285714287e-05
14175.0	7.0	1.0	0.0	0.00019285714285714286
14182.0	7.0	1.0	0.0	0.0
14189.0	7.0	1.0	0.0	0.00022285714285714283
14196.0	7.0	1.0	0.0	1.4285714285714286e-06
14203.0	7.0	1.0	0.0	1.4285714285714286e-06
14210.0	7.0	1.0	0.0	3e-05
14217.0	7.0	1.0	0.0	0.0
14224.0	7.0	1.0	0.0	4.285714285714286e-06
14231.0	7.0	1.0	0.0	8.571428571428573e-06
14238.0	7.0	1.0	0.0	1.1428571428571429e-05
14245.0	7.0	1.0	0.0	4.285714285714286e-05
2564.0	7.0	1.0	0.0	0.0
2571.0	7.0	1.0	0.0	3.142857142857143e-05
2578.0	7.0	1.0	0.0	0.00011
2585.0	7.0	1.0	0.0	2.7142857142857144e-05
2592.0	7.0	1.0	0.0	7.1428571428571436e-06
2599.0	7.0	1.0	0.0	0.0
2606.0	7.0	1.0	0.0	1.7142857142857142e-05
2613.0	7.0	1.0	0.0	5.142857142857143e-05
2620.0	7.0	1.0	0.0	7e-05
2627.0	7.0	1.0	0.0	1.4285714285714286e-06
2634.0	7.0	1.0	0.0	9.142857142857143e-05
2641.0	7.0	1.0	0.0	6.000000000000001e-05
2648.0	7.0	1.0	0.0	0.00037142857142857143
2655.0	7.0	1.0	0.0	0.00036142857142857146
2662.0	7.0	1.0	0.0	0.0008428571428571429
2669.0	7.0	1.0	0.0	0.0014814285714285715
2676.0	7.0	1.0	0.0	0.0009614285714285714
2683.0	7.0	1.0	0.0	0.0017757142857142856
2690.0	7.0	1.0	0.0	0.0016928571428571429
2697.0	7.0	1.0	0.0	0.0013257142857142858
2704.0	7.0	1.0	0.0	0.003367142857142857
2711.0	7.0	1.0	0.0	0.0018085714285714285
2718.0	7.0	1.0	0.0	0.0015914285714285713
2725.0	7.0	1.0	0.0	0.0011714285714285713
2732.0	7.0	1.0	0.0	0.003627142857142857
2739.0	7.0	1.0	0.0	0.005227142857142856
2746.0	7.0	1.0	0.0	0.0037957142857142855
2753.0	7.0	1.0	0.0	0.0044485714285714285
2760.0	7.0	1.0	0.0	0.005431428571428571
2767.0	7.0	1.0	0.0	0.00233
2774.0	7.0	1.0	0.0	0.0004385714285714285
2781.0	7.0	1.0	0.0	0.0018328571428571428
2788.0	7.0	1.0	0.0	0.004102857142857143
2795.0	7.0	1.0	0.0	0.0030614285714285717
2802.0	7.0	1.0	0.0	0.0018014285714285714
2809.0	7.0	1.0	0.0	0.00035
2816.0	7.0	1.0	0.0	0.00035285714285714293
2823.0	7.0	1.0	0.0	0.0002357142857142857
2830.0	7.0	1.0	0.0	0.0007585714285714287
2837.0	7.0	1.0	0.0	0.0004828571428571429
2844.0	7.0	1.0	0.0	9.571428571428571e-05
2851.0	7.0	1.0	0.0	0.0
2858.0	7.0	1.0	0.0	0.00018142857142857145
2865.0	7.0	1.0	0.0	5.857142857142856e-05
2872.0	7.0	1.0	0.0	9.000000000000002e-05
2879.0	7.0	1.0	0.0	0.00019857142857142857
2886.0	7.0	1.0	0.0	6e-05
2893.0	7.0	1.0	0.0	0.00025142857142857145
2900.0	7.0	1.0	0.0	2.8571428571428573e-06
2907.0	7.0	1.0	0.0	0.0
2914.0	7.0	1.0	0.0	0.00015142857142857143
2921.0	7.0	1.0	0.0	0.00017428571428571428
12790.0	7.0	1.0	0.0	7.1428571428571436e-06
12797.0	7.0	1.0	0.0	1.4285714285714286e-06
12804.0	7.0	1.0	0.0	0.00014571428571428572
12811.0	7.0	1.0	0.0	0.0
12818.0	7.0	1.0	0.0	1e-05
12825.0	7.0	1.0	0.0	4.2857142857142855e-06
12832.0	7.0	1.0	0.0	1.4285714285714286e-06
12839.0	7.0	1.0	0.0	1.8571428571428575e-05
12846.0	7.0	1.0	0.0	1.857142857142857e-05
12853.0	7.0	1.0	0.0	0.00020285714285714286
12860.0	7.0	1.0	0.0	0.00045571428571428575
12867.0	7.0	1.0	0.0	0.00033142857142857144
12874.0	7.0	1.0	0.0	0.00037714285714285714
12881.0	7.0	1.0	0.0	0.0003985714285714286
12888.0	7.0	1.0	0.0	6.571428571428571e-05
12895.0	7.0	1.0	0.0	0.00026285714285714286
12902.0	7.0	1.0	0.0	0.000987142857142857
12909.0	7.0	1.0	0.0	0.004022857142857143
12916.0	7.0	1.0	0.0	0.002142857142857143
12923.0	7.0	1.0	0.0	0.0007571428571428572
12930.0	7.0	1.0	0.0	0.0007671428571428571
12937.0	7.0	1.0	0.0	0.00305
12944.0	7.0	1.0	0.0	0.001712857142857143
12951.0	7.0	1.0	0.0	0.0019457142857142856
12958.0	7.0	1.0	0.0	0.0009071428571428572
12965.0	7.0	1.0	0.0	8.714285714285714e-05
12972.0	7.0	1.0	0.0	1.4285714285714287e-05
12979.0	7.0	1.0	0.0	0.0005857142857142857
12986.0	7.0	1.0	0.0	0.00242
12993.0	7.0	1.0	0.0	0.0020628571428571428
13000.0	7.0	1.0	0.0	0.003098571428571429
13007.0	7.0	1.0	0.0	0.0011385714285714287
13014.0	7.0	1.0	0.0	0.00043714285714285714
13021.0	7.0	1.0	0.0	0.0010228571428571428
13028.0	7.0	1.0	0.0	0.0002
13035.0	7.0	1.0	0.0	0.00024857142857142857
13042.0	7.0	1.0	0.0	0.00015857142857142857
13049.0	7.0	1.0	0.0	0.00010285714285714286
13056.0	7.0	1.0	0.0	0.00011285714285714286
13063.0	7.0	1.0	0.0	0.0001
13070.0	7.0	1.0	0.0	5.5714285714285715e-05
13077.0	7.0	1.0	0.0	0.0001
13084.0	7.0	1.0	0.0	1.4285714285714286e-06
13091.0	7.0	1.0	0.0	0.0
13098.0	7.0	1.0	0.0	1.4285714285714287e-05
13105.0	7.0	1.0	0.0	0.0
13112.0	7.0	1.0	0.0	7.1428571428571436e-06
13119.0	7.0	1.0	0.0	4.285714285714286e-06
13126.0	7.0	1.0	0.0	0.0
13133.0	7.0	1.0	0.0	4.2857142857142855e-06
13140.0	7.0	1.0	0.0	5.7142857142857145e-06
13147.0	7.0	1.0	0.0	6e-05
4023.0	7.0	1.0	0.0	0.00022142857142857142
4030.0	7.0	1.0	0.0	0.0
4037.0	7.0	1.0	0.0	3.4285714285714284e-05
4044.0	7.0	1.0	0.0	7.1428571428571436e-06
4051.0	7.0	1.0	0.0	0.0
4058.0	7.0	1.0	0.0	5.2857142857142855e-05
4065.0	7.0	1.0	0.0	0.0005128571428571428
4072.0	7.0	1.0	0.0	0.000612857142857143
4079.0	7.0	1.0	0.0	0.00018
4086.0	7.0	1.0	0.0	0.0008042857142857143
4093.0	7.0	1.0	0.0	0.0035457142857142853
4100.0	7.0	1.0	0.0	0.004681428571428572
4107.0	7.0	1.0	0.0	0.003344285714285714
4114.0	7.0	1.0	0.0	0.0007242857142857143
4121.0	7.0	1.0	0.0	0.00038428571428571423
4128.0	7.0	1.0	0.0	0.0005499999999999999
4135.0	7.0	1.0	0.0	0.0016257142857142859
4142.0	7.0	1.0	0.0	0.0028271428571428575
4149.0	7.0	1.0	0.0	0.004385714285714285
4156.0	7.0	1.0	0.0	0.0054571428571428575
4163.0	7.0	1.0	0.0	0.003397142857142857
4170.0	7.0	1.0	0.0	0.0033199999999999996
4177.0	7.0	1.0	0.0	0.003915714285714285
4184.0	7.0	1.0	0.0	0.002315714285714286
4191.0	7.0	1.0	0.0	0.0017342857142857142
4198.0	7.0	1.0	0.0	0.00081
4205.0	7.0	1.0	0.0	9.285714285714287e-05
4212.0	7.0	1.0	0.0	0.0005142857142857143
4219.0	7.0	1.0	0.0	0.0005328571428571429
4226.0	7.0	1.0	0.0	0.0008985714285714286
4233.0	7.0	1.0	0.0	0.0012528571428571428
4240.0	7.0	1.0	0.0	0.00216
4247.0	7.0	1.0	0.0	0.0022614285714285714
4254.0	7.0	1.0	0.0	0.00041857142857142863
4261.0	7.0	1.0	0.0	0.00011142857142857144
4268.0	7.0	1.0	0.0	5e-05
4275.0	7.0	1.0	0.0	0.0
4282.0	7.0	1.0	0.0	0.0
4289.0	7.0	1.0	0.0	7.571428571428573e-05
4296.0	7.0	1.0	0.0	0.00012857142857142858
4303.0	7.0	1.0	0.0	9.999999999999999e-06
4310.0	7.0	1.0	0.0	0.00010714285714285715
4317.0	7.0	1.0	0.0	0.00011142857142857144
4324.0	7.0	1.0	0.0	1.7142857142857142e-05
4331.0	7.0	1.0	0.0	0.00022714285714285715
4338.0	7.0	1.0	0.0	0.0002057142857142857
4345.0	7.0	1.0	0.0	0.00015
4352.0	7.0	1.0	0.0	0.0
4359.0	7.0	1.0	0.0	0.00029285714285714283
4366.0	7.0	1.0	0.0	0.00014142857142857143
4373.0	7.0	1.0	0.0	7.714285714285714e-05
4380.0	7.0	1.0	0.0	0.00018142857142857145
10961.0	7.0	1.0	0.0	1.4285714285714286e-06
10968.0	7.0	1.0	0.0	1.4285714285714287e-05
10975.0	7.0	1.0	0.0	1.4285714285714287e-05
10982.0	7.0	1.0	0.0	2.142857142857143e-05
10989.0	7.0	1.0	0.0	4.428571428571428e-05
10996.0	7.0	1.0	0.0	0.0
11003.0	7.0	1.0	0.0	8.285714285714286e-05
11010.0	7.0	1.0	0.0	0.0001485714285714286
11017.0	7.0	1.0	0.0	0.00013714285714285713
11024.0	7.0	1.0	0.0	0.00066
11031.0	7.0	1.0	0.0	0.0005128571428571428
11038.0	7.0	1.0	0.0	0.0010271428571428571
11045.0	7.0	1.0	0.0	0.0026057142857142854
11052.0	7.0	1.0	0.0	0.007967142857142857
11059.0	7.0	1.0	0.0	0.011324285714285714
11066.0	7.0	1.0	0.0	0.0099
11073.0	7.0	1.0	0.0	0.006697142857142857
11080.0	7.0	1.0	0.0	0.002784285714285714
11087.0	7.0	1.0	0.0	0.0023028571428571425
11094.0	7.0	1.0	0.0	0.0036271428571428574
11101.0	7.0	1.0	0.0	0.001912857142857143
11108.0	7.0	1.0	0.0	0.00231
11115.0	7.0	1.0	0.0	0.004987142857142857
11122.0	7.0	1.0	0.0	0.003514285714285714
11129.0	7.0	1.0	0.0	0.00332
11136.0	7.0	1.0	0.0	0.004657142857142857
11143.0	7.0	1.0	0.0	0.00357
11150.0	7.0	1.0	0.0	0.0035057142857142856
11157.0	7.0	1.0	0.0	0.0005485714285714285
11164.0	7.0	1.0	0.0	0.00015571428571428572
11171.0	7.0	1.0	0.0	0.00011714285714285714
11178.0	7.0	1.0	0.0	0.0008557142857142857
11185.0	7.0	1.0	0.0	0.004241428571428571
11192.0	7.0	1.0	0.0	0.005937142857142857
11199.0	7.0	1.0	0.0	0.003108571428571429
11206.0	7.0	1.0	0.0	0.002881428571428572
11213.0	7.0	1.0	0.0	0.0006414285714285713
11220.0	7.0	1.0	0.0	0.0003328571428571429
11227.0	7.0	1.0	0.0	0.0017228571428571427
11234.0	7.0	1.0	0.0	0.0008328571428571429
11241.0	7.0	1.0	0.0	8.714285714285714e-05
11248.0	7.0	1.0	0.0	3.4285714285714284e-05
11255.0	7.0	1.0	0.0	0.0
11262.0	7.0	1.0	0.0	1e-05
11269.0	7.0	1.0	0.0	4.2857142857142855e-06
11276.0	7.0	1.0	0.0	2e-05
11283.0	7.0	1.0	0.0	0.0
11290.0	7.0	1.0	0.0	7.1428571428571436e-06
11297.0	7.0	1.0	0.0	4.285714285714286e-06
11304.0	7.0	1.0	0.0	0.0001042857142857143
11311.0	7.0	1.0	0.0	0.0
11318.0	7.0	1.0	0.0	2.1428571428571428e-05
4750.0	7.0	1.0	0.0	0.0
4757.0	7.0	1.0	0.0	0.0
4764.0	7.0	1.0	0.0	3.285714285714286e-05
4771.0	7.0	1.0	0.0	0.0
4778.0	7.0	1.0	0.0	2.8571428571428573e-06
4785.0	7.0	1.0	0.0	5.4285714285714295e-05
4792.0	7.0	1.0	0.0	0.00019000000000000004
4799.0	7.0	1.0	0.0	7e-05
4806.0	7.0	1.0	0.0	0.0
4813.0	7.0	1.0	0.0	1.7142857142857142e-05
4820.0	7.0	1.0	0.0	0.00023714285714285715
4827.0	7.0	1.0	0.0	2.8571428571428573e-06
4834.0	7.0	1.0	0.0	3.571428571428572e-05
4841.0	7.0	1.0	0.0	0.0
4848.0	7.0	1.0	0.0	0.0
4855.0	7.0	1.0	0.0	2.8571428571428573e-06
4862.0	7.0	1.0	0.0	0.0003985714285714286
4869.0	7.0	1.0	0.0	0.0
4876.0	7.0	1.0	0.0	0.00023
4883.0	7.0	1.0	0.0	0.0002142857142857143
4890.0	7.0	1.0	0.0	0.00027714285714285715
4897.0	7.0	1.0	0.0	0.00018
4904.0	7.0	1.0	0.0	0.0006442857142857143
4911.0	7.0	1.0	0.0	0.0034785714285714285
4918.0	7.0	1.0	0.0	0.004511428571428571
4925.0	7.0	1.0	0.0	0.004737142857142857
4932.0	7.0	1.0	0.0	0.0051199999999999996
4939.0	7.0	1.0	0.0	0.0021571428571428575
4946.0	7.0	1.0	0.0	0.0003214285714285714
4953.0	7.0	1.0	0.0	0.0012057142857142857
4960.0	7.0	1.0	0.0	0.0002842857142857143
4967.0	7.0	1.0	0.0	0.00012714285714285714
4974.0	7.0	1.0	0.0	0.0
4981.0	7.0	1.0	0.0	0.00034
4988.0	7.0	1.0	0.0	0.0016057142857142856
4995.0	7.0	1.0	0.0	0.0010085714285714286
5002.0	7.0	1.0	0.0	1.1428571428571429e-05
5009.0	7.0	1.0	0.0	0.0
5016.0	7.0	1.0	0.0	0.0
5023.0	7.0	1.0	0.0	0.00012857142857142858
5030.0	7.0	1.0	0.0	8e-05
5037.0	7.0	1.0	0.0	0.00018857142857142857
5044.0	7.0	1.0	0.0	0.00026999999999999995
5051.0	7.0	1.0	0.0	6.428571428571429e-05
5058.0	7.0	1.0	0.0	0.0
5065.0	7.0	1.0	0.0	0.0
5072.0	7.0	1.0	0.0	7.1428571428571436e-06
5079.0	7.0	1.0	0.0	0.0
5086.0	7.0	1.0	0.0	0.0
5093.0	7.0	1.0	0.0	3.571428571428572e-05
5100.0	7.0	1.0	0.0	1.4285714285714286e-06
5107.0	7.0	1.0	0.0	2.8571428571428573e-06
1097.0	7.0	1.0	0.0	0.00016571428571428572
1104.0	7.0	1.0	0.0	1.4285714285714286e-06
1111.0	7.0	1.0	0.0	2.8571428571428574e-05
1118.0	7.0	1.0	0.0	4.428571428571428e-05
1125.0	7.0	1.0	0.0	1.4285714285714286e-06
1132.0	7.0	1.0	0.0	1.7142857142857142e-05
1139.0	7.0	1.0	0.0	3.4285714285714284e-05
1146.0	7.0	1.0	0.0	0.0005071428571428572
1153.0	7.0	1.0	0.0	0.0003328571428571429
1160.0	7.0	1.0	0.0	5.000000000000001e-05
1167.0	7.0	1.0	0.0	0.0003742857142857142
1174.0	7.0	1.0	0.0	9.571428571428571e-05
1181.0	7.0	1.0	0.0	0.0
1188.0	7.0	1.0	0.0	0.00022428571428571433
1195.0	7.0	1.0	0.0	0.00011428571428571427
1202.0	7.0	1.0	0.0	8.857142857142857e-05
1209.0	7.0	1.0	0.0	0.0006785714285714286
1216.0	7.0	1.0	0.0	0.0011
1223.0	7.0	1.0	0.0	0.0029228571428571433
1230.0	7.0	1.0	0.0	0.0022371428571428572
1237.0	7.0	1.0	0.0	0.0027942857142857144
1244.0	7.0	1.0	0.0	0.0015828571428571428
1251.0	7.0	1.0	0.0	0.0013028571428571427
1258.0	7.0	1.0	0.0	0.0033299999999999996
1265.0	7.0	1.0	0.0	0.0015642857142857142
1272.0	7.0	1.0	0.0	0.0007328571428571427
1279.0	7.0	1.0	0.0	0.0013442857142857143
1286.0	7.0	1.0	0.0	0.0037928571428571434
1293.0	7.0	1.0	0.0	0.0027414285714285713
1300.0	7.0	1.0	0.0	0.0005214285714285714
1307.0	7.0	1.0	0.0	0.002047142857142857
1314.0	7.0	1.0	0.0	0.0011599999999999998
1321.0	7.0	1.0	0.0	0.003978571428571429
1328.0	7.0	1.0	0.0	0.001735714285714286
1335.0	7.0	1.0	0.0	8.714285714285714e-05
1342.0	7.0	1.0	0.0	2.2857142857142855e-05
1349.0	7.0	1.0	0.0	9.999999999999999e-06
1356.0	7.0	1.0	0.0	0.0
1363.0	7.0	1.0	0.0	5.714285714285715e-05
1370.0	7.0	1.0	0.0	3.4285714285714284e-05
1377.0	7.0	1.0	0.0	2.8571428571428574e-05
1384.0	7.0	1.0	0.0	2.8571428571428573e-06
1391.0	7.0	1.0	0.0	6.285714285714286e-05
1398.0	7.0	1.0	0.0	9.999999999999999e-06
1405.0	7.0	1.0	0.0	1.7142857142857142e-05
1412.0	7.0	1.0	0.0	1.4285714285714286e-06
1419.0	7.0	1.0	0.0	9.142857142857142e-05
1426.0	7.0	1.0	0.0	0.00010857142857142858
1433.0	7.0	1.0	0.0	0.0
1440.0	7.0	1.0	0.0	6.571428571428571e-05
1447.0	7.0	1.0	0.0	8.571428571428571e-06
1454.0	7.0	1.0	0.0	0.0
1461.0	7.0	1.0	0.0	0.00014285714285714287
9138.0	7.0	1.0	0.0	4.2857142857142855e-06
9145.0	7.0	1.0	0.0	0.0
9152.0	7.0	1.0	0.0	1e-05
9159.0	7.0	1.0	0.0	4.285714285714286e-05
9166.0	7.0	1.0	0.0	0.00015571428571428572
9173.0	7.0	1.0	0.0	0.00031857142857142853
9180.0	7.0	1.0	0.0	4.285714285714286e-06
9187.0	7.0	1.0	0.0	0.0001742857142857143
9194.0	7.0	1.0	0.0	0.00015142857142857143
9201.0	7.0	1.0	0.0	0.0
9208.0	7.0	1.0	0.0	7.1428571428571436e-06
9215.0	7.0	1.0	0.0	8.428571428571429e-05
9222.0	7.0	1.0	0.0	0.0
9229.0	7.0	1.0	0.0	0.00013285714285714284
9236.0	7.0	1.0	0.0	0.00016714285714285716
9243.0	7.0	1.0	0.0	0.0002328571428571429
9250.0	7.0	1.0	0.0	0.00040714285714285717
9257.0	7.0	1.0	0.0	1.4285714285714286e-06
9264.0	7.0	1.0	0.0	0.00011857142857142858
9271.0	7.0	1.0	0.0	0.0007842857142857141
9278.0	7.0	1.0	0.0	0.0017514285714285715
9285.0	7.0	1.0	0.0	0.0014957142857142858
9292.0	7.0	1.0	0.0	0.0015342857142857142
9299.0	7.0	1.0	0.0	0.0002942857142857143
9306.0	7.0	1.0	0.0	0.00043571428571428575
9313.0	7.0	1.0	0.0	2.5714285714285714e-05
9320.0	7.0	1.0	0.0	0.0020742857142857147
9327.0	7.0	1.0	0.0	0.00213
9334.0	7.0	1.0	0.0	0.002415714285714286
9341.0	7.0	1.0	0.0	0.0017057142857142857
9348.0	7.0	1.0	0.0	0.00015571428571428572
9355.0	7.0	1.0	0.0	6.428571428571429e-05
9362.0	7.0	1.0	0.0	0.00039714285714285714
9369.0	7.0	1.0	0.0	0.00017285714285714287
9376.0	7.0	1.0	0.0	0.0
9383.0	7.0	1.0	0.0	4e-05
9390.0	7.0	1.0	0.0	0.00027142857142857144
9397.0	7.0	1.0	0.0	0.0001
9404.0	7.0	1.0	0.0	0.0003257142857142857
9411.0	7.0	1.0	0.0	8.857142857142857e-05
9418.0	7.0	1.0	0.0	0.00013571428571428572
9425.0	7.0	1.0	0.0	0.0002785714285714286
9432.0	7.0	1.0	0.0	0.0
9439.0	7.0	1.0	0.0	8.285714285714286e-05
9446.0	7.0	1.0	0.0	0.0
9453.0	7.0	1.0	0.0	3.285714285714286e-05
9460.0	7.0	1.0	0.0	2.8571428571428573e-06
9467.0	7.0	1.0	0.0	4e-05
9474.0	7.0	1.0	0.0	5.7142857142857145e-06
9481.0	7.0	1.0	0.0	0.0
9488.0	7.0	1.0	0.0	0.0
9495.0	7.0	1.0	0.0	0.0
5119.0	7.0	1.0	0.0	0.0
5126.0	7.0	1.0	0.0	0.0
5133.0	7.0	1.0	0.0	0.0
5140.0	7.0	1.0	0.0	0.0
5147.0	7.0	1.0	0.0	1.7142857142857142e-05
5154.0	7.0	1.0	0.0	1.8571428571428575e-05
5161.0	7.0	1.0	0.0	0.00012285714285714284
5168.0	7.0	1.0	0.0	0.00022142857142857142
5175.0	7.0	1.0	0.0	0.00025428571428571427
5182.0	7.0	1.0	0.0	2.714285714285714e-05
5189.0	7.0	1.0	0.0	6.285714285714286e-05
5196.0	7.0	1.0	0.0	0.00029
5203.0	7.0	1.0	0.0	0.00017571428571428572
5210.0	7.0	1.0	0.0	0.00016142857142857143
5217.0	7.0	1.0	0.0	0.00066
5224.0	7.0	1.0	0.0	0.00211
5231.0	7.0	1.0	0.0	0.0019942857142857145
5238.0	7.0	1.0	0.0	0.0016657142857142856
5245.0	7.0	1.0	0.0	0.0012357142857142857
5252.0	7.0	1.0	0.0	0.0039042857142857143
5259.0	7.0	1.0	0.0	0.003672857142857142
5266.0	7.0	1.0	0.0	0.00198
5273.0	7.0	1.0	0.0	0.0005985714285714286
5280.0	7.0	1.0	0.0	0.0009014285714285714
5287.0	7.0	1.0	0.0	0.0037442857142857148
5294.0	7.0	1.0	0.0	0.003334285714285714
5301.0	7.0	1.0	0.0	0.0019314285714285716
5308.0	7.0	1.0	0.0	0.0019885714285714285
5315.0	7.0	1.0	0.0	0.0007414285714285715
5322.0	7.0	1.0	0.0	0.0004571428571428571
5329.0	7.0	1.0	0.0	0.0014685714285714282
5336.0	7.0	1.0	0.0	0.0009471428571428571
5343.0	7.0	1.0	0.0	0.0014685714285714285
5350.0	7.0	1.0	0.0	0.0023942857142857142
5357.0	7.0	1.0	0.0	0.0011628571428571428
5364.0	7.0	1.0	0.0	0.0017842857142857144
5371.0	7.0	1.0	0.0	0.0005799999999999999
5378.0	7.0	1.0	0.0	4.2857142857142855e-06
5385.0	7.0	1.0	0.0	0.0002185714285714286
5392.0	7.0	1.0	0.0	1.9999999999999998e-05
5399.0	7.0	1.0	0.0	3.9999999999999996e-05
5406.0	7.0	1.0	0.0	0.00020857142857142857
5413.0	7.0	1.0	0.0	4.571428571428571e-05
5420.0	7.0	1.0	0.0	8.571428571428573e-05
5427.0	7.0	1.0	0.0	4.2857142857142855e-06
5434.0	7.0	1.0	0.0	5.2857142857142855e-05
5441.0	7.0	1.0	0.0	2.8571428571428573e-06
5448.0	7.0	1.0	0.0	0.0
5455.0	7.0	1.0	0.0	0.0
5462.0	7.0	1.0	0.0	5.428571428571429e-05
5469.0	7.0	1.0	0.0	5.7142857142857145e-06
5476.0	7.0	1.0	0.0	4.2857142857142855e-06
2561.0	7.0	1.0	0.0	1.4285714285714284e-05
2568.0	7.0	1.0	0.0	1.4285714285714286e-06
2575.0	7.0	1.0	0.0	9.142857142857143e-05
2582.0	7.0	1.0	0.0	5.8571428571428575e-05
2589.0	7.0	1.0	0.0	2.4285714285714288e-05
2596.0	7.0	1.0	0.0	0.0
2603.0	7.0	1.0	0.0	0.0
2610.0	7.0	1.0	0.0	2e-05
2617.0	7.0	1.0	0.0	9.571428571428571e-05
2624.0	7.0	1.0	0.0	2.4285714285714288e-05
2631.0	7.0	1.0	0.0	3.857142857142857e-05
2638.0	7.0	1.0	0.0	9.42857142857143e-05
2645.0	7.0	1.0	0.0	0.0002557142857142857
2652.0	7.0	1.0	0.0	0.0001742857142857143
2659.0	7.0	1.0	0.0	0.0008285714285714286
2666.0	7.0	1.0	0.0	0.0009557142857142856
2673.0	7.0	1.0	0.0	0.0015985714285714284
2680.0	7.0	1.0	0.0	0.001
2687.0	7.0	1.0	0.0	0.0021657142857142856
2694.0	7.0	1.0	0.0	0.0010928571428571426
2701.0	7.0	1.0	0.0	0.0027657142857142854
2708.0	7.0	1.0	0.0	0.00259
2715.0	7.0	1.0	0.0	0.0016142857142857144
2722.0	7.0	1.0	0.0	0.0011414285714285714
2729.0	7.0	1.0	0.0	0.00225
2736.0	7.0	1.0	0.0	0.004795714285714286
2743.0	7.0	1.0	0.0	0.005038571428571428
2750.0	7.0	1.0	0.0	0.0028957142857142858
2757.0	7.0	1.0	0.0	0.006324285714285714
2764.0	7.0	1.0	0.0	0.0034185714285714284
2771.0	7.0	1.0	0.0	0.0010785714285714285
2778.0	7.0	1.0	0.0	0.0008571428571428572
2785.0	7.0	1.0	0.0	0.0035214285714285716
2792.0	7.0	1.0	0.0	0.003427142857142857
2799.0	7.0	1.0	0.0	0.0027
2806.0	7.0	1.0	0.0	0.00068
2813.0	7.0	1.0	0.0	0.0003485714285714286
2820.0	7.0	1.0	0.0	6e-05
2827.0	7.0	1.0	0.0	0.00043571428571428575
2834.0	7.0	1.0	0.0	0.0009514285714285715
2841.0	7.0	1.0	0.0	0.00013571428571428572
2848.0	7.0	1.0	0.0	4.142857142857143e-05
2855.0	7.0	1.0	0.0	7.857142857142858e-05
2862.0	7.0	1.0	0.0	0.00016142857142857145
2869.0	7.0	1.0	0.0	1.4285714285714286e-06
2876.0	7.0	1.0	0.0	0.00016
2883.0	7.0	1.0	0.0	0.00013428571428571428
2890.0	7.0	1.0	0.0	0.0003042857142857143
2897.0	7.0	1.0	0.0	2.8571428571428573e-06
2904.0	7.0	1.0	0.0	0.0
2911.0	7.0	1.0	0.0	3.142857142857143e-05
2918.0	7.0	1.0	0.0	0.0003357142857142857
2925.0	7.0	1.0	0.0	0.00015
2932.0	7.0	1.0	0.0	0.0
2939.0	7.0	1.0	0.0	0.0
2946.0	7.0	1.0	0.0	0.0
2953.0	7.0	1.0	0.0	2.8571428571428574e-05
2960.0	7.0	1.0	0.0	3.285714285714286e-05
2967.0	7.0	1.0	0.0	0.0
2974.0	7.0	1.0	0.0	1.2857142857142857e-05
2981.0	7.0	1.0	0.0	7e-05
2988.0	7.0	1.0	0.0	1.2857142857142857e-05
2995.0	7.0	1.0	0.0	8.571428571428571e-06
3002.0	7.0	1.0	0.0	8.571428571428571e-06
3009.0	7.0	1.0	0.0	0.0
3016.0	7.0	1.0	0.0	1.7142857142857142e-05
3023.0	7.0	1.0	0.0	1e-05
3030.0	7.0	1.0	0.0	1.7142857142857142e-05
3037.0	7.0	1.0	0.0	7.714285714285714e-05
3044.0	7.0	1.0	0.0	0.00012142857142857144
3051.0	7.0	1.0	0.0	0.0003257142857142858
3058.0	7.0	1.0	0.0	3.571428571428572e-05
3065.0	7.0	1.0	0.0	0.0003628571428571429
3072.0	7.0	1.0	0.0	0.0004971428571428571
3079.0	7.0	1.0	0.0	0.0005071428571428572
3086.0	7.0	1.0	0.0	0.0006014285714285714
3093.0	7.0	1.0	0.0	0.0014785714285714287
3100.0	7.0	1.0	0.0	0.0014357142857142856
3107.0	7.0	1.0	0.0	0.0037257142857142858
3114.0	7.0	1.0	0.0	0.005888571428571429
3121.0	7.0	1.0	0.0	0.0032228571428571428
3128.0	7.0	1.0	0.0	0.0007057142857142858
3135.0	7.0	1.0	0.0	0.0011657142857142858
3142.0	7.0	1.0	0.0	0.0038685714285714287
3149.0	7.0	1.0	0.0	0.00298
3156.0	7.0	1.0	0.0	0.0016657142857142858
3163.0	7.0	1.0	0.0	0.001072857142857143
3170.0	7.0	1.0	0.0	0.0012585714285714286
3177.0	7.0	1.0	0.0	0.00047714285714285713
3184.0	7.0	1.0	0.0	0.0008842857142857142
3191.0	7.0	1.0	0.0	0.0012200000000000002
3198.0	7.0	1.0	0.0	0.0004585714285714286
3205.0	7.0	1.0	0.0	8.857142857142859e-05
3212.0	7.0	1.0	0.0	0.0009185714285714285
3219.0	7.0	1.0	0.0	0.0020728571428571428
3226.0	7.0	1.0	0.0	0.00118
3233.0	7.0	1.0	0.0	0.0001242857142857143
3240.0	7.0	1.0	0.0	0.0
3247.0	7.0	1.0	0.0	2e-05
3254.0	7.0	1.0	0.0	1.4285714285714286e-06
3261.0	7.0	1.0	0.0	0.0
3268.0	7.0	1.0	0.0	0.0
3275.0	7.0	1.0	0.0	2.8571428571428573e-06
3282.0	7.0	1.0	0.0	7.285714285714286e-05
12055.0	7.0	1.0	0.0	0.0
12062.0	7.0	1.0	0.0	0.0
12069.0	7.0	1.0	0.0	0.0
12076.0	7.0	1.0	0.0	0.0
12083.0	7.0	1.0	0.0	0.0
12090.0	7.0	1.0	0.0	8.571428571428571e-06
12097.0	7.0	1.0	0.0	0.0
12104.0	7.0	1.0	0.0	2.8571428571428573e-06
12111.0	7.0	1.0	0.0	4.142857142857143e-05
12118.0	7.0	1.0	0.0	7.714285714285714e-05
12125.0	7.0	1.0	0.0	1.1428571428571429e-05
12132.0	7.0	1.0	0.0	5.571428571428572e-05
12139.0	7.0	1.0	0.0	0.00014
12146.0	7.0	1.0	0.0	1.8571428571428575e-05
12153.0	7.0	1.0	0.0	0.00010714285714285715
12160.0	7.0	1.0	0.0	0.00017999999999999998
12167.0	7.0	1.0	0.0	0.00039
12174.0	7.0	1.0	0.0	0.00028285714285714286
12181.0	7.0	1.0	0.0	0.00019857142857142857
12188.0	7.0	1.0	0.0	9.428571428571429e-05
12195.0	7.0	1.0	0.0	0.00042285714285714284
12202.0	7.0	1.0	0.0	0.0015814285714285715
12209.0	7.0	1.0	0.0	0.0020457142857142857
12216.0	7.0	1.0	0.0	0.00503
12223.0	7.0	1.0	0.0	0.0038757142857142857
12230.0	7.0	1.0	0.0	0.0047657142857142855
12237.0	7.0	1.0	0.0	0.0018642857142857142
12244.0	7.0	1.0	0.0	0.00017571428571428575
12251.0	7.0	1.0	0.0	4e-05
12258.0	7.0	1.0	0.0	0.00013857142857142857
12265.0	7.0	1.0	0.0	0.00016857142857142857
12272.0	7.0	1.0	0.0	0.00034
12279.0	7.0	1.0	0.0	0.00032285714285714285
12286.0	7.0	1.0	0.0	0.0005871428571428571
12293.0	7.0	1.0	0.0	0.00012428571428571428
12300.0	7.0	1.0	0.0	7.285714285714286e-05
12307.0	7.0	1.0	0.0	0.0
12314.0	7.0	1.0	0.0	0.00017428571428571428
12321.0	7.0	1.0	0.0	0.0002457142857142857
12328.0	7.0	1.0	0.0	0.0004114285714285714
12335.0	7.0	1.0	0.0	4.285714285714286e-06
12342.0	7.0	1.0	0.0	0.0
12349.0	7.0	1.0	0.0	2.8571428571428574e-05
12356.0	7.0	1.0	0.0	5.857142857142857e-05
12363.0	7.0	1.0	0.0	1.8571428571428575e-05
12370.0	7.0	1.0	0.0	0.0
12377.0	7.0	1.0	0.0	1e-05
12384.0	7.0	1.0	0.0	2.8571428571428573e-06
12391.0	7.0	1.0	0.0	0.00012857142857142858
12398.0	7.0	1.0	0.0	9.428571428571429e-05
12405.0	7.0	1.0	0.0	7.571428571428571e-05
12412.0	7.0	1.0	0.0	0.0
731.0	7.0	1.0	0.0	0.00010857142857142858
738.0	7.0	1.0	0.0	1.5714285714285715e-05
745.0	7.0	1.0	0.0	1.4285714285714286e-06
752.0	7.0	1.0	0.0	0.0
759.0	7.0	1.0	0.0	5.7142857142857145e-06
766.0	7.0	1.0	0.0	6.142857142857143e-05
773.0	7.0	1.0	0.0	3.714285714285715e-05
780.0	7.0	1.0	0.0	1.2857142857142857e-05
787.0	7.0	1.0	0.0	0.0
794.0	7.0	1.0	0.0	4.2857142857142855e-06
801.0	7.0	1.0	0.0	7e-05
808.0	7.0	1.0	0.0	0.0
815.0	7.0	1.0	0.0	4.571428571428571e-05
822.0	7.0	1.0	0.0	1.8571428571428575e-05
829.0	7.0	1.0	0.0	0.00032142857142857147
836.0	7.0	1.0	0.0	0.0011385714285714285
843.0	7.0	1.0	0.0	2.4285714285714288e-05
850.0	7.0	1.0	0.0	0.00022714285714285718
857.0	7.0	1.0	0.0	0.0008900000000000002
864.0	7.0	1.0	0.0	0.0019414285714285716
871.0	7.0	1.0	0.0	0.0005
878.0	7.0	1.0	0.0	0.00021714285714285718
885.0	7.0	1.0	0.0	8.571428571428571e-06
892.0	7.0	1.0	0.0	7.857142857142858e-05
899.0	7.0	1.0	0.0	0.00043142857142857143
906.0	7.0	1.0	0.0	0.002662857142857143
913.0	7.0	1.0	0.0	0.0027057142857142857
920.0	7.0	1.0	0.0	0.001465714285714286
927.0	7.0	1.0	0.0	0.0021614285714285715
934.0	7.0	1.0	0.0	0.0019442857142857144
941.0	7.0	1.0	0.0	0.0015499999999999997
948.0	7.0	1.0	0.0	0.0002671428571428571
955.0	7.0	1.0	0.0	0.0
962.0	7.0	1.0	0.0	6.285714285714286e-05
969.0	7.0	1.0	0.0	7.714285714285714e-05
976.0	7.0	1.0	0.0	0.00010571428571428571
983.0	7.0	1.0	0.0	7.1428571428571436e-06
990.0	7.0	1.0	0.0	5.857142857142857e-05
997.0	7.0	1.0	0.0	0.0002785714285714286
1004.0	7.0	1.0	0.0	0.0003742857142857143
1011.0	7.0	1.0	0.0	7.1428571428571436e-06
1018.0	7.0	1.0	0.0	0.0003128571428571429
1025.0	7.0	1.0	0.0	0.0003128571428571429
1032.0	7.0	1.0	0.0	0.0003642857142857143
1039.0	7.0	1.0	0.0	1.4285714285714286e-06
1046.0	7.0	1.0	0.0	0.0
1053.0	7.0	1.0	0.0	0.00024
1060.0	7.0	1.0	0.0	0.00010999999999999998
1067.0	7.0	1.0	0.0	0.0003014285714285714
1074.0	7.0	1.0	0.0	0.0002585714285714286
1081.0	7.0	1.0	0.0	0.00022142857142857142
1088.0	7.0	1.0	0.0	3.4285714285714284e-05
1095.0	7.0	1.0	0.0	0.0
1467.0	7.0	1.0	0.0	5.2857142857142855e-05
1474.0	7.0	1.0	0.0	0.0
1481.0	7.0	1.0	0.0	1.4285714285714286e-06
1488.0	7.0	1.0	0.0	0.00010714285714285715
1495.0	7.0	1.0	0.0	0.00022142857142857145
1502.0	7.0	1.0	0.0	5e-05
1509.0	7.0	1.0	0.0	0.00044857142857142855
1516.0	7.0	1.0	0.0	0.001107142857142857
1523.0	7.0	1.0	0.0	0.004085714285714285
1530.0	7.0	1.0	0.0	0.004492857142857144
1537.0	7.0	1.0	0.0	0.005387142857142857
1544.0	7.0	1.0	0.0	0.004575714285714286
1551.0	7.0	1.0	0.0	0.0022271428571428572
1558.0	7.0	1.0	0.0	0.0032614285714285714
1565.0	7.0	1.0	0.0	0.004251428571428572
1572.0	7.0	1.0	0.0	0.004472857142857142
1579.0	7.0	1.0	0.0	0.0043014285714285715
1586.0	7.0	1.0	0.0	0.0017414285714285715
1593.0	7.0	1.0	0.0	0.0011657142857142858
1600.0	7.0	1.0	0.0	0.001487142857142857
1607.0	7.0	1.0	0.0	0.0011685714285714285
1614.0	7.0	1.0	0.0	0.000632857142857143
1621.0	7.0	1.0	0.0	9e-05
1628.0	7.0	1.0	0.0	0.0005942857142857144
1635.0	7.0	1.0	0.0	0.00265
1642.0	7.0	1.0	0.0	0.0027385714285714283
1649.0	7.0	1.0	0.0	0.0007857142857142856
1656.0	7.0	1.0	0.0	0.0012000000000000001
1663.0	7.0	1.0	0.0	0.0009157142857142859
1670.0	7.0	1.0	0.0	0.00034
1677.0	7.0	1.0	0.0	0.0029971428571428575
1684.0	7.0	1.0	0.0	0.0022257142857142857
1691.0	7.0	1.0	0.0	0.0014942857142857143
1698.0	7.0	1.0	0.0	0.0019142857142857145
1705.0	7.0	1.0	0.0	0.0026985714285714286
1712.0	7.0	1.0	0.0	0.0015942857142857145
1719.0	7.0	1.0	0.0	0.0011528571428571428
1726.0	7.0	1.0	0.0	0.00010428571428571428
1733.0	7.0	1.0	0.0	0.0
1740.0	7.0	1.0	0.0	0.00017
1747.0	7.0	1.0	0.0	0.00039
1754.0	7.0	1.0	0.0	1.7142857142857142e-05
1761.0	7.0	1.0	0.0	5.428571428571429e-05
1768.0	7.0	1.0	0.0	0.0
1775.0	7.0	1.0	0.0	0.00012714285714285714
1782.0	7.0	1.0	0.0	0.0
1789.0	7.0	1.0	0.0	0.0
1796.0	7.0	1.0	0.0	5.7142857142857145e-06
1803.0	7.0	1.0	0.0	2e-05
1810.0	7.0	1.0	0.0	2.5714285714285714e-05
1817.0	7.0	1.0	0.0	0.0
1824.0	7.0	1.0	0.0	4.285714285714286e-06
10597.0	7.0	1.0	0.0	4.285714285714286e-05
10604.0	7.0	1.0	0.0	4.285714285714286e-05
10611.0	7.0	1.0	0.0	7.571428571428571e-05
10618.0	7.0	1.0	0.0	0.0
10625.0	7.0	1.0	0.0	0.0
10632.0	7.0	1.0	0.0	1.1428571428571427e-05
10639.0	7.0	1.0	0.0	5.714285714285715e-05
10646.0	7.0	1.0	0.0	0.0002771428571428571
10653.0	7.0	1.0	0.0	0.00012857142857142858
10660.0	7.0	1.0	0.0	2.7142857142857144e-05
10667.0	7.0	1.0	0.0	5.000000000000001e-05
10674.0	7.0	1.0	0.0	0.0003457142857142857
10681.0	7.0	1.0	0.0	0.00018714285714285713
10688.0	7.0	1.0	0.0	0.00032857142857142856
10695.0	7.0	1.0	0.0	0.0004257142857142857
10702.0	7.0	1.0	0.0	0.0003128571428571429
10709.0	7.0	1.0	0.0	0.0003528571428571429
10716.0	7.0	1.0	0.0	0.0012171428571428572
10723.0	7.0	1.0	0.0	0.0059614285714285715
10730.0	7.0	1.0	0.0	0.007391428571428571
10737.0	7.0	1.0	0.0	0.0076
10744.0	7.0	1.0	0.0	0.005827142857142856
10751.0	7.0	1.0	0.0	0.0026200000000000004
10758.0	7.0	1.0	0.0	0.0008371428571428572
10765.0	7.0	1.0	0.0	4.4285714285714296e-05
10772.0	7.0	1.0	0.0	0.00028571428571428574
10779.0	7.0	1.0	0.0	0.0008500000000000001
10786.0	7.0	1.0	0.0	0.002671428571428571
10793.0	7.0	1.0	0.0	0.003295714285714285
10800.0	7.0	1.0	0.0	0.001534285714285714
10807.0	7.0	1.0	0.0	0.0010114285714285715
10814.0	7.0	1.0	0.0	3.285714285714286e-05
10821.0	7.0	1.0	0.0	1.4285714285714286e-06
10828.0	7.0	1.0	0.0	0.00029
10835.0	7.0	1.0	0.0	0.0002671428571428572
10842.0	7.0	1.0	0.0	0.00017142857142857143
10849.0	7.0	1.0	0.0	0.0005571428571428571
10856.0	7.0	1.0	0.0	0.0003342857142857143
10863.0	7.0	1.0	0.0	0.0
10870.0	7.0	1.0	0.0	0.0006500000000000001
10877.0	7.0	1.0	0.0	0.00013142857142857143
10884.0	7.0	1.0	0.0	0.00029142857142857144
10891.0	7.0	1.0	0.0	0.00041428571428571426
10898.0	7.0	1.0	0.0	0.0
10905.0	7.0	1.0	0.0	3.4285714285714284e-05
10912.0	7.0	1.0	0.0	1.4285714285714287e-05
10919.0	7.0	1.0	0.0	0.0
10926.0	7.0	1.0	0.0	1.5714285714285715e-05
10933.0	7.0	1.0	0.0	0.00022428571428571427
10940.0	7.0	1.0	0.0	7.1428571428571436e-06
10947.0	7.0	1.0	0.0	9.285714285714287e-05
10954.0	7.0	1.0	0.0	5.2857142857142855e-05
6944.0	7.0	1.0	0.0	1.4285714285714286e-06
6951.0	7.0	1.0	0.0	2.571428571428571e-05
6958.0	7.0	1.0	0.0	0.0
6965.0	7.0	1.0	0.0	4.2857142857142855e-06
6972.0	7.0	1.0	0.0	0.0
6979.0	7.0	1.0	0.0	0.00015857142857142857
6986.0	7.0	1.0	0.0	2.8571428571428573e-06
6993.0	7.0	1.0	0.0	0.0
7000.0	7.0	1.0	0.0	8.571428571428571e-06
7007.0	7.0	1.0	0.0	2.8571428571428573e-06
7014.0	7.0	1.0	0.0	1e-05
7021.0	7.0	1.0	0.0	4.285714285714286e-06
7028.0	7.0	1.0	0.0	8.142857142857142e-05
7035.0	7.0	1.0	0.0	0.00046285714285714284
7042.0	7.0	1.0	0.0	0.0
7049.0	7.0	1.0	0.0	9.714285714285715e-05
7056.0	7.0	1.0	0.0	0.0
7063.0	7.0	1.0	0.0	0.0
7070.0	7.0	1.0	0.0	0.00033142857142857144
7077.0	7.0	1.0	0.0	0.0007357142857142857
7084.0	7.0	1.0	0.0	5.5714285714285715e-05
7091.0	7.0	1.0	0.0	7.857142857142858e-05
7098.0	7.0	1.0	0.0	0.0011014285714285716
7105.0	7.0	1.0	0.0	0.0009785714285714287
7112.0	7.0	1.0	0.0	0.002525714285714286
7119.0	7.0	1.0	0.0	0.003175714285714286
7126.0	7.0	1.0	0.0	0.001972857142857143
7133.0	7.0	1.0	0.0	0.00643
7140.0	7.0	1.0	0.0	0.006625714285714285
7147.0	7.0	1.0	0.0	0.00196
7154.0	7.0	1.0	0.0	0.0003842857142857143
7161.0	7.0	1.0	0.0	2.8571428571428567e-05
7168.0	7.0	1.0	0.0	2.8571428571428567e-05
7175.0	7.0	1.0	0.0	4.142857142857143e-05
7182.0	7.0	1.0	0.0	9e-05
7189.0	7.0	1.0	0.0	4.714285714285715e-05
7196.0	7.0	1.0	0.0	0.00037714285714285714
7203.0	7.0	1.0	0.0	5.2857142857142855e-05
7210.0	7.0	1.0	0.0	0.0
7217.0	7.0	1.0	0.0	4.2857142857142855e-06
7224.0	7.0	1.0	0.0	5.7142857142857145e-06
7231.0	7.0	1.0	0.0	1.1428571428571429e-05
7238.0	7.0	1.0	0.0	0.0
7245.0	7.0	1.0	0.0	3.571428571428572e-05
7252.0	7.0	1.0	0.0	5.7142857142857145e-06
7259.0	7.0	1.0	0.0	0.00015999999999999999
7266.0	7.0	1.0	0.0	0.0
7273.0	7.0	1.0	0.0	6.42857142857143e-05
7280.0	7.0	1.0	0.0	3e-05
7287.0	7.0	1.0	0.0	0.0
7294.0	7.0	1.0	0.0	0.0
7301.0	7.0	1.0	0.0	7.285714285714286e-05
733.0	7.0	1.0	0.0	5.285714285714286e-05
740.0	7.0	1.0	0.0	0.0
747.0	7.0	1.0	0.0	1.4285714285714286e-06
754.0	7.0	1.0	0.0	2.8571428571428573e-06
761.0	7.0	1.0	0.0	8.571428571428573e-06
768.0	7.0	1.0	0.0	6.857142857142858e-05
775.0	7.0	1.0	0.0	3.714285714285715e-05
782.0	7.0	1.0	0.0	0.0
789.0	7.0	1.0	0.0	0.0
796.0	7.0	1.0	0.0	5.571428571428572e-05
803.0	7.0	1.0	0.0	1.857142857142857e-05
810.0	7.0	1.0	0.0	0.0
817.0	7.0	1.0	0.0	4.714285714285714e-05
824.0	7.0	1.0	0.0	2e-05
831.0	7.0	1.0	0.0	0.0004885714285714286
838.0	7.0	1.0	0.0	0.0009714285714285713
845.0	7.0	1.0	0.0	6.714285714285715e-05
852.0	7.0	1.0	0.0	0.0002914285714285714
859.0	7.0	1.0	0.0	0.0014585714285714286
866.0	7.0	1.0	0.0	0.0015085714285714286
873.0	7.0	1.0	0.0	0.0003042857142857143
880.0	7.0	1.0	0.0	0.0001742857142857143
887.0	7.0	1.0	0.0	1.4285714285714286e-06
894.0	7.0	1.0	0.0	8e-05
901.0	7.0	1.0	0.0	0.00097
908.0	7.0	1.0	0.0	0.0031385714285714285
915.0	7.0	1.0	0.0	0.0020357142857142857
922.0	7.0	1.0	0.0	0.0018171428571428572
929.0	7.0	1.0	0.0	0.0018671428571428571
936.0	7.0	1.0	0.0	0.0022114285714285712
943.0	7.0	1.0	0.0	0.001072857142857143
950.0	7.0	1.0	0.0	7.428571428571427e-05
957.0	7.0	1.0	0.0	0.0
964.0	7.0	1.0	0.0	6.285714285714286e-05
971.0	7.0	1.0	0.0	7.714285714285714e-05
978.0	7.0	1.0	0.0	0.00011142857142857143
985.0	7.0	1.0	0.0	1.4285714285714286e-06
992.0	7.0	1.0	0.0	0.0002614285714285714
999.0	7.0	1.0	0.0	0.0001042857142857143
1006.0	7.0	1.0	0.0	0.00035142857142857144
1013.0	7.0	1.0	0.0	1.4285714285714286e-06
1020.0	7.0	1.0	0.0	0.0004085714285714286
1027.0	7.0	1.0	0.0	0.0005757142857142858
1034.0	7.0	1.0	0.0	5.7142857142857145e-06
1041.0	7.0	1.0	0.0	1.4285714285714286e-06
1048.0	7.0	1.0	0.0	0.00015428571428571428
1055.0	7.0	1.0	0.0	0.0001757142857142857
1062.0	7.0	1.0	0.0	1.9999999999999998e-05
1069.0	7.0	1.0	0.0	0.0003014285714285714
1076.0	7.0	1.0	0.0	0.0002928571428571429
1083.0	7.0	1.0	0.0	0.00021857142857142857
1090.0	7.0	1.0	0.0	2.8571428571428573e-06
8402.0	7.0	1.0	0.0	2e-05
8409.0	7.0	1.0	0.0	5.285714285714286e-05
8416.0	7.0	1.0	0.0	1.4285714285714286e-06
8423.0	7.0	1.0	0.0	2.7142857142857144e-05
8430.0	7.0	1.0	0.0	0.0
8437.0	7.0	1.0	0.0	0.00029285714285714283
8444.0	7.0	1.0	0.0	0.00066
8451.0	7.0	1.0	0.0	0.0002757142857142857
8458.0	7.0	1.0	0.0	0.0010914285714285715
8465.0	7.0	1.0	0.0	0.0042928571428571425
8472.0	7.0	1.0	0.0	0.004175714285714285
8479.0	7.0	1.0	0.0	0.0014785714285714287
8486.0	7.0	1.0	0.0	0.0002642857142857143
8493.0	7.0	1.0	0.0	3.857142857142857e-05
8500.0	7.0	1.0	0.0	0.0015142857142857143
8507.0	7.0	1.0	0.0	0.0010857142857142858
8514.0	7.0	1.0	0.0	5.000000000000001e-05
8521.0	7.0	1.0	0.0	0.0007157142857142857
8528.0	7.0	1.0	0.0	0.0038371428571428575
8535.0	7.0	1.0	0.0	0.006915714285714287
8542.0	7.0	1.0	0.0	0.006785714285714285
8549.0	7.0	1.0	0.0	0.005367142857142857
8556.0	7.0	1.0	0.0	0.0054600000000000004
8563.0	7.0	1.0	0.0	0.004267142857142857
8570.0	7.0	1.0	0.0	0.00352
8577.0	7.0	1.0	0.0	0.004434285714285715
8584.0	7.0	1.0	0.0	0.002527142857142857
8591.0	7.0	1.0	0.0	0.0030185714285714286
8598.0	7.0	1.0	0.0	0.002947142857142857
8605.0	7.0	1.0	0.0	0.0025471428571428576
8612.0	7.0	1.0	0.0	0.0021471428571428574
8619.0	7.0	1.0	0.0	0.0007157142857142858
8626.0	7.0	1.0	0.0	0.0004428571428571429
8633.0	7.0	1.0	0.0	0.0009928571428571428
8640.0	7.0	1.0	0.0	0.0008714285714285714
8647.0	7.0	1.0	0.0	0.003824285714285714
8654.0	7.0	1.0	0.0	0.0027699999999999995
8661.0	7.0	1.0	0.0	0.00042428571428571434
8668.0	7.0	1.0	0.0	0.00017142857142857145
8675.0	7.0	1.0	0.0	0.00010857142857142858
8682.0	7.0	1.0	0.0	0.00023714285714285715
8689.0	7.0	1.0	0.0	0.004877142857142858
8696.0	7.0	1.0	0.0	0.00429142857142857
8703.0	7.0	1.0	0.0	0.0014628571428571427
8710.0	7.0	1.0	0.0	0.00055
8717.0	7.0	1.0	0.0	0.0
8724.0	7.0	1.0	0.0	3.4285714285714284e-05
8731.0	7.0	1.0	0.0	0.0001042857142857143
8738.0	7.0	1.0	0.0	0.00010999999999999999
8745.0	7.0	1.0	0.0	7.1428571428571436e-06
8752.0	7.0	1.0	0.0	1.7142857142857142e-05
8759.0	7.0	1.0	0.0	5.857142857142857e-05
8766.0	7.0	1.0	0.0	0.0
13156.0	7.0	1.0	0.0	1.4285714285714286e-06
13163.0	7.0	1.0	0.0	4.571428571428571e-05
13170.0	7.0	1.0	0.0	3.714285714285714e-05
13177.0	7.0	1.0	0.0	1.5714285714285715e-05
13184.0	7.0	1.0	0.0	0.0
13191.0	7.0	1.0	0.0	0.00033
13198.0	7.0	1.0	0.0	0.00011714285714285714
13205.0	7.0	1.0	0.0	5.8571428571428575e-05
13212.0	7.0	1.0	0.0	0.00022428571428571427
13219.0	7.0	1.0	0.0	7.714285714285714e-05
13226.0	7.0	1.0	0.0	0.00020999999999999998
13233.0	7.0	1.0	0.0	7.714285714285714e-05
13240.0	7.0	1.0	0.0	0.0
13247.0	7.0	1.0	0.0	4.142857142857143e-05
13254.0	7.0	1.0	0.0	0.00031999999999999997
13261.0	7.0	1.0	0.0	0.0004157142857142857
13268.0	7.0	1.0	0.0	0.0007128571428571429
13275.0	7.0	1.0	0.0	0.0039585714285714285
13282.0	7.0	1.0	0.0	0.0049928571428571435
13289.0	7.0	1.0	0.0	0.002417142857142857
13296.0	7.0	1.0	0.0	0.00108
13303.0	7.0	1.0	0.0	0.002095714285714286
13310.0	7.0	1.0	0.0	0.0014957142857142858
13317.0	7.0	1.0	0.0	0.0020942857142857148
13324.0	7.0	1.0	0.0	0.0018000000000000002
13331.0	7.0	1.0	0.0	0.0003914285714285714
13338.0	7.0	1.0	0.0	0.0007371428571428572
13345.0	7.0	1.0	0.0	0.0030728571428571432
13352.0	7.0	1.0	0.0	0.0023114285714285715
13359.0	7.0	1.0	0.0	0.003378571428571429
13366.0	7.0	1.0	0.0	0.00232
13373.0	7.0	1.0	0.0	0.00038285714285714285
13380.0	7.0	1.0	0.0	4.142857142857143e-05
13387.0	7.0	1.0	0.0	0.00030571428571428573
13394.0	7.0	1.0	0.0	0.0
13401.0	7.0	1.0	0.0	3.285714285714286e-05
13408.0	7.0	1.0	0.0	0.0
13415.0	7.0	1.0	0.0	9.285714285714286e-05
13422.0	7.0	1.0	0.0	9.857142857142856e-05
13429.0	7.0	1.0	0.0	0.00015285714285714287
13436.0	7.0	1.0	0.0	0.00032857142857142856
13443.0	7.0	1.0	0.0	0.0002285714285714286
13450.0	7.0	1.0	0.0	0.0001942857142857143
13457.0	7.0	1.0	0.0	0.0
13464.0	7.0	1.0	0.0	0.00020999999999999998
13471.0	7.0	1.0	0.0	0.00024142857142857145
13478.0	7.0	1.0	0.0	9.714285714285715e-05
13485.0	7.0	1.0	0.0	0.00032714285714285717
13492.0	7.0	1.0	0.0	0.00033714285714285714
13499.0	7.0	1.0	0.0	0.00026285714285714286
13506.0	7.0	1.0	0.0	6e-05
13513.0	7.0	1.0	0.0	0.00012857142857142858
1102.0	7.0	1.0	0.0	3.714285714285715e-05
1109.0	7.0	1.0	0.0	3e-05
1116.0	7.0	1.0	0.0	4.142857142857143e-05
1123.0	7.0	1.0	0.0	4.285714285714286e-06
1130.0	7.0	1.0	0.0	1.7142857142857142e-05
1137.0	7.0	1.0	0.0	2.2857142857142855e-05
1144.0	7.0	1.0	0.0	0.00044285714285714284
1151.0	7.0	1.0	0.0	0.00040571428571428567
1158.0	7.0	1.0	0.0	5.2857142857142855e-05
1165.0	7.0	1.0	0.0	0.0002057142857142857
1172.0	7.0	1.0	0.0	0.00024428571428571435
1179.0	7.0	1.0	0.0	1.9999999999999998e-05
1186.0	7.0	1.0	0.0	0.0002228571428571429
1193.0	7.0	1.0	0.0	1.8571428571428575e-05
1200.0	7.0	1.0	0.0	0.00018571428571428572
1207.0	7.0	1.0	0.0	4.285714285714286e-05
1214.0	7.0	1.0	0.0	0.0011671428571428573
1221.0	7.0	1.0	0.0	0.002698571428571428
1228.0	7.0	1.0	0.0	0.0024728571428571434
1235.0	7.0	1.0	0.0	0.0026157142857142863
1242.0	7.0	1.0	0.0	0.0020485714285714287
1249.0	7.0	1.0	0.0	0.0008042857142857142
1256.0	7.0	1.0	0.0	0.003181428571428571
1263.0	7.0	1.0	0.0	0.002242857142857143
1270.0	7.0	1.0	0.0	0.000797142857142857
1277.0	7.0	1.0	0.0	0.0006257142857142858
1284.0	7.0	1.0	0.0	0.0035457142857142853
1291.0	7.0	1.0	0.0	0.0033842857142857142
1298.0	7.0	1.0	0.0	0.000992857142857143
1305.0	7.0	1.0	0.0	0.0015300000000000001
1312.0	7.0	1.0	0.0	0.0011214285714285716
1319.0	7.0	1.0	0.0	0.0034157142857142854
1326.0	7.0	1.0	0.0	0.0026900000000000006
1333.0	7.0	1.0	0.0	0.00027142857142857144
1340.0	7.0	1.0	0.0	2.8571428571428567e-05
1347.0	7.0	1.0	0.0	9.999999999999999e-06
1354.0	7.0	1.0	0.0	0.0
1361.0	7.0	1.0	0.0	4.142857142857143e-05
1368.0	7.0	1.0	0.0	5e-05
1375.0	7.0	1.0	0.0	2.8571428571428574e-05
1382.0	7.0	1.0	0.0	2.8571428571428573e-06
1389.0	7.0	1.0	0.0	5.857142857142857e-05
1396.0	7.0	1.0	0.0	1.4285714285714284e-05
1403.0	7.0	1.0	0.0	8.571428571428571e-06
1410.0	7.0	1.0	0.0	1e-05
1417.0	7.0	1.0	0.0	8.999999999999999e-05
1424.0	7.0	1.0	0.0	0.0001042857142857143
1431.0	7.0	1.0	0.0	5.7142857142857145e-06
1438.0	7.0	1.0	0.0	2.142857142857143e-05
1445.0	7.0	1.0	0.0	5.285714285714286e-05
1452.0	7.0	1.0	0.0	0.0
1459.0	3.0	1.0	0.0	0.0
