stress_period	sp_length	time_step	study (0 : TS or 1 : SS)	rech
0.0	1.0	1.0	1.0	0.0009966886122156314
5845.0	15.0	1.0	0.0	1.9333333333333333e-05
5860.0	15.0	1.0	0.0	0.00011533333333333335
5875.0	15.0	1.0	0.0	0.000134
5890.0	15.0	1.0	0.0	0.00010866666666666667
5905.0	15.0	1.0	0.0	8.133333333333334e-05
5920.0	15.0	1.0	0.0	0.00037799999999999997
5935.0	15.0	1.0	0.0	0.00031266666666666666
5950.0	15.0	1.0	0.0	0.0026586666666666664
5965.0	15.0	1.0	0.0	0.001112
5980.0	15.0	1.0	0.0	0.004203999999999999
5995.0	15.0	1.0	0.0	0.003282666666666667
6010.0	15.0	1.0	0.0	7.266666666666667e-05
6025.0	15.0	1.0	0.0	0.00018333333333333334
6040.0	15.0	1.0	0.0	0.0008253333333333331
6055.0	15.0	1.0	0.0	0.001016
6070.0	15.0	1.0	0.0	0.001124
6085.0	15.0	1.0	0.0	0.000932
6100.0	15.0	1.0	0.0	4.066666666666667e-05
6115.0	15.0	1.0	0.0	5.5333333333333334e-05
6130.0	15.0	1.0	0.0	4.133333333333334e-05
6145.0	15.0	1.0	0.0	0.00012066666666666667
6160.0	15.0	1.0	0.0	0.00017400000000000006
6175.0	15.0	1.0	0.0	6.666666666666667e-07
6190.0	15.0	1.0	0.0	0.00029333333333333327
6205.0	15.0	1.0	0.0	1.8666666666666665e-05
13525.0	15.0	1.0	0.0	0.00026933333333333334
13540.0	15.0	1.0	0.0	6.666666666666667e-07
13555.0	15.0	1.0	0.0	2.2e-05
13570.0	15.0	1.0	0.0	5.2e-05
13585.0	15.0	1.0	0.0	4.666666666666666e-06
13600.0	15.0	1.0	0.0	2.466666666666667e-05
13615.0	15.0	1.0	0.0	6.4e-05
13630.0	15.0	1.0	0.0	0.00046933333333333327
13645.0	15.0	1.0	0.0	1.4666666666666668e-05
13660.0	15.0	1.0	0.0	0.000312
13675.0	15.0	1.0	0.0	0.0024440000000000004
13690.0	15.0	1.0	0.0	0.0009613333333333334
13705.0	15.0	1.0	0.0	0.00025133333333333333
13720.0	15.0	1.0	0.0	0.00027466666666666666
13735.0	15.0	1.0	0.0	0.0009086666666666666
13750.0	15.0	1.0	0.0	0.0008353333333333332
13765.0	15.0	1.0	0.0	0.00010266666666666666
13780.0	15.0	1.0	0.0	0.000248
13795.0	15.0	1.0	0.0	9.133333333333332e-05
13810.0	15.0	1.0	0.0	0.00046533333333333333
13825.0	15.0	1.0	0.0	4.2666666666666676e-05
13840.0	15.0	1.0	0.0	9.333333333333333e-06
13855.0	15.0	1.0	0.0	4e-05
13870.0	15.0	1.0	0.0	1.8e-05
8041.0	15.0	1.0	0.0	5.800000000000001e-05
8056.0	15.0	1.0	0.0	0.00025866666666666665
8071.0	15.0	1.0	0.0	6.2e-05
8086.0	15.0	1.0	0.0	0.000228
8101.0	15.0	1.0	0.0	4.466666666666667e-05
8116.0	15.0	1.0	0.0	0.000652
8131.0	15.0	1.0	0.0	0.0029806666666666666
8146.0	15.0	1.0	0.0	0.005177333333333335
8161.0	15.0	1.0	0.0	0.004084
8176.0	15.0	1.0	0.0	0.0005986666666666667
8191.0	15.0	1.0	0.0	0.0018506666666666665
8206.0	15.0	1.0	0.0	0.0011226666666666668
8221.0	15.0	1.0	0.0	1.3333333333333332e-05
8236.0	15.0	1.0	0.0	0.00011600000000000001
8251.0	15.0	1.0	0.0	6.666666666666667e-07
8266.0	15.0	1.0	0.0	9.133333333333334e-05
8281.0	15.0	1.0	0.0	0.00043799999999999997
8296.0	15.0	1.0	0.0	0.000438
8311.0	15.0	1.0	0.0	4.6e-05
8326.0	15.0	1.0	0.0	0.000122
8341.0	15.0	1.0	0.0	0.001815333333333333
8356.0	15.0	1.0	0.0	0.0007253333333333334
8371.0	15.0	1.0	0.0	7.066666666666667e-05
8386.0	15.0	1.0	0.0	0.00011066666666666667
8401.0	15.0	1.0	0.0	3.066666666666667e-05
9877.0	15.0	1.0	0.0	6.133333333333334e-05
9892.0	15.0	1.0	0.0	1.533333333333333e-05
9907.0	15.0	1.0	0.0	6.666666666666667e-07
9922.0	15.0	1.0	0.0	5.4e-05
9937.0	15.0	1.0	0.0	9.066666666666667e-05
9952.0	15.0	1.0	0.0	0.00016600000000000002
9967.0	15.0	1.0	0.0	0.00020333333333333333
9982.0	15.0	1.0	0.0	0.00038733333333333333
9997.0	15.0	1.0	0.0	0.001502
10012.0	15.0	1.0	0.0	0.0049506666666666675
10027.0	15.0	1.0	0.0	0.0022406666666666664
10042.0	15.0	1.0	0.0	9.200000000000001e-05
10057.0	15.0	1.0	0.0	8.333333333333334e-05
10072.0	15.0	1.0	0.0	0.00023000000000000003
10087.0	15.0	1.0	0.0	5.133333333333333e-05
10102.0	15.0	1.0	0.0	0.0006913333333333334
10117.0	15.0	1.0	0.0	0.002896
10132.0	15.0	1.0	0.0	0.00097
10147.0	15.0	1.0	0.0	0.0
10162.0	15.0	1.0	0.0	0.00021400000000000002
10177.0	15.0	1.0	0.0	8.866666666666666e-05
10192.0	15.0	1.0	0.0	2.933333333333334e-05
10207.0	15.0	1.0	0.0	4e-05
10222.0	15.0	1.0	0.0	4.2000000000000004e-05
4393.0	15.0	1.0	0.0	6.666666666666667e-05
4408.0	15.0	1.0	0.0	6.533333333333333e-05
4423.0	15.0	1.0	0.0	3.6666666666666666e-05
4438.0	15.0	1.0	0.0	0.0003846666666666666
4453.0	15.0	1.0	0.0	0.002958
4468.0	15.0	1.0	0.0	0.0017620000000000003
4483.0	15.0	1.0	0.0	0.0033239999999999997
4498.0	15.0	1.0	0.0	0.0025826666666666663
4513.0	15.0	1.0	0.0	0.006652000000000001
4528.0	15.0	1.0	0.0	0.0038813333333333334
4543.0	15.0	1.0	0.0	0.0010933333333333329
4558.0	15.0	1.0	0.0	0.0012439999999999999
4573.0	15.0	1.0	0.0	0.0012073333333333337
4588.0	15.0	1.0	0.0	0.001056
4603.0	15.0	1.0	0.0	0.000288
4618.0	15.0	1.0	0.0	0.0009400000000000001
4633.0	15.0	1.0	0.0	0.001054
4648.0	15.0	1.0	0.0	0.000902
4663.0	15.0	1.0	0.0	0.0022986666666666663
4678.0	15.0	1.0	0.0	0.0003246666666666667
4693.0	15.0	1.0	0.0	2.2e-05
4708.0	15.0	1.0	0.0	3.266666666666666e-05
4723.0	15.0	1.0	0.0	0.0
4738.0	15.0	1.0	0.0	2.666666666666667e-06
13154.0	15.0	1.0	0.0	2.2e-05
13169.0	15.0	1.0	0.0	2.4666666666666665e-05
13184.0	15.0	1.0	0.0	0.00015666666666666666
13199.0	15.0	1.0	0.0	0.000122
13214.0	15.0	1.0	0.0	0.00010533333333333334
13229.0	15.0	1.0	0.0	0.00012666666666666666
13244.0	15.0	1.0	0.0	9.866666666666665e-05
13259.0	15.0	1.0	0.0	0.000502
13274.0	15.0	1.0	0.0	0.004272
13289.0	15.0	1.0	0.0	0.0017953333333333332
13304.0	15.0	1.0	0.0	0.0017246666666666667
13319.0	15.0	1.0	0.0	0.0017466666666666665
13334.0	15.0	1.0	0.0	0.0012726666666666665
13349.0	15.0	1.0	0.0	0.0027920000000000006
13364.0	15.0	1.0	0.0	0.0016340000000000003
13379.0	15.0	1.0	0.0	0.00019933333333333332
13394.0	15.0	1.0	0.0	1.5333333333333334e-05
13409.0	15.0	1.0	0.0	8.933333333333334e-05
13424.0	15.0	1.0	0.0	0.00015866666666666666
13439.0	15.0	1.0	0.0	0.0002606666666666667
13454.0	15.0	1.0	0.0	7.466666666666666e-05
13469.0	15.0	1.0	0.0	0.00018066666666666668
13484.0	15.0	1.0	0.0	0.0003133333333333333
13499.0	15.0	1.0	0.0	0.00015066666666666668
13514.0	15.0	1.0	0.0	6.666666666666667e-07
6589.0	15.0	1.0	0.0	1.8666666666666665e-05
6604.0	15.0	1.0	0.0	9.066666666666667e-05
6619.0	15.0	1.0	0.0	2.1333333333333335e-05
6634.0	15.0	1.0	0.0	0.00021133333333333334
6649.0	15.0	1.0	0.0	4.2e-05
6664.0	15.0	1.0	0.0	3.3333333333333333e-06
6679.0	15.0	1.0	0.0	7.466666666666667e-05
6694.0	15.0	1.0	0.0	0.00047066666666666665
6709.0	15.0	1.0	0.0	2.2000000000000006e-05
6724.0	15.0	1.0	0.0	0.00017600000000000002
6739.0	15.0	1.0	0.0	0.0007026666666666668
6754.0	15.0	1.0	0.0	3.933333333333334e-05
6769.0	15.0	1.0	0.0	0.001482
6784.0	15.0	1.0	0.0	0.003960000000000001
6799.0	15.0	1.0	0.0	0.002336666666666666
6814.0	15.0	1.0	0.0	0.00020933333333333332
6829.0	15.0	1.0	0.0	0.00010666666666666667
6844.0	15.0	1.0	0.0	9.200000000000001e-05
6859.0	15.0	1.0	0.0	2.733333333333333e-05
6874.0	15.0	1.0	0.0	2.533333333333333e-05
6889.0	15.0	1.0	0.0	0.0
6904.0	15.0	1.0	0.0	0.00010066666666666667
6919.0	15.0	1.0	0.0	0.0
6934.0	15.0	1.0	0.0	7.333333333333334e-06
9871.0	15.0	1.0	0.0	1.4666666666666668e-05
9886.0	15.0	1.0	0.0	7.066666666666666e-05
9901.0	15.0	1.0	0.0	6.666666666666666e-06
9916.0	15.0	1.0	0.0	9.333333333333333e-06
9931.0	15.0	1.0	0.0	0.00013533333333333333
9946.0	15.0	1.0	0.0	5.2000000000000004e-05
9961.0	15.0	1.0	0.0	0.000212
9976.0	15.0	1.0	0.0	0.00034933333333333333
9991.0	15.0	1.0	0.0	0.0004586666666666668
10006.0	15.0	1.0	0.0	0.004637999999999999
10021.0	15.0	1.0	0.0	0.0031119999999999993
10036.0	15.0	1.0	0.0	0.0006959999999999999
10051.0	15.0	1.0	0.0	2.666666666666667e-05
10066.0	15.0	1.0	0.0	0.00022533333333333333
10081.0	15.0	1.0	0.0	9.133333333333332e-05
10096.0	15.0	1.0	0.0	0.00023399999999999997
10111.0	15.0	1.0	0.0	0.0023499999999999997
10126.0	15.0	1.0	0.0	0.00201
10141.0	15.0	1.0	0.0	8.666666666666668e-06
10156.0	15.0	1.0	0.0	7.400000000000001e-05
10171.0	15.0	1.0	0.0	0.00022133333333333334
10186.0	15.0	1.0	0.0	2.6000000000000002e-05
10201.0	15.0	1.0	0.0	4e-05
10216.0	15.0	1.0	0.0	1.6666666666666667e-05
1830.0	15.0	1.0	0.0	1e-05
1845.0	15.0	1.0	0.0	1.6e-05
1860.0	15.0	1.0	0.0	0.00014666666666666666
1875.0	15.0	1.0	0.0	0.000154
1890.0	15.0	1.0	0.0	4.666666666666667e-05
1905.0	15.0	1.0	0.0	0.00011
1920.0	15.0	1.0	0.0	0.00048666666666666666
1935.0	15.0	1.0	0.0	0.0008680000000000001
1950.0	15.0	1.0	0.0	0.0010166666666666666
1965.0	15.0	1.0	0.0	0.00013066666666666665
1980.0	15.0	1.0	0.0	3.3333333333333335e-05
1995.0	15.0	1.0	0.0	0.0001986666666666667
2010.0	15.0	1.0	0.0	0.0014046666666666665
2025.0	15.0	1.0	0.0	0.0010293333333333333
2040.0	15.0	1.0	0.0	0.00013666666666666664
2055.0	15.0	1.0	0.0	0.0007693333333333335
2070.0	15.0	1.0	0.0	4.466666666666667e-05
2085.0	15.0	1.0	0.0	0.0
2100.0	15.0	1.0	0.0	1.6e-05
2115.0	15.0	1.0	0.0	1.3333333333333334e-06
2130.0	15.0	1.0	0.0	0.0
2145.0	15.0	1.0	0.0	0.0
2160.0	15.0	1.0	0.0	4.666666666666667e-06
2175.0	15.0	1.0	0.0	1.7333333333333336e-05
2190.0	15.0	1.0	0.0	2.2e-05
9876.0	15.0	1.0	0.0	4.866666666666667e-05
9891.0	15.0	1.0	0.0	2.6666666666666663e-05
9906.0	15.0	1.0	0.0	2.0000000000000003e-06
9921.0	15.0	1.0	0.0	4.8666666666666666e-05
9936.0	15.0	1.0	0.0	9.6e-05
9951.0	15.0	1.0	0.0	0.000162
9966.0	15.0	1.0	0.0	0.00015400000000000003
9981.0	15.0	1.0	0.0	0.0004379999999999999
9996.0	15.0	1.0	0.0	0.0012233333333333332
10011.0	15.0	1.0	0.0	0.005070000000000001
10026.0	15.0	1.0	0.0	0.0023526666666666665
10041.0	15.0	1.0	0.0	0.000142
10056.0	15.0	1.0	0.0	8.333333333333334e-05
10071.0	15.0	1.0	0.0	0.00021933333333333337
10086.0	15.0	1.0	0.0	6.133333333333332e-05
10101.0	15.0	1.0	0.0	0.0005733333333333334
10116.0	15.0	1.0	0.0	0.0028433333333333344
10131.0	15.0	1.0	0.0	0.0011413333333333334
10146.0	15.0	1.0	0.0	0.0
10161.0	15.0	1.0	0.0	0.00016666666666666666
10176.0	15.0	1.0	0.0	0.00013599999999999997
10191.0	15.0	1.0	0.0	2.933333333333334e-05
10206.0	15.0	1.0	0.0	4e-05
10221.0	15.0	1.0	0.0	2.1333333333333335e-05
10966.0	15.0	1.0	0.0	1.3333333333333333e-05
10981.0	15.0	1.0	0.0	3.066666666666667e-05
10996.0	15.0	1.0	0.0	3.933333333333334e-05
11011.0	15.0	1.0	0.0	0.00013800000000000002
11026.0	15.0	1.0	0.0	0.0008039999999999999
11041.0	15.0	1.0	0.0	0.002914
11056.0	15.0	1.0	0.0	0.010856
11071.0	15.0	1.0	0.0	0.005555333333333334
11086.0	15.0	1.0	0.0	0.0029226666666666667
11101.0	15.0	1.0	0.0	0.0024073333333333334
11116.0	15.0	1.0	0.0	0.003741333333333333
11131.0	15.0	1.0	0.0	0.004230666666666666
11146.0	15.0	1.0	0.0	0.002816
11161.0	15.0	1.0	0.0	0.00012200000000000002
11176.0	15.0	1.0	0.0	0.0019373333333333334
11191.0	15.0	1.0	0.0	0.004691333333333334
11206.0	15.0	1.0	0.0	0.0016473333333333335
11221.0	15.0	1.0	0.0	0.0011959999999999998
11236.0	15.0	1.0	0.0	0.00020533333333333336
11251.0	15.0	1.0	0.0	0.0
11266.0	15.0	1.0	0.0	1.6e-05
11281.0	15.0	1.0	0.0	0.0
11296.0	15.0	1.0	0.0	5.4000000000000005e-05
11311.0	15.0	1.0	0.0	9.999999999999999e-06
4021.0	15.0	1.0	0.0	0.00012866666666666666
4036.0	15.0	1.0	0.0	1.9333333333333337e-05
4051.0	15.0	1.0	0.0	2.4666666666666665e-05
4066.0	15.0	1.0	0.0	0.0005446666666666666
4081.0	15.0	1.0	0.0	0.0009946666666666667
4096.0	15.0	1.0	0.0	0.004377999999999999
4111.0	15.0	1.0	0.0	0.0009120000000000002
4126.0	15.0	1.0	0.0	0.0009666666666666666
4141.0	15.0	1.0	0.0	0.0034873333333333336
4156.0	15.0	1.0	0.0	0.004388
4171.0	15.0	1.0	0.0	0.003550666666666667
4186.0	15.0	1.0	0.0	0.0017013333333333333
4201.0	15.0	1.0	0.0	0.000282
4216.0	15.0	1.0	0.0	0.0006326666666666667
4231.0	15.0	1.0	0.0	0.001606
4246.0	15.0	1.0	0.0	0.0014106666666666668
4261.0	15.0	1.0	0.0	7.533333333333334e-05
4276.0	15.0	1.0	0.0	0.0
4291.0	15.0	1.0	0.0	9.533333333333334e-05
4306.0	15.0	1.0	0.0	9.4e-05
4321.0	15.0	1.0	0.0	0.00012266666666666668
4336.0	15.0	1.0	0.0	0.00017
4351.0	15.0	1.0	0.0	0.00013666666666666664
4366.0	15.0	1.0	0.0	0.00010200000000000001
4381.0	15.0	1.0	0.0	0.00010600000000000002
4396.0	15.0	1.0	0.0	0.00011666666666666667
4411.0	15.0	1.0	0.0	1.5333333333333334e-05
4426.0	15.0	1.0	0.0	4.266666666666667e-05
4441.0	15.0	1.0	0.0	0.0006526666666666666
4456.0	15.0	1.0	0.0	0.0034213333333333335
4471.0	15.0	1.0	0.0	0.0014579999999999999
4486.0	15.0	1.0	0.0	0.0036493333333333334
4501.0	15.0	1.0	0.0	0.002638
4516.0	15.0	1.0	0.0	0.007247333333333334
4531.0	15.0	1.0	0.0	0.00278
4546.0	15.0	1.0	0.0	0.0008246666666666668
4561.0	15.0	1.0	0.0	0.001611333333333333
4576.0	15.0	1.0	0.0	0.0008953333333333333
4591.0	15.0	1.0	0.0	0.0009666666666666667
4606.0	15.0	1.0	0.0	0.00044666666666666666
4621.0	15.0	1.0	0.0	0.0010813333333333335
4636.0	15.0	1.0	0.0	0.0008866666666666668
4651.0	15.0	1.0	0.0	0.000964
4666.0	15.0	1.0	0.0	0.002366
4681.0	15.0	1.0	0.0	5.733333333333333e-05
4696.0	15.0	1.0	0.0	2.2e-05
4711.0	15.0	1.0	0.0	3.266666666666666e-05
4726.0	15.0	1.0	0.0	0.0
4741.0	15.0	1.0	0.0	2.666666666666667e-06
7678.0	15.0	1.0	0.0	2e-06
7693.0	15.0	1.0	0.0	5.333333333333333e-06
7708.0	15.0	1.0	0.0	0.0
7723.0	15.0	1.0	0.0	0.00011
7738.0	15.0	1.0	0.0	0.000142
7753.0	15.0	1.0	0.0	0.00023799999999999998
7768.0	15.0	1.0	0.0	0.0005213333333333333
7783.0	15.0	1.0	0.0	0.0008053333333333334
7798.0	15.0	1.0	0.0	0.0003313333333333334
7813.0	15.0	1.0	0.0	0.0006966666666666667
7828.0	15.0	1.0	0.0	0.0006793333333333333
7843.0	15.0	1.0	0.0	6.266666666666667e-05
7858.0	15.0	1.0	0.0	0.0007166666666666669
7873.0	15.0	1.0	0.0	7.733333333333333e-05
7888.0	15.0	1.0	0.0	4.7999999999999994e-05
7903.0	15.0	1.0	0.0	0.00024933333333333334
7918.0	15.0	1.0	0.0	0.00018200000000000003
7933.0	15.0	1.0	0.0	0.00019733333333333332
7948.0	15.0	1.0	0.0	8.400000000000001e-05
7963.0	15.0	1.0	0.0	0.000184
7978.0	15.0	1.0	0.0	1.9333333333333333e-05
7993.0	15.0	1.0	0.0	7.8e-05
8008.0	15.0	1.0	0.0	3.533333333333333e-05
8023.0	15.0	1.0	0.0	2.733333333333333e-05
2194.0	15.0	1.0	0.0	6.666666666666667e-07
2209.0	15.0	1.0	0.0	9.333333333333334e-06
2224.0	15.0	1.0	0.0	9.666666666666668e-05
2239.0	15.0	1.0	0.0	0.00023066666666666667
2254.0	15.0	1.0	0.0	0.000554
2269.0	15.0	1.0	0.0	0.0019553333333333332
2284.0	15.0	1.0	0.0	0.0019786666666666663
2299.0	15.0	1.0	0.0	0.0014406666666666667
2314.0	15.0	1.0	0.0	0.006039999999999999
2329.0	15.0	1.0	0.0	0.0011333333333333334
2344.0	15.0	1.0	0.0	0.001918
2359.0	15.0	1.0	0.0	0.002742
2374.0	15.0	1.0	0.0	0.0031766666666666666
2389.0	15.0	1.0	0.0	0.0026380000000000006
2404.0	15.0	1.0	0.0	0.0008759999999999999
2419.0	15.0	1.0	0.0	0.0015620000000000002
2434.0	15.0	1.0	0.0	0.0009340000000000002
2449.0	15.0	1.0	0.0	6.533333333333333e-05
2464.0	15.0	1.0	0.0	0.00037266666666666665
2479.0	15.0	1.0	0.0	9.266666666666668e-05
2494.0	15.0	1.0	0.0	0.00018333333333333336
2509.0	15.0	1.0	0.0	8.333333333333334e-05
2524.0	15.0	1.0	0.0	9.866666666666668e-05
2539.0	15.0	1.0	0.0	0.00015333333333333334
2554.0	15.0	1.0	0.0	0.00020133333333333334
8778.0	15.0	1.0	0.0	7.599999999999999e-05
8793.0	15.0	1.0	0.0	0.00029
8808.0	15.0	1.0	0.0	0.0012473333333333331
8823.0	15.0	1.0	0.0	0.000408
8838.0	15.0	1.0	0.0	0.00027266666666666666
8853.0	15.0	1.0	0.0	0.004860000000000001
8868.0	15.0	1.0	0.0	0.004847333333333333
8883.0	15.0	1.0	0.0	0.0015486666666666667
8898.0	15.0	1.0	0.0	0.002237333333333334
8913.0	15.0	1.0	0.0	0.003604666666666667
8928.0	15.0	1.0	0.0	0.003226
8943.0	15.0	1.0	0.0	0.007544000000000001
8958.0	15.0	1.0	0.0	0.0037866666666666665
8973.0	15.0	1.0	0.0	0.0034440000000000004
8988.0	15.0	1.0	0.0	0.0019679999999999997
9003.0	15.0	1.0	0.0	0.00019733333333333335
9018.0	15.0	1.0	0.0	0.000146
9033.0	15.0	1.0	0.0	0.00011399999999999999
9048.0	15.0	1.0	0.0	0.00015666666666666666
9063.0	15.0	1.0	0.0	6.133333333333334e-05
9078.0	15.0	1.0	0.0	7.2e-05
9093.0	15.0	1.0	0.0	3.3333333333333335e-05
9108.0	15.0	1.0	0.0	1.2666666666666667e-05
9123.0	15.0	1.0	0.0	2.6e-05
8773.0	15.0	1.0	0.0	0.00020600000000000002
8788.0	15.0	1.0	0.0	0.00030399999999999996
8803.0	15.0	1.0	0.0	0.0006013333333333334
8818.0	15.0	1.0	0.0	0.0010926666666666667
8833.0	15.0	1.0	0.0	5.866666666666666e-05
8848.0	15.0	1.0	0.0	0.0032433333333333337
8863.0	15.0	1.0	0.0	0.005596
8878.0	15.0	1.0	0.0	0.0017686666666666669
8893.0	15.0	1.0	0.0	0.002396
8908.0	15.0	1.0	0.0	0.003281333333333333
8923.0	15.0	1.0	0.0	0.002378
8938.0	15.0	1.0	0.0	0.007625999999999999
8953.0	15.0	1.0	0.0	0.00428
8968.0	15.0	1.0	0.0	0.003535999999999999
8983.0	15.0	1.0	0.0	0.002617333333333333
8998.0	15.0	1.0	0.0	0.000752
9013.0	15.0	1.0	0.0	6.666666666666667e-05
9028.0	15.0	1.0	0.0	0.00019666666666666669
9043.0	15.0	1.0	0.0	0.00015666666666666666
9058.0	15.0	1.0	0.0	5.5333333333333334e-05
9073.0	15.0	1.0	0.0	7.8e-05
9088.0	15.0	1.0	0.0	3.3333333333333335e-05
9103.0	15.0	1.0	0.0	1.2666666666666667e-05
9118.0	15.0	1.0	0.0	1.6666666666666667e-05
14247.0	15.0	1.0	0.0	2.6666666666666663e-05
14262.0	15.0	1.0	0.0	0.0
14277.0	15.0	1.0	0.0	1.1999999999999999e-05
14292.0	15.0	1.0	0.0	1.7999999999999997e-05
14307.0	15.0	1.0	0.0	7.466666666666667e-05
14322.0	15.0	1.0	0.0	5.066666666666667e-05
14337.0	15.0	1.0	0.0	0.001018
14352.0	15.0	1.0	0.0	0.002296
14367.0	15.0	1.0	0.0	0.0034646666666666667
14382.0	15.0	1.0	0.0	0.0021466666666666665
14397.0	15.0	1.0	0.0	0.0014966666666666665
14412.0	15.0	1.0	0.0	0.0027226666666666666
14427.0	15.0	1.0	0.0	0.0010646666666666667
14442.0	15.0	1.0	0.0	0.001744
14457.0	15.0	1.0	0.0	0.0021233333333333334
14472.0	15.0	1.0	0.0	0.00016666666666666663
14487.0	15.0	1.0	0.0	0.00011733333333333332
14502.0	15.0	1.0	0.0	0.0
14517.0	15.0	1.0	0.0	1.4666666666666668e-05
14532.0	15.0	1.0	0.0	1.2e-05
14547.0	15.0	1.0	0.0	2.133333333333333e-05
14562.0	15.0	1.0	0.0	4.666666666666667e-06
14577.0	15.0	1.0	0.0	0.0
14592.0	15.0	1.0	0.0	1.3333333333333334e-06
14607.0	15.0	1.0	0.0	2.2666666666666664e-05
13891.0	15.0	1.0	0.0	1.5333333333333334e-05
13906.0	15.0	1.0	0.0	6.133333333333334e-05
13921.0	15.0	1.0	0.0	4.666666666666667e-05
13936.0	15.0	1.0	0.0	0.00010066666666666667
13951.0	15.0	1.0	0.0	8.8e-05
13966.0	15.0	1.0	0.0	0.00042266666666666673
13981.0	15.0	1.0	0.0	0.0013300000000000002
13996.0	15.0	1.0	0.0	0.002993333333333334
14011.0	15.0	1.0	0.0	0.0024553333333333332
14026.0	15.0	1.0	0.0	9.866666666666666e-05
14041.0	15.0	1.0	0.0	0.000964
14056.0	15.0	1.0	0.0	0.003608
14071.0	15.0	1.0	0.0	0.0016799999999999996
14086.0	15.0	1.0	0.0	0.00040333333333333334
14101.0	15.0	1.0	0.0	0.0003006666666666666
14116.0	15.0	1.0	0.0	0.00011466666666666668
14131.0	15.0	1.0	0.0	0.000112
14146.0	15.0	1.0	0.0	0.00013466666666666667
14161.0	15.0	1.0	0.0	0.00015800000000000002
14176.0	15.0	1.0	0.0	0.00010533333333333334
14191.0	15.0	1.0	0.0	8.933333333333334e-05
14206.0	15.0	1.0	0.0	1.4666666666666668e-05
14221.0	15.0	1.0	0.0	3.3333333333333333e-06
14236.0	15.0	1.0	0.0	4e-05
14251.0	15.0	1.0	0.0	8.000000000000001e-06
14266.0	15.0	1.0	0.0	2.666666666666667e-06
14281.0	15.0	1.0	0.0	2.733333333333333e-05
14296.0	15.0	1.0	0.0	1.6e-05
14311.0	15.0	1.0	0.0	6.8e-05
14326.0	15.0	1.0	0.0	0.0003153333333333333
14341.0	15.0	1.0	0.0	0.0012740000000000002
14356.0	15.0	1.0	0.0	0.0025859999999999998
14371.0	15.0	1.0	0.0	0.003094
14386.0	15.0	1.0	0.0	0.002292666666666667
14401.0	15.0	1.0	0.0	0.0018053333333333333
14416.0	15.0	1.0	0.0	0.0021933333333333336
14431.0	15.0	1.0	0.0	0.000798
14446.0	15.0	1.0	0.0	0.0029966666666666666
14461.0	15.0	1.0	0.0	0.0007840000000000001
14476.0	15.0	1.0	0.0	0.0002306666666666667
14491.0	15.0	1.0	0.0	3.2e-05
14506.0	15.0	1.0	0.0	8.666666666666668e-06
14521.0	15.0	1.0	0.0	7.333333333333334e-06
14536.0	15.0	1.0	0.0	2.133333333333333e-05
14551.0	15.0	1.0	0.0	1.4666666666666665e-05
14566.0	15.0	1.0	0.0	6.666666666666667e-07
14581.0	15.0	1.0	0.0	1.3333333333333334e-06
14596.0	15.0	1.0	0.0	0.0
9132.0	15.0	1.0	0.0	6.866666666666668e-05
9147.0	15.0	1.0	0.0	4.666666666666667e-06
9162.0	15.0	1.0	0.0	0.00018866666666666668
9177.0	15.0	1.0	0.0	0.000124
9192.0	15.0	1.0	0.0	8.266666666666667e-05
9207.0	15.0	1.0	0.0	4.266666666666666e-05
9222.0	15.0	1.0	0.0	8.866666666666666e-05
9237.0	15.0	1.0	0.0	0.00017333333333333336
9252.0	15.0	1.0	0.0	0.00017733333333333333
9267.0	15.0	1.0	0.0	0.0008139999999999999
9282.0	15.0	1.0	0.0	0.0016986666666666667
9297.0	15.0	1.0	0.0	0.00047
9312.0	15.0	1.0	0.0	0.0009906666666666666
9327.0	15.0	1.0	0.0	0.0023113333333333336
9342.0	15.0	1.0	0.0	0.0006786666666666667
9357.0	15.0	1.0	0.0	0.00026599999999999996
9372.0	15.0	1.0	0.0	3.733333333333334e-05
9387.0	15.0	1.0	0.0	0.00018466666666666666
9402.0	15.0	1.0	0.0	0.0001933333333333333
9417.0	15.0	1.0	0.0	0.00019333333333333336
9432.0	15.0	1.0	0.0	3.866666666666667e-05
9447.0	15.0	1.0	0.0	1.5333333333333334e-05
9462.0	15.0	1.0	0.0	2.066666666666667e-05
9477.0	15.0	1.0	0.0	2e-06
9492.0	15.0	1.0	0.0	2.866666666666667e-05
6220.0	15.0	1.0	0.0	4.266666666666667e-05
6235.0	15.0	1.0	0.0	2.4e-05
6250.0	15.0	1.0	0.0	5.4000000000000005e-05
6265.0	15.0	1.0	0.0	0.00023133333333333334
6280.0	15.0	1.0	0.0	0.00034733333333333334
6295.0	15.0	1.0	0.0	0.0001366666666666667
6310.0	15.0	1.0	0.0	0.0022593333333333337
6325.0	15.0	1.0	0.0	0.00108
6340.0	15.0	1.0	0.0	0.0019080000000000004
6355.0	15.0	1.0	0.0	0.002700666666666666
6370.0	15.0	1.0	0.0	0.003034666666666667
6385.0	15.0	1.0	0.0	0.005342
6400.0	15.0	1.0	0.0	0.003922
6415.0	15.0	1.0	0.0	0.00016066666666666668
6430.0	15.0	1.0	0.0	0.001224
6445.0	15.0	1.0	0.0	0.0012686666666666666
6460.0	15.0	1.0	0.0	8.200000000000001e-05
6475.0	15.0	1.0	0.0	7.333333333333333e-05
6490.0	15.0	1.0	0.0	1.0666666666666667e-05
6505.0	15.0	1.0	0.0	0.00019266666666666664
6520.0	15.0	1.0	0.0	0.0
6535.0	15.0	1.0	0.0	4.266666666666667e-05
6550.0	15.0	1.0	0.0	4.4e-05
6565.0	15.0	1.0	0.0	1.7333333333333332e-05
3658.0	15.0	1.0	0.0	2.5333333333333334e-05
3673.0	15.0	1.0	0.0	1.4e-05
3688.0	15.0	1.0	0.0	3.600000000000001e-05
3703.0	15.0	1.0	0.0	0.00013333333333333334
3718.0	15.0	1.0	0.0	0.0005
3733.0	15.0	1.0	0.0	0.00024200000000000003
3748.0	15.0	1.0	0.0	0.0009566666666666666
3763.0	15.0	1.0	0.0	0.0021233333333333334
3778.0	15.0	1.0	0.0	0.0016233333333333332
3793.0	15.0	1.0	0.0	0.004326666666666667
3808.0	15.0	1.0	0.0	0.0031006666666666665
3823.0	15.0	1.0	0.0	0.0026613333333333337
3838.0	15.0	1.0	0.0	0.0011833333333333335
3853.0	15.0	1.0	0.0	0.0013813333333333336
3868.0	15.0	1.0	0.0	0.0024566666666666665
3883.0	15.0	1.0	0.0	0.0016306666666666665
3898.0	15.0	1.0	0.0	0.0011053333333333336
3913.0	15.0	1.0	0.0	0.00034399999999999996
3928.0	15.0	1.0	0.0	0.0028046666666666662
3943.0	15.0	1.0	0.0	0.0038033333333333335
3958.0	15.0	1.0	0.0	0.002130000000000001
3973.0	15.0	1.0	0.0	1.5333333333333334e-05
3988.0	15.0	1.0	0.0	8.466666666666667e-05
4003.0	15.0	1.0	0.0	0.00016999999999999999
4018.0	15.0	1.0	0.0	4.6e-05
3302.0	15.0	1.0	0.0	7e-05
3317.0	15.0	1.0	0.0	8e-06
3332.0	15.0	1.0	0.0	1.9333333333333333e-05
3347.0	15.0	1.0	0.0	0.00016133333333333332
3362.0	15.0	1.0	0.0	9.666666666666668e-05
3377.0	15.0	1.0	0.0	0.0005906666666666666
3392.0	15.0	1.0	0.0	0.0042
3407.0	15.0	1.0	0.0	0.0023620000000000004
3422.0	15.0	1.0	0.0	0.007859333333333333
3437.0	15.0	1.0	0.0	0.004157999999999999
3452.0	15.0	1.0	0.0	0.0009486666666666667
3467.0	15.0	1.0	0.0	0.003146
3482.0	15.0	1.0	0.0	0.001905333333333333
3497.0	15.0	1.0	0.0	0.0011513333333333334
3512.0	15.0	1.0	0.0	0.0016886666666666662
3527.0	15.0	1.0	0.0	0.0006259999999999999
3542.0	15.0	1.0	0.0	2.2e-05
3557.0	15.0	1.0	0.0	7.4e-05
3572.0	15.0	1.0	0.0	5.866666666666667e-05
3587.0	15.0	1.0	0.0	5.199999999999999e-05
3602.0	15.0	1.0	0.0	0.0002853333333333334
3617.0	15.0	1.0	0.0	0.00020533333333333333
3632.0	15.0	1.0	0.0	0.00014933333333333332
3647.0	15.0	1.0	0.0	7.866666666666668e-05
11698.0	15.0	1.0	0.0	8e-06
11713.0	15.0	1.0	0.0	0.00010666666666666665
11728.0	15.0	1.0	0.0	6.4e-05
11743.0	15.0	1.0	0.0	2.6000000000000002e-05
11758.0	15.0	1.0	0.0	0.00029266666666666666
11773.0	15.0	1.0	0.0	0.0006753333333333333
11788.0	15.0	1.0	0.0	0.0027680000000000005
11803.0	15.0	1.0	0.0	0.0023346666666666667
11818.0	15.0	1.0	0.0	0.0019386666666666669
11833.0	15.0	1.0	0.0	0.004435333333333333
11848.0	15.0	1.0	0.0	0.0015993333333333337
11863.0	15.0	1.0	0.0	0.002596
11878.0	15.0	1.0	0.0	0.0015746666666666665
11893.0	15.0	1.0	0.0	0.0009733333333333333
11908.0	15.0	1.0	0.0	0.000274
11923.0	15.0	1.0	0.0	3.866666666666667e-05
11938.0	15.0	1.0	0.0	2.666666666666667e-06
11953.0	15.0	1.0	0.0	3.1333333333333334e-05
11968.0	15.0	1.0	0.0	8.733333333333335e-05
11983.0	15.0	1.0	0.0	7.000000000000001e-05
11998.0	15.0	1.0	0.0	7.333333333333334e-06
12013.0	15.0	1.0	0.0	1.3333333333333334e-06
12028.0	15.0	1.0	0.0	1.6666666666666667e-05
12043.0	15.0	1.0	0.0	9.333333333333334e-06
1466.0	15.0	1.0	0.0	2.4666666666666665e-05
1481.0	15.0	1.0	0.0	7.8e-05
1496.0	15.0	1.0	0.0	9.933333333333334e-05
1511.0	15.0	1.0	0.0	0.0011646666666666667
1526.0	15.0	1.0	0.0	0.004695333333333333
1541.0	15.0	1.0	0.0	0.004249333333333333
1556.0	15.0	1.0	0.0	0.003532666666666667
1571.0	15.0	1.0	0.0	0.004376666666666667
1586.0	15.0	1.0	0.0	0.00147
1601.0	15.0	1.0	0.0	0.0012473333333333331
1616.0	15.0	1.0	0.0	0.00025133333333333333
1631.0	15.0	1.0	0.0	0.0023139999999999997
1646.0	15.0	1.0	0.0	0.0011546666666666665
1661.0	15.0	1.0	0.0	0.0007286666666666669
1676.0	15.0	1.0	0.0	0.0025093333333333335
1691.0	15.0	1.0	0.0	0.0018726666666666668
1706.0	15.0	1.0	0.0	0.0018879999999999997
1721.0	15.0	1.0	0.0	0.00042
1736.0	15.0	1.0	0.0	0.0002613333333333333
1751.0	15.0	1.0	0.0	3.266666666666666e-05
1766.0	15.0	1.0	0.0	1.866666666666667e-05
1781.0	15.0	1.0	0.0	4.133333333333333e-05
1796.0	15.0	1.0	0.0	1.5333333333333334e-05
1811.0	15.0	1.0	0.0	8.666666666666668e-06
1826.0	15.0	1.0	0.0	5.333333333333334e-06
3667.0	15.0	1.0	0.0	3.4e-05
3682.0	15.0	1.0	0.0	3.466666666666667e-05
3697.0	15.0	1.0	0.0	0.00013466666666666667
3712.0	15.0	1.0	0.0	0.00039866666666666664
3727.0	15.0	1.0	0.0	0.00032533333333333334
3742.0	15.0	1.0	0.0	7.266666666666667e-05
3757.0	15.0	1.0	0.0	0.0021753333333333334
3772.0	15.0	1.0	0.0	0.0015539999999999998
3787.0	15.0	1.0	0.0	0.004177333333333333
3802.0	15.0	1.0	0.0	0.002952666666666666
3817.0	15.0	1.0	0.0	0.0034013333333333335
3832.0	15.0	1.0	0.0	0.0014753333333333333
3847.0	15.0	1.0	0.0	0.0006286666666666667
3862.0	15.0	1.0	0.0	0.002542
3877.0	15.0	1.0	0.0	0.0015346666666666668
3892.0	15.0	1.0	0.0	0.0017113333333333336
3907.0	15.0	1.0	0.0	0.0005393333333333333
3922.0	15.0	1.0	0.0	0.00101
3937.0	15.0	1.0	0.0	0.003938666666666666
3952.0	15.0	1.0	0.0	0.0038139999999999992
3967.0	15.0	1.0	0.0	0.00013133333333333332
3982.0	15.0	1.0	0.0	8.466666666666666e-05
3997.0	15.0	1.0	0.0	0.00015866666666666668
4012.0	15.0	1.0	0.0	5.133333333333334e-05
4392.0	15.0	1.0	0.0	5.5333333333333334e-05
4407.0	15.0	1.0	0.0	7.866666666666669e-05
4422.0	15.0	1.0	0.0	3.6666666666666666e-05
4437.0	15.0	1.0	0.0	0.0003613333333333333
4452.0	15.0	1.0	0.0	0.0027213333333333334
4467.0	15.0	1.0	0.0	0.0018980000000000002
4482.0	15.0	1.0	0.0	0.0032159999999999997
4497.0	15.0	1.0	0.0	0.002619333333333333
4512.0	15.0	1.0	0.0	0.006397333333333335
4527.0	15.0	1.0	0.0	0.004213333333333334
4542.0	15.0	1.0	0.0	0.0012039999999999998
4557.0	15.0	1.0	0.0	0.0010966666666666666
4572.0	15.0	1.0	0.0	0.0013613333333333335
4587.0	15.0	1.0	0.0	0.001048
4602.0	15.0	1.0	0.0	0.00023066666666666667
4617.0	15.0	1.0	0.0	0.0009386666666666669
4632.0	15.0	1.0	0.0	0.00106
4647.0	15.0	1.0	0.0	0.000902
4662.0	15.0	1.0	0.0	0.0022126666666666666
4677.0	15.0	1.0	0.0	0.00047200000000000003
4692.0	15.0	1.0	0.0	2.2e-05
4707.0	15.0	1.0	0.0	3.1333333333333334e-05
4722.0	15.0	1.0	0.0	1.3333333333333334e-06
4737.0	15.0	1.0	0.0	2.666666666666667e-06
2561.0	15.0	1.0	0.0	7.333333333333332e-06
2576.0	15.0	1.0	0.0	7.8e-05
2591.0	15.0	1.0	0.0	3.3333333333333333e-06
2606.0	15.0	1.0	0.0	3.2000000000000005e-05
2621.0	15.0	1.0	0.0	3.3333333333333335e-05
2636.0	15.0	1.0	0.0	0.00015
2651.0	15.0	1.0	0.0	0.0004993333333333333
2666.0	15.0	1.0	0.0	0.0012393333333333332
2681.0	15.0	1.0	0.0	0.0016106666666666665
2696.0	15.0	1.0	0.0	0.002255333333333333
2711.0	15.0	1.0	0.0	0.0016626666666666665
2726.0	15.0	1.0	0.0	0.002783333333333333
2741.0	15.0	1.0	0.0	0.004013333333333333
2756.0	15.0	1.0	0.0	0.0049373333333333335
2771.0	15.0	1.0	0.0	0.0010533333333333332
2786.0	15.0	1.0	0.0	0.003483333333333333
2801.0	15.0	1.0	0.0	0.0012086666666666663
2816.0	15.0	1.0	0.0	0.0003006666666666667
2831.0	15.0	1.0	0.0	0.000562
2846.0	15.0	1.0	0.0	4.266666666666667e-05
2861.0	15.0	1.0	0.0	0.000106
2876.0	15.0	1.0	0.0	0.00013733333333333336
2891.0	15.0	1.0	0.0	0.00014333333333333334
2906.0	15.0	1.0	0.0	7.066666666666666e-05
2921.0	15.0	1.0	0.0	8e-05
10241.0	15.0	1.0	0.0	8.000000000000001e-06
10256.0	15.0	1.0	0.0	0.00019933333333333334
10271.0	15.0	1.0	0.0	0.0001
10286.0	15.0	1.0	0.0	0.000154
10301.0	15.0	1.0	0.0	0.0011346666666666666
10316.0	15.0	1.0	0.0	0.0049700000000000005
10331.0	15.0	1.0	0.0	0.0025606666666666673
10346.0	15.0	1.0	0.0	0.0028046666666666675
10361.0	15.0	1.0	0.0	0.00361
10376.0	15.0	1.0	0.0	0.0034653333333333333
10391.0	15.0	1.0	0.0	0.003270666666666666
10406.0	15.0	1.0	0.0	0.0018986666666666668
10421.0	15.0	1.0	0.0	0.002842
10436.0	15.0	1.0	0.0	0.0030713333333333335
10451.0	15.0	1.0	0.0	0.00043733333333333336
10466.0	15.0	1.0	0.0	0.00014
10481.0	15.0	1.0	0.0	0.0006453333333333333
10496.0	15.0	1.0	0.0	0.0003873333333333333
10511.0	15.0	1.0	0.0	0.00023333333333333333
10526.0	15.0	1.0	0.0	0.00010066666666666667
10541.0	15.0	1.0	0.0	6.666666666666667e-07
10556.0	15.0	1.0	0.0	2.6e-05
10571.0	15.0	1.0	0.0	6.666666666666667e-07
10586.0	15.0	1.0	0.0	0.0
2200.0	15.0	1.0	0.0	6.666666666666667e-07
2215.0	15.0	1.0	0.0	1.2e-05
2230.0	15.0	1.0	0.0	0.00012800000000000002
2245.0	15.0	1.0	0.0	0.000516
2260.0	15.0	1.0	0.0	0.0007766666666666666
2275.0	15.0	1.0	0.0	0.002008666666666667
2290.0	15.0	1.0	0.0	0.0020826666666666667
2305.0	15.0	1.0	0.0	0.0037246666666666665
2320.0	15.0	1.0	0.0	0.003783333333333334
2335.0	15.0	1.0	0.0	0.0008886666666666665
2350.0	15.0	1.0	0.0	0.002332
2365.0	15.0	1.0	0.0	0.002843333333333334
2380.0	15.0	1.0	0.0	0.0033726666666666657
2395.0	15.0	1.0	0.0	0.001914
2410.0	15.0	1.0	0.0	0.00075
2425.0	15.0	1.0	0.0	0.0018573333333333332
2440.0	15.0	1.0	0.0	0.0002953333333333334
2455.0	15.0	1.0	0.0	0.00017
2470.0	15.0	1.0	0.0	0.00033333333333333327
2485.0	15.0	1.0	0.0	2.7333333333333335e-05
2500.0	15.0	1.0	0.0	0.00025600000000000004
2515.0	15.0	1.0	0.0	2.0666666666666666e-05
2530.0	15.0	1.0	0.0	0.00012933333333333335
2545.0	15.0	1.0	0.0	0.000122
4021.0	15.0	1.0	0.0	0.00012866666666666666
4036.0	15.0	1.0	0.0	1.9333333333333337e-05
4051.0	15.0	1.0	0.0	2.4666666666666665e-05
4066.0	15.0	1.0	0.0	0.0005446666666666666
4081.0	15.0	1.0	0.0	0.0009946666666666667
4096.0	15.0	1.0	0.0	0.004377999999999999
4111.0	15.0	1.0	0.0	0.0009120000000000002
4126.0	15.0	1.0	0.0	0.0009666666666666666
4141.0	15.0	1.0	0.0	0.0034873333333333336
4156.0	15.0	1.0	0.0	0.004388
4171.0	15.0	1.0	0.0	0.003550666666666667
4186.0	15.0	1.0	0.0	0.0017013333333333333
4201.0	15.0	1.0	0.0	0.000282
4216.0	15.0	1.0	0.0	0.0006326666666666667
4231.0	15.0	1.0	0.0	0.001606
4246.0	15.0	1.0	0.0	0.0014106666666666668
4261.0	15.0	1.0	0.0	7.533333333333334e-05
4276.0	15.0	1.0	0.0	0.0
4291.0	15.0	1.0	0.0	9.533333333333334e-05
4306.0	15.0	1.0	0.0	9.4e-05
4321.0	15.0	1.0	0.0	0.00012266666666666668
4336.0	15.0	1.0	0.0	0.00017
4351.0	15.0	1.0	0.0	0.00013666666666666664
4366.0	15.0	1.0	0.0	0.00010200000000000001
4381.0	15.0	1.0	0.0	0.000262
8779.0	15.0	1.0	0.0	7.599999999999999e-05
8794.0	15.0	1.0	0.0	0.00029333333333333327
8809.0	15.0	1.0	0.0	0.001366
8824.0	15.0	1.0	0.0	0.00028599999999999996
8839.0	15.0	1.0	0.0	0.0003133333333333333
8854.0	15.0	1.0	0.0	0.005198666666666667
8869.0	15.0	1.0	0.0	0.004584
8884.0	15.0	1.0	0.0	0.0016473333333333335
8899.0	15.0	1.0	0.0	0.0021353333333333337
8914.0	15.0	1.0	0.0	0.0036806666666666667
8929.0	15.0	1.0	0.0	0.003666666666666667
8944.0	15.0	1.0	0.0	0.007184000000000001
8959.0	15.0	1.0	0.0	0.0038320000000000003
8974.0	15.0	1.0	0.0	0.0033193333333333334
8989.0	15.0	1.0	0.0	0.001806666666666666
9004.0	15.0	1.0	0.0	0.00016866666666666668
9019.0	15.0	1.0	0.0	0.000202
9034.0	15.0	1.0	0.0	5.8e-05
9049.0	15.0	1.0	0.0	0.00016333333333333334
9064.0	15.0	1.0	0.0	5.466666666666667e-05
9079.0	15.0	1.0	0.0	7.2e-05
9094.0	15.0	1.0	0.0	3.3333333333333335e-05
9109.0	15.0	1.0	0.0	1.2666666666666667e-05
9124.0	15.0	1.0	0.0	4.933333333333333e-05
4391.0	15.0	1.0	0.0	5.666666666666667e-05
4406.0	15.0	1.0	0.0	7.733333333333335e-05
4421.0	15.0	1.0	0.0	2.9333333333333336e-05
4436.0	15.0	1.0	0.0	0.000348
4451.0	15.0	1.0	0.0	0.002474
4466.0	15.0	1.0	0.0	0.0020446666666666664
4481.0	15.0	1.0	0.0	0.0030253333333333334
4496.0	15.0	1.0	0.0	0.0026839999999999993
4511.0	15.0	1.0	0.0	0.006111333333333333
4526.0	15.0	1.0	0.0	0.004602666666666667
4541.0	15.0	1.0	0.0	0.0013353333333333333
4556.0	15.0	1.0	0.0	0.0009213333333333335
4571.0	15.0	1.0	0.0	0.0015466666666666671
4586.0	15.0	1.0	0.0	0.0010353333333333334
4601.0	15.0	1.0	0.0	0.00022533333333333333
4616.0	15.0	1.0	0.0	0.0008940000000000002
4631.0	15.0	1.0	0.0	0.0010593333333333334
4646.0	15.0	1.0	0.0	0.0008726666666666668
4661.0	15.0	1.0	0.0	0.0021339999999999996
4676.0	15.0	1.0	0.0	0.0006473333333333333
4691.0	15.0	1.0	0.0	2.2e-05
4706.0	15.0	1.0	0.0	2.6e-05
4721.0	15.0	1.0	0.0	6.666666666666667e-06
4736.0	15.0	1.0	0.0	2.666666666666667e-06
8038.0	15.0	1.0	0.0	2.066666666666667e-05
8053.0	15.0	1.0	0.0	0.00017533333333333333
8068.0	15.0	1.0	0.0	0.00018266666666666667
8083.0	15.0	1.0	0.0	0.00012733333333333336
8098.0	15.0	1.0	0.0	0.00013933333333333332
8113.0	15.0	1.0	0.0	0.0005566666666666667
8128.0	15.0	1.0	0.0	0.0018013333333333334
8143.0	15.0	1.0	0.0	0.005697999999999999
8158.0	15.0	1.0	0.0	0.004426666666666666
8173.0	15.0	1.0	0.0	0.0010153333333333334
8188.0	15.0	1.0	0.0	0.0011393333333333333
8203.0	15.0	1.0	0.0	0.001828
8218.0	15.0	1.0	0.0	1.6666666666666667e-05
8233.0	15.0	1.0	0.0	0.00011933333333333332
8248.0	15.0	1.0	0.0	6.666666666666667e-07
8263.0	15.0	1.0	0.0	3.933333333333334e-05
8278.0	15.0	1.0	0.0	0.00042600000000000005
8293.0	15.0	1.0	0.0	0.00048733333333333343
8308.0	15.0	1.0	0.0	5.6e-05
8323.0	15.0	1.0	0.0	0.00012466666666666667
8338.0	15.0	1.0	0.0	0.000958
8353.0	15.0	1.0	0.0	0.00154
8368.0	15.0	1.0	0.0	9.6e-05
8383.0	15.0	1.0	0.0	8.733333333333333e-05
8398.0	15.0	1.0	0.0	0.00017466666666666667
377.0	15.0	1.0	0.0	0.00010333333333333333
392.0	15.0	1.0	0.0	3.266666666666666e-05
407.0	15.0	1.0	0.0	3.0000000000000008e-05
422.0	15.0	1.0	0.0	5.999999999999999e-06
437.0	15.0	1.0	0.0	5.133333333333334e-05
452.0	15.0	1.0	0.0	0.000108
467.0	15.0	1.0	0.0	0.0004586666666666666
482.0	15.0	1.0	0.0	0.0012333333333333335
497.0	15.0	1.0	0.0	0.0003759999999999999
512.0	15.0	1.0	0.0	0.00037400000000000004
527.0	15.0	1.0	0.0	0.0026026666666666668
542.0	15.0	1.0	0.0	0.004692
557.0	15.0	1.0	0.0	0.0044413333333333345
572.0	15.0	1.0	0.0	0.0019420000000000001
587.0	15.0	1.0	0.0	0.0010273333333333332
602.0	15.0	1.0	0.0	0.0002246666666666667
617.0	15.0	1.0	0.0	0.0009906666666666666
632.0	15.0	1.0	0.0	0.0005546666666666666
647.0	15.0	1.0	0.0	0.0008286666666666665
662.0	15.0	1.0	0.0	0.00023333333333333336
677.0	15.0	1.0	0.0	0.00020533333333333336
692.0	15.0	1.0	0.0	6.8e-05
707.0	15.0	1.0	0.0	2.1333333333333335e-05
722.0	15.0	1.0	0.0	4.3333333333333334e-05
1833.0	15.0	1.0	0.0	2.2e-05
1848.0	15.0	1.0	0.0	4e-06
1863.0	15.0	1.0	0.0	0.000162
1878.0	15.0	1.0	0.0	0.00013866666666666669
1893.0	15.0	1.0	0.0	4.666666666666667e-05
1908.0	15.0	1.0	0.0	0.00015000000000000001
1923.0	15.0	1.0	0.0	0.00046933333333333327
1938.0	15.0	1.0	0.0	0.0012973333333333333
1953.0	15.0	1.0	0.0	0.0005673333333333334
1968.0	15.0	1.0	0.0	0.00014066666666666668
1983.0	15.0	1.0	0.0	2.5333333333333334e-05
1998.0	15.0	1.0	0.0	0.00019666666666666669
2013.0	15.0	1.0	0.0	0.0018686666666666667
2028.0	15.0	1.0	0.0	0.0005633333333333334
2043.0	15.0	1.0	0.0	0.000352
2058.0	15.0	1.0	0.0	0.0005606666666666669
2073.0	15.0	1.0	0.0	3.733333333333333e-05
2088.0	15.0	1.0	0.0	7.333333333333334e-06
2103.0	15.0	1.0	0.0	8.666666666666666e-06
2118.0	15.0	1.0	0.0	1.3333333333333334e-06
2133.0	15.0	1.0	0.0	0.0
2148.0	15.0	1.0	0.0	0.0
2163.0	15.0	1.0	0.0	7.333333333333335e-06
2178.0	15.0	1.0	0.0	1.4666666666666668e-05
10594.0	15.0	1.0	0.0	3.266666666666667e-05
10609.0	15.0	1.0	0.0	4.466666666666667e-05
10624.0	15.0	1.0	0.0	5.333333333333333e-06
10639.0	15.0	1.0	0.0	0.00016199999999999998
10654.0	15.0	1.0	0.0	7.400000000000001e-05
10669.0	15.0	1.0	0.0	0.00021199999999999998
10684.0	15.0	1.0	0.0	0.00020866666666666673
10699.0	15.0	1.0	0.0	0.0004433333333333332
10714.0	15.0	1.0	0.0	0.0030006666666666662
10729.0	15.0	1.0	0.0	0.007408666666666668
10744.0	15.0	1.0	0.0	0.004037999999999999
10759.0	15.0	1.0	0.0	0.0003393333333333333
10774.0	15.0	1.0	0.0	0.0008886666666666665
10789.0	15.0	1.0	0.0	0.002854666666666667
10804.0	15.0	1.0	0.0	0.0007506666666666665
10819.0	15.0	1.0	0.0	0.00010400000000000001
10834.0	15.0	1.0	0.0	0.00023666666666666668
10849.0	15.0	1.0	0.0	0.00041600000000000003
10864.0	15.0	1.0	0.0	0.0003526666666666667
10879.0	15.0	1.0	0.0	0.00018600000000000002
10894.0	15.0	1.0	0.0	0.00017133333333333334
10909.0	15.0	1.0	0.0	6.666666666666667e-06
10924.0	15.0	1.0	0.0	0.00010666666666666665
10939.0	15.0	1.0	0.0	5.2000000000000004e-05
10954.0	15.0	1.0	0.0	4e-05
10969.0	15.0	1.0	0.0	1.7333333333333336e-05
10984.0	15.0	1.0	0.0	2.6666666666666667e-05
10999.0	15.0	1.0	0.0	5.133333333333334e-05
11014.0	15.0	1.0	0.0	0.0003686666666666667
11029.0	15.0	1.0	0.0	0.0006879999999999999
11044.0	15.0	1.0	0.0	0.005024666666666667
11059.0	15.0	1.0	0.0	0.010518666666666666
11074.0	15.0	1.0	0.0	0.004072666666666666
11089.0	15.0	1.0	0.0	0.002993333333333334
11104.0	15.0	1.0	0.0	0.002834
11119.0	15.0	1.0	0.0	0.003629333333333333
11134.0	15.0	1.0	0.0	0.004067333333333334
11149.0	15.0	1.0	0.0	0.0022
11164.0	15.0	1.0	0.0	0.00015533333333333336
11179.0	15.0	1.0	0.0	0.003185333333333333
11194.0	15.0	1.0	0.0	0.004050666666666666
11209.0	15.0	1.0	0.0	0.00105
11224.0	15.0	1.0	0.0	0.0012553333333333336
11239.0	15.0	1.0	0.0	7.933333333333334e-05
11254.0	15.0	1.0	0.0	4.666666666666667e-06
11269.0	15.0	1.0	0.0	1.1333333333333334e-05
11284.0	15.0	1.0	0.0	3.3333333333333333e-06
11299.0	15.0	1.0	0.0	5.066666666666667e-05
11314.0	15.0	1.0	0.0	1.8e-05
11694.0	15.0	1.0	0.0	7.266666666666667e-05
11709.0	15.0	1.0	0.0	1.9333333333333333e-05
11724.0	15.0	1.0	0.0	0.0001513333333333333
11739.0	15.0	1.0	0.0	2.4e-05
11754.0	15.0	1.0	0.0	0.000114
11769.0	15.0	1.0	0.0	0.0005039999999999999
11784.0	15.0	1.0	0.0	0.002691333333333334
11799.0	15.0	1.0	0.0	0.002052
11814.0	15.0	1.0	0.0	0.001848
11829.0	15.0	1.0	0.0	0.004088666666666667
11844.0	15.0	1.0	0.0	0.002071333333333333
11859.0	15.0	1.0	0.0	0.0022640000000000004
11874.0	15.0	1.0	0.0	0.002541333333333334
11889.0	15.0	1.0	0.0	0.0005153333333333334
11904.0	15.0	1.0	0.0	0.0007740000000000002
11919.0	15.0	1.0	0.0	3.866666666666667e-05
11934.0	15.0	1.0	0.0	2.666666666666667e-06
11949.0	15.0	1.0	0.0	3.1333333333333334e-05
11964.0	15.0	1.0	0.0	4.333333333333334e-05
11979.0	15.0	1.0	0.0	0.00010333333333333333
11994.0	15.0	1.0	0.0	1.8e-05
12009.0	15.0	1.0	0.0	1.3333333333333334e-06
12024.0	15.0	1.0	0.0	1.6666666666666667e-05
12039.0	15.0	1.0	0.0	9.333333333333334e-06
8767.0	15.0	1.0	0.0	0.000192
8782.0	15.0	1.0	0.0	7.599999999999999e-05
8797.0	15.0	1.0	0.0	0.0005313333333333333
8812.0	15.0	1.0	0.0	0.001338666666666667
8827.0	15.0	1.0	0.0	7.533333333333333e-05
8842.0	15.0	1.0	0.0	0.0009333333333333332
8857.0	15.0	1.0	0.0	0.0058526666666666675
8872.0	15.0	1.0	0.0	0.0035559999999999997
8887.0	15.0	1.0	0.0	0.0019433333333333336
8902.0	15.0	1.0	0.0	0.0023713333333333334
8917.0	15.0	1.0	0.0	0.003368666666666667
8932.0	15.0	1.0	0.0	0.005170666666666666
8947.0	15.0	1.0	0.0	0.00592
8962.0	15.0	1.0	0.0	0.003874
8977.0	15.0	1.0	0.0	0.0029613333333333336
8992.0	15.0	1.0	0.0	0.0015333333333333334
9007.0	15.0	1.0	0.0	5.2000000000000004e-05
9022.0	15.0	1.0	0.0	0.00020666666666666668
9037.0	15.0	1.0	0.0	0.00016533333333333333
9052.0	15.0	1.0	0.0	5.933333333333334e-05
9067.0	15.0	1.0	0.0	4.866666666666667e-05
9082.0	15.0	1.0	0.0	7e-05
9097.0	15.0	1.0	0.0	3.5333333333333336e-05
9112.0	15.0	1.0	0.0	2.4e-05
9127.0	15.0	1.0	0.0	4e-06
6951.0	15.0	1.0	0.0	1.3999999999999998e-05
6966.0	15.0	1.0	0.0	6.666666666666667e-07
6981.0	15.0	1.0	0.0	7.466666666666667e-05
6996.0	15.0	1.0	0.0	5.333333333333334e-06
7011.0	15.0	1.0	0.0	6.666666666666667e-06
7026.0	15.0	1.0	0.0	0.0002433333333333333
7041.0	15.0	1.0	0.0	5.600000000000001e-05
7056.0	15.0	1.0	0.0	0.0
7071.0	15.0	1.0	0.0	0.0005
7086.0	15.0	1.0	0.0	0.000256
7101.0	15.0	1.0	0.0	0.0012126666666666668
7116.0	15.0	1.0	0.0	0.002988666666666667
7131.0	15.0	1.0	0.0	0.005986666666666666
7146.0	15.0	1.0	0.0	0.0013553333333333338
7161.0	15.0	1.0	0.0	3.3333333333333335e-05
7176.0	15.0	1.0	0.0	5.466666666666667e-05
7191.0	15.0	1.0	0.0	0.000216
7206.0	15.0	1.0	0.0	6.666666666666667e-06
7221.0	15.0	1.0	0.0	1e-05
7236.0	15.0	1.0	0.0	1.1333333333333334e-05
7251.0	15.0	1.0	0.0	8.266666666666665e-05
7266.0	15.0	1.0	0.0	3.733333333333334e-05
7281.0	15.0	1.0	0.0	6.666666666666667e-06
7296.0	10.0	1.0	0.0	1.0000000000000002e-06
