stress_period	sp_length	time_step	study (0 : TS or 1 : SS)	rech
0.0	1.0	1.0	1.0	0.00019278781999037598
1.0	21.0	1.0	0.0	0.0004593905494326143
22.0	21.0	1.0	0.0	0.0004603011721655953
43.0	21.0	1.0	0.0	0.0005453253246488524
64.0	21.0	1.0	0.0	0.00030469076974046195
85.0	21.0	1.0	0.0	0.0001387416294642381
106.0	21.0	1.0	0.0	7.236117408388452e-05
127.0	21.0	1.0	0.0	2.9823666527157735e-05
148.0	21.0	1.0	0.0	0.0001884645734514363
169.0	21.0	1.0	0.0	4.2690458751860114e-05
190.0	21.0	1.0	0.0	2.245294480096726e-05
211.0	21.0	1.0	0.0	1.4026064957891192e-05
232.0	21.0	1.0	0.0	7.76882753485725e-06
253.0	21.0	1.0	0.0	5.2850047747294105e-06
274.0	21.0	1.0	0.0	1.0782891795748758e-05
295.0	21.0	1.0	0.0	3.9597863242739725e-06
316.0	21.0	1.0	0.0	3.4268526803879513e-06
337.0	21.0	1.0	0.0	6.429288500830568e-05
358.0	21.0	1.0	0.0	5.227079845609446e-05
379.0	21.0	1.0	0.0	9.617318425858734e-05
400.0	21.0	1.0	0.0	0.00019017814454572383
421.0	21.0	1.0	0.0	0.0001177289145333164
442.0	21.0	1.0	0.0	7.706501370384293e-05
463.0	21.0	1.0	0.0	4.710088457380022e-05
484.0	21.0	1.0	0.0	0.00020656181517099564
505.0	21.0	1.0	0.0	6.261680239721964e-05
526.0	21.0	1.0	0.0	1.9567762102399553e-05
547.0	21.0	1.0	0.0	1.184027535574777e-05
568.0	21.0	1.0	0.0	7.0569391051928194e-06
589.0	21.0	1.0	0.0	4.780888202644531e-06
610.0	21.0	1.0	0.0	4.78866696357727e-06
631.0	21.0	1.0	0.0	3.839195909953525e-05
652.0	21.0	1.0	0.0	0.00019642770290371933
673.0	21.0	1.0	0.0	7.408807391211192e-05
694.0	21.0	1.0	0.0	0.0001140142168317377
715.0	21.0	1.0	0.0	0.0002047012419927095
736.0	21.0	1.0	0.0	9.902136666432453e-05
757.0	21.0	1.0	0.0	6.0575031098865327e-05
778.0	21.0	1.0	0.0	0.0004537023816789668
799.0	21.0	1.0	0.0	0.0004217849913096952
820.0	21.0	1.0	0.0	0.00013329406011669
841.0	21.0	1.0	0.0	5.620574951171875e-05
862.0	21.0	1.0	0.0	2.4200076148623508e-05
883.0	21.0	1.0	0.0	1.224971952892485e-05
904.0	21.0	1.0	0.0	7.1563720703125004e-06
925.0	21.0	1.0	0.0	6.478049082770235e-06
946.0	21.0	1.0	0.0	3.924489863926456e-06
967.0	21.0	1.0	0.0	2.89423306073399e-05
988.0	21.0	1.0	0.0	8.953938881554931e-05
1009.0	21.0	1.0	0.0	7.796944890701612e-05
1030.0	21.0	1.0	0.0	8.365517570858912e-06
1051.0	21.0	1.0	0.0	1.5845003582182384e-05
1072.0	21.0	1.0	0.0	1.1236190795898438e-05
1093.0	21.0	1.0	0.0	2.8279418037051235e-05
1114.0	21.0	1.0	0.0	2.7194000425792872e-05
1135.0	21.0	1.0	0.0	2.5351251874651227e-05
1156.0	21.0	1.0	0.0	1.7979644593738373e-05
1177.0	21.0	1.0	0.0	8.086654118127312e-05
1198.0	21.0	1.0	0.0	2.2886321658179873e-05
1219.0	21.0	1.0	0.0	1.439380645751953e-05
1240.0	21.0	1.0	0.0	8.913040161132813e-06
1261.0	21.0	1.0	0.0	5.606424240838914e-06
1282.0	21.0	1.0	0.0	4.5504797072637644e-06
1303.0	21.0	1.0	0.0	2.9661424812816432e-06
1324.0	21.0	1.0	0.0	2.296267875603267e-06
1345.0	21.0	1.0	0.0	1.8556174777802968e-06
1366.0	21.0	1.0	0.0	1.677683421543666e-06
1387.0	21.0	1.0	0.0	8.655450173783609e-06
1408.0	21.0	1.0	0.0	3.1457793144948354e-05
1429.0	21.0	1.0	0.0	7.774068628038247e-05
1450.0	21.0	1.0	0.0	0.00010641439755755647
1471.0	21.0	1.0	0.0	6.26868520464141e-05
1492.0	21.0	1.0	0.0	4.872288022721669e-05
1513.0	21.0	1.0	0.0	6.619505655197872e-05
1534.0	21.0	1.0	0.0	4.1350773402622776e-05
1555.0	21.0	1.0	0.0	0.0003884904952275854
1576.0	21.0	1.0	0.0	0.0001278176080612624
1597.0	21.0	1.0	0.0	3.8459142049153655e-05
1618.0	21.0	1.0	0.0	9.15713537306925e-05
1639.0	21.0	1.0	0.0	1.6548610868908115e-05
1660.0	21.0	1.0	0.0	9.583080808321634e-06
1681.0	21.0	1.0	0.0	6.069936922618321e-06
1702.0	21.0	1.0	0.0	4.410467687107268e-06
1723.0	21.0	1.0	0.0	0.000189520725182108
1744.0	21.0	1.0	0.0	0.00021483491715928334
1765.0	21.0	1.0	0.0	0.00011236735752647584
1786.0	21.0	1.0	0.0	0.00010984838576539673
1807.0	21.0	1.0	0.0	0.0001000244958059925
1828.0	21.0	1.0	0.0	6.668885548909507e-05
1849.0	21.0	1.0	0.0	0.0010304856981549555
1870.0	21.0	1.0	0.0	0.0006079221452985049
1891.0	21.0	1.0	0.0	0.0002364283970423619
1912.0	21.0	1.0	0.0	0.00012118130638483125
1933.0	21.0	1.0	0.0	7.295190720330549e-05
1954.0	21.0	1.0	0.0	3.289159138997395e-05
1975.0	21.0	1.0	0.0	1.686005365280878e-05
1996.0	21.0	1.0	0.0	1.0562351771763392e-05
2017.0	21.0	1.0	0.0	6.729852585565475e-06
2038.0	21.0	1.0	0.0	4.399282591683524e-06
2059.0	21.0	1.0	0.0	3.3510029315948487e-06
2080.0	21.0	1.0	0.0	1.362941520554227e-05
2101.0	21.0	1.0	0.0	8.684662126357608e-05
2122.0	21.0	1.0	0.0	0.0005088039125714476
2143.0	21.0	1.0	0.0	0.0003865276972452333
2164.0	21.0	1.0	0.0	0.00022722489493230002
2185.0	21.0	1.0	0.0	0.00013003249395457622
2206.0	21.0	1.0	0.0	0.000283537910098081
2227.0	21.0	1.0	0.0	0.0009634199596586191
2248.0	21.0	1.0	0.0	0.0010755535307384143
2269.0	21.0	1.0	0.0	0.00029191117059611905
2290.0	21.0	1.0	0.0	0.00022850617908291428
2311.0	21.0	1.0	0.0	0.0003681052071707048
2332.0	21.0	1.0	0.0	0.0004606192452566428
2353.0	21.0	1.0	0.0	0.00012201908656527053
2374.0	21.0	1.0	0.0	3.802272251674107e-05
2395.0	21.0	1.0	0.0	1.7373557601656232e-05
2416.0	21.0	1.0	0.0	9.773773806435721e-06
2437.0	21.0	1.0	0.0	6.293569292340961e-06
2458.0	21.0	1.0	0.0	1.1148000047320411e-05
2479.0	21.0	1.0	0.0	7.70750783738636e-06
2500.0	21.0	1.0	0.0	0.0002926051361220145
2521.0	21.0	1.0	0.0	0.00013121668497719825
2542.0	21.0	1.0	0.0	4.882835206531341e-05
2563.0	21.0	1.0	0.0	0.00026135544549847503
2584.0	21.0	1.0	0.0	0.00014886411031082858
2605.0	21.0	1.0	0.0	7.299831935337612e-05
2626.0	21.0	1.0	0.0	3.7803922380719855e-05
2647.0	21.0	1.0	0.0	3.254881359281808e-05
2668.0	21.0	1.0	0.0	1.7594019571940105e-05
2689.0	21.0	1.0	0.0	1.084763663155692e-05
2710.0	21.0	1.0	0.0	6.6463833763485865e-06
2731.0	21.0	1.0	0.0	4.4296809605189725e-06
2752.0	21.0	1.0	0.0	3.2029339954966595e-06
2773.0	21.0	1.0	0.0	5.699038416856055e-05
2794.0	21.0	1.0	0.0	6.0380243119739365e-06
2815.0	21.0	1.0	0.0	3.1739757174537296e-06
2836.0	21.0	1.0	0.0	7.00617290678411e-05
2857.0	21.0	1.0	0.0	0.000786131188982962
2878.0	21.0	1.0	0.0	0.0009678329286120763
2899.0	21.0	1.0	0.0	0.0005862911769321427
2920.0	21.0	1.0	0.0	0.001823176247732933
2941.0	21.0	1.0	0.0	0.0007957175118582002
2962.0	21.0	1.0	0.0	0.000944481985909543
2983.0	21.0	1.0	0.0	0.00042836398170104285
3004.0	21.0	1.0	0.0	0.0004398520333425904
3025.0	21.0	1.0	0.0	0.0005283486502510809
3046.0	21.0	1.0	0.0	0.00029163542247949523
3067.0	21.0	1.0	0.0	8.239310128347439e-05
3088.0	21.0	1.0	0.0	3.199550083705357e-05
3109.0	21.0	1.0	0.0	2.096630278087797e-05
3130.0	21.0	1.0	0.0	1.7958140089398337e-05
3151.0	21.0	1.0	0.0	7.528420005525862e-06
3172.0	21.0	1.0	0.0	5.192875862121581e-06
3193.0	21.0	1.0	0.0	5.412030220030904e-05
3214.0	21.0	1.0	0.0	1.2394933473496209e-05
3235.0	21.0	1.0	0.0	0.0007714882805233629
3256.0	21.0	1.0	0.0	0.0015265196845644525
3277.0	21.0	1.0	0.0	0.0010880733671641903
3298.0	21.0	1.0	0.0	0.0015376525152296862
3319.0	21.0	1.0	0.0	0.0010427533104305664
3340.0	21.0	1.0	0.0	0.0008874878656295954
3361.0	21.0	1.0	0.0	0.0015031607491629094
3382.0	21.0	1.0	0.0	0.0010588008335658049
3403.0	21.0	1.0	0.0	0.00019349525088351187
3424.0	21.0	1.0	0.0	5.581592378162202e-05
3445.0	21.0	1.0	0.0	2.3282732282366077e-05
3466.0	21.0	1.0	0.0	1.3711838495163688e-05
3487.0	21.0	1.0	0.0	8.043639007068816e-06
3508.0	21.0	1.0	0.0	5.946154395739237e-06
3529.0	21.0	1.0	0.0	7.146481956754412e-06
3550.0	21.0	1.0	0.0	5.676439830235071e-06
3571.0	21.0	1.0	0.0	0.00023644417240503915
3592.0	21.0	1.0	0.0	5.875646500359558e-05
3613.0	21.0	1.0	0.0	7.409404572984232e-05
3634.0	21.0	1.0	0.0	7.136808122907366e-05
3655.0	21.0	1.0	0.0	0.00021883365086141824
3676.0	21.0	1.0	0.0	0.0002728241057622381
3697.0	21.0	1.0	0.0	0.0007995232173374333
3718.0	21.0	1.0	0.0	0.0013756681169781954
3739.0	21.0	1.0	0.0	0.000957063220796081
3760.0	21.0	1.0	0.0	0.0002221592494419048
3781.0	21.0	1.0	0.0	8.222743443078927e-05
3802.0	21.0	1.0	0.0	2.92997814360119e-05
3823.0	21.0	1.0	0.0	1.3716924758184529e-05
3844.0	21.0	1.0	0.0	7.969447544642856e-06
3865.0	21.0	1.0	0.0	5.267571480501266e-06
3886.0	21.0	1.0	0.0	3.763783900510697e-06
3907.0	21.0	1.0	0.0	2.8820272002901356e-06
3928.0	21.0	1.0	0.0	2.3043503363927206e-06
3949.0	21.0	1.0	0.0	2.090966417675927e-06
3970.0	21.0	1.0	0.0	0.0002757449547449422
3991.0	21.0	1.0	0.0	0.0003784620875403598
4012.0	21.0	1.0	0.0	0.0004984168552216524
4033.0	21.0	1.0	0.0	0.0003473112923757809
4054.0	21.0	1.0	0.0	0.0001485354105631
4075.0	21.0	1.0	0.0	7.839529854910448e-05
4096.0	21.0	1.0	0.0	3.926522391183035e-05
4117.0	21.0	1.0	0.0	2.3220788864862354e-05
4138.0	21.0	1.0	0.0	4.0453956240694945e-05
4159.0	21.0	1.0	0.0	1.1638641357421874e-05
4180.0	21.0	1.0	0.0	7.101149786086311e-06
4201.0	21.0	1.0	0.0	4.629044305710566e-06
4222.0	21.0	1.0	0.0	3.357628626482827e-06
4243.0	21.0	1.0	0.0	2.853034862450191e-06
4264.0	21.0	1.0	0.0	2.1883682126090637e-06
4285.0	21.0	1.0	0.0	2.344032838231042e-06
4306.0	21.0	1.0	0.0	1.8519305047530913e-05
4327.0	21.0	1.0	0.0	7.508800143287294e-06
4348.0	21.0	1.0	0.0	0.0004196189386503699
4369.0	21.0	1.0	0.0	0.00041473452250158095
4390.0	21.0	1.0	0.0	0.0007502072652180475
4411.0	21.0	1.0	0.0	0.000468533107212562
4432.0	21.0	1.0	0.0	0.00021774509974883808
4453.0	21.0	1.0	0.0	0.00017530077979673335
4474.0	21.0	1.0	0.0	0.00012744667416523782
4495.0	21.0	1.0	0.0	0.00015361240931916083
4516.0	21.0	1.0	0.0	4.609262375604539e-05
4537.0	21.0	1.0	0.0	2.0865667433965772e-05
4558.0	21.0	1.0	0.0	1.2334551130022322e-05
4579.0	21.0	1.0	0.0	7.250258787756875e-06
4600.0	21.0	1.0	0.0	5.033910097110841e-06
4621.0	21.0	1.0	0.0	3.839609878403799e-06
4642.0	21.0	1.0	0.0	2.8347117560250413e-06
4663.0	21.0	1.0	0.0	2.3059518564315064e-06
4684.0	21.0	1.0	0.0	0.00045071260985870735
4705.0	21.0	1.0	0.0	0.0001808185577392095
4726.0	21.0	1.0	0.0	0.0017736944471086285
4747.0	21.0	1.0	0.0	0.0008927150907970003
4768.0	21.0	1.0	0.0	0.00036728559221536666
4789.0	21.0	1.0	0.0	0.0005185430617559048
4810.0	21.0	1.0	0.0	0.0011287936256045002
4831.0	21.0	1.0	0.0	0.00022919609433124288
4852.0	21.0	1.0	0.0	0.001229249863397467
4873.0	21.0	1.0	0.0	0.0003253529866536095
4894.0	21.0	1.0	0.0	0.00011962963285897797
4915.0	21.0	1.0	0.0	4.201107933407738e-05
4936.0	21.0	1.0	0.0	1.9114903041294646e-05
4957.0	21.0	1.0	0.0	1.0488358991486688e-05
4978.0	21.0	1.0	0.0	6.763186483156116e-06
4999.0	21.0	1.0	0.0	4.397340899421828e-05
5020.0	21.0	1.0	0.0	8.015655335925873e-06
5041.0	21.0	1.0	0.0	2.4288466998504878e-05
5062.0	21.0	1.0	0.0	0.00021743094353446528
5083.0	21.0	1.0	0.0	4.777797063191732e-05
5104.0	21.0	1.0	0.0	3.1287919907342826e-05
5125.0	21.0	1.0	0.0	0.0003778379531133217
5146.0	21.0	1.0	0.0	0.0002721638452438572
5167.0	21.0	1.0	0.0	0.00017050252641944764
5188.0	21.0	1.0	0.0	0.00030088179452073335
5209.0	21.0	1.0	0.0	9.77186475481164e-05
5230.0	21.0	1.0	0.0	4.3693542480468746e-05
5251.0	21.0	1.0	0.0	2.12950933547247e-05
5272.0	21.0	1.0	0.0	1.188078380766369e-05
5293.0	21.0	1.0	0.0	8.262997581845236e-06
5314.0	21.0	1.0	0.0	5.337503162168321e-06
5335.0	21.0	1.0	0.0	3.6257304960773103e-06
5356.0	21.0	1.0	0.0	2.7522600832439604e-06
5377.0	21.0	1.0	0.0	2.2926316374824164e-06
5398.0	21.0	1.0	0.0	0.00019109640731694173
5419.0	21.0	1.0	0.0	5.9586752028683706e-05
5440.0	21.0	1.0	0.0	0.0004079543749491001
5461.0	21.0	1.0	0.0	0.0005989393506730762
5482.0	21.0	1.0	0.0	0.002006033942812924
5503.0	21.0	1.0	0.0	0.001667967660086438
5524.0	21.0	1.0	0.0	0.0007910991850353001
5545.0	21.0	1.0	0.0	0.00030490657261435705
5566.0	21.0	1.0	0.0	9.633164178756489e-05
5587.0	21.0	1.0	0.0	6.698681059337262e-05
5608.0	21.0	1.0	0.0	3.846377418154762e-05
5629.0	21.0	1.0	0.0	2.0362490699404764e-05
5650.0	21.0	1.0	0.0	1.1024838402157735e-05
5671.0	21.0	1.0	0.0	2.2963024321055952e-05
5692.0	21.0	1.0	0.0	5.553649649733588e-06
5713.0	21.0	1.0	0.0	4.303639488560813e-06
5734.0	21.0	1.0	0.0	0.0002620361411855178
5755.0	21.0	1.0	0.0	4.956279482159655e-05
5776.0	21.0	1.0	0.0	6.989356449671085e-05
5797.0	21.0	1.0	0.0	4.7816367376411835e-05
5818.0	21.0	1.0	0.0	3.370453062511626e-05
5839.0	21.0	1.0	0.0	2.8544380551292782e-05
5860.0	21.0	1.0	0.0	7.821786971319007e-05
5881.0	21.0	1.0	0.0	0.00040639600299648094
5902.0	21.0	1.0	0.0	0.000396187282743862
5923.0	21.0	1.0	0.0	0.00017206546238485716
5944.0	21.0	1.0	0.0	7.77789524623189e-05
5965.0	21.0	1.0	0.0	3.151339576357888e-05
5986.0	21.0	1.0	0.0	3.8683936709444936e-05
6007.0	21.0	1.0	0.0	1.2807755243210569e-05
6028.0	21.0	1.0	0.0	1.1295318603515628e-05
6049.0	21.0	1.0	0.0	5.549777476560501e-06
6070.0	21.0	1.0	0.0	4.337243026211148e-06
6091.0	21.0	1.0	0.0	3.219187259674072e-06
6112.0	21.0	1.0	0.0	2.4975587924321495e-06
6133.0	21.0	1.0	0.0	3.1240369592394143e-06
6154.0	21.0	1.0	0.0	0.0001726245184739105
6175.0	21.0	1.0	0.0	2.873675028483073e-05
6196.0	21.0	1.0	0.0	8.711292630150202e-06
6217.0	21.0	1.0	0.0	7.420789627801803e-06
6238.0	21.0	1.0	0.0	6.469862801688057e-06
6259.0	21.0	1.0	0.0	5.517891475132533e-06
6280.0	21.0	1.0	0.0	4.712399982270741e-06
6301.0	21.0	1.0	0.0	3.930682227725074e-06
6322.0	21.0	1.0	0.0	4.531769525437127e-06
6343.0	21.0	1.0	0.0	2.9080481756301153e-06
6364.0	21.0	1.0	0.0	1.1118457430884933e-05
6385.0	21.0	1.0	0.0	2.550057002476284e-06
6406.0	21.0	1.0	0.0	1.6670907359747658e-06
6427.0	21.0	1.0	0.0	1.3300905092841103e-06
6448.0	21.0	1.0	0.0	1.133515898670469e-06
6469.0	21.0	1.0	0.0	9.935539038408372e-07
6490.0	21.0	1.0	0.0	9.007531972158523e-07
6511.0	21.0	1.0	0.0	8.028003431501025e-05
6532.0	21.0	1.0	0.0	4.524851980663292e-05
6553.0	21.0	1.0	0.0	0.0002283072698683604
6574.0	21.0	1.0	0.0	0.0009418409892490428
6595.0	21.0	1.0	0.0	0.0029858064197358335
6616.0	21.0	1.0	0.0	0.0018548493158249046
6637.0	21.0	1.0	0.0	0.0005433640252975762
6658.0	21.0	1.0	0.0	0.00022002519880018096
6679.0	21.0	1.0	0.0	8.29242524646494e-05
6700.0	21.0	1.0	0.0	3.123401460193453e-05
6721.0	21.0	1.0	0.0	1.526532854352679e-05
6742.0	21.0	1.0	0.0	8.565993536086309e-06
6763.0	21.0	1.0	0.0	1.1876424153645835e-05
6784.0	21.0	1.0	0.0	5.029190509092241e-06
6805.0	21.0	1.0	0.0	3.3221475425220677e-06
6826.0	21.0	1.0	0.0	2.1197542548177416e-05
6847.0	21.0	1.0	0.0	0.0002784441454069751
6868.0	21.0	1.0	0.0	0.00034360472361242645
6889.0	21.0	1.0	0.0	0.0002179808389572428
6910.0	21.0	1.0	0.0	0.00012803223019549524
6931.0	21.0	1.0	0.0	8.691760471887813e-05
6952.0	21.0	1.0	0.0	0.0007327737354096588
6973.0	21.0	1.0	0.0	0.001126394907633424
6994.0	21.0	1.0	0.0	0.002083564576648476
7015.0	21.0	1.0	0.0	0.000715750921340181
7036.0	21.0	1.0	0.0	0.00022177342006133335
7057.0	21.0	1.0	0.0	0.00010040900820775329
7078.0	21.0	1.0	0.0	3.515842982700893e-05
7099.0	21.0	1.0	0.0	1.5821911039806546e-05
7120.0	21.0	1.0	0.0	8.87698218936012e-06
7141.0	21.0	1.0	0.0	5.723380794127781e-06
7162.0	21.0	1.0	0.0	1.6015585511921077e-05
7183.0	21.0	1.0	0.0	1.007931289218721e-05
7204.0	21.0	1.0	0.0	3.308662346431187e-06
7225.0	21.0	1.0	0.0	2.512733141581218e-06
7246.0	21.0	1.0	0.0	1.5532953398568287e-05
7267.0	21.0	1.0	0.0	2.379663217635382e-05
7288.0	21.0	1.0	0.0	0.00024813963118051717
7309.0	21.0	1.0	0.0	0.00014641729990637074
7330.0	21.0	1.0	0.0	0.0005143888564336545
7351.0	21.0	1.0	0.0	0.00032823726109091424
7372.0	21.0	1.0	0.0	0.00019867388407383805
7393.0	21.0	1.0	0.0	0.00013535535903199658
7414.0	21.0	1.0	0.0	5.910382952008928e-05
7435.0	21.0	1.0	0.0	2.57964361281622e-05
7456.0	21.0	1.0	0.0	1.2937454950241813e-05
7477.0	21.0	1.0	0.0	8.147830054873512e-06
7498.0	21.0	1.0	0.0	5.239765248483136e-06
7519.0	21.0	1.0	0.0	4.362866947693484e-06
7540.0	21.0	1.0	0.0	3.0843839049339293e-06
7561.0	21.0	1.0	0.0	2.3719207161948797e-06
7582.0	21.0	1.0	0.0	1.950434985614959e-06
7603.0	21.0	1.0	0.0	4.172267232621605e-05
7624.0	21.0	1.0	0.0	0.00021953906331739052
7645.0	21.0	1.0	0.0	5.362787700833997e-05
7666.0	21.0	1.0	0.0	3.7535054343087334e-05
7687.0	21.0	1.0	0.0	3.097434270949591e-05
7708.0	21.0	1.0	0.0	2.533735547746931e-05
7729.0	21.0	1.0	0.0	2.014441717238653e-05
7750.0	21.0	1.0	0.0	2.6409194582984566e-05
7771.0	21.0	1.0	0.0	2.3559297834123886e-05
7792.0	21.0	1.0	0.0	3.7036078316823366e-05
7813.0	21.0	1.0	0.0	5.4044995989105283e-05
7834.0	21.0	1.0	0.0	1.413113730294364e-05
7855.0	21.0	1.0	0.0	7.896695818219868e-06
7876.0	21.0	1.0	0.0	4.721896634215401e-06
7897.0	21.0	1.0	0.0	3.3834182790347512e-06
7918.0	21.0	1.0	0.0	2.63516108194987e-06
7939.0	21.0	1.0	0.0	1.0256675027665635e-05
7960.0	21.0	1.0	0.0	9.14352706500462e-06
7981.0	21.0	1.0	0.0	0.0001388971408207989
8002.0	21.0	1.0	0.0	0.00012209908167519422
8023.0	21.0	1.0	0.0	0.00010218872342789137
8044.0	21.0	1.0	0.0	5.7710284278506315e-05
8065.0	21.0	1.0	0.0	3.8019316537039625e-05
8086.0	21.0	1.0	0.0	0.0001456524531046429
8107.0	21.0	1.0	0.0	0.00019685613541370957
8128.0	21.0	1.0	0.0	7.223483494349322e-05
8149.0	21.0	1.0	0.0	3.103764851888021e-05
8170.0	21.0	1.0	0.0	1.5653519403366817e-05
8191.0	21.0	1.0	0.0	9.019942510695684e-06
8212.0	21.0	1.0	0.0	6.441570463634674e-06
8233.0	21.0	1.0	0.0	1.7991253485280862e-05
8254.0	21.0	1.0	0.0	5.1500016734713606e-06
8275.0	21.0	1.0	0.0	3.870978241875057e-06
8296.0	21.0	1.0	0.0	5.8802492561784705e-05
8317.0	21.0	1.0	0.0	4.649514243716285e-06
8338.0	21.0	1.0	0.0	2.9942875816708527e-06
8359.0	21.0	1.0	0.0	9.564070474533809e-06
8380.0	21.0	1.0	0.0	0.00012246147791542103
8401.0	21.0	1.0	0.0	2.3935567765008836e-05
8422.0	21.0	1.0	0.0	1.2032190958658853e-05
8443.0	21.0	1.0	0.0	3.910854884556229e-05
8464.0	21.0	1.0	0.0	7.622151147750683e-05
8485.0	21.0	1.0	0.0	2.949698766072591e-05
8506.0	21.0	1.0	0.0	1.9160906473795578e-05
8527.0	21.0	1.0	0.0	1.0936419169108074e-05
8548.0	21.0	1.0	0.0	6.532214936755952e-06
8569.0	21.0	1.0	0.0	4.1440327962239585e-06
8590.0	21.0	1.0	0.0	2.999623616536458e-06
8611.0	21.0	1.0	0.0	1.2319728732109069e-05
8632.0	21.0	1.0	0.0	3.2197953689666024e-06
8653.0	21.0	1.0	0.0	2.000688087372553e-06
8674.0	21.0	1.0	0.0	3.4757635423107726e-05
8695.0	21.0	1.0	0.0	1.8192035811288015e-05
8716.0	21.0	1.0	0.0	6.196974572680048e-05
8737.0	21.0	1.0	0.0	0.0001533813817160206
8758.0	21.0	1.0	0.0	0.00027856747309363265
8779.0	21.0	1.0	0.0	0.00047945440383180473
8800.0	21.0	1.0	0.0	0.00027937970842629046
8821.0	21.0	1.0	0.0	0.00019001869928265234
8842.0	21.0	1.0	0.0	8.968144371393942e-05
8863.0	21.0	1.0	0.0	0.00015174611409502173
8884.0	21.0	1.0	0.0	9.147898356117647e-05
8905.0	21.0	1.0	0.0	4.257728939964657e-05
8926.0	21.0	1.0	0.0	2.454648699079241e-05
8947.0	21.0	1.0	0.0	1.110076904296875e-05
8968.0	21.0	1.0	0.0	6.893421390226908e-06
8989.0	21.0	1.0	0.0	4.822569766214915e-06
9010.0	21.0	1.0	0.0	3.829487732478551e-06
9031.0	21.0	1.0	0.0	4.375641970407098e-05
9052.0	21.0	1.0	0.0	0.00024311288197832075
9073.0	21.0	1.0	0.0	0.0002260128884088047
9094.0	21.0	1.0	0.0	0.0018112242562429777
9115.0	21.0	1.0	0.0	0.0033550137111118283
9136.0	21.0	1.0	0.0	0.002445534479050377
9157.0	21.0	1.0	0.0	0.000912087576729862
9178.0	21.0	1.0	0.0	0.0003681582496279333
9199.0	21.0	1.0	0.0	0.0001320190429687202
9220.0	21.0	1.0	0.0	7.014102027529763e-05
9241.0	21.0	1.0	0.0	4.096839541480655e-05
9262.0	21.0	1.0	0.0	2.2085280645461307e-05
9283.0	21.0	1.0	0.0	1.1519659133184523e-05
9304.0	21.0	1.0	0.0	6.713140578497024e-06
9325.0	21.0	1.0	0.0	4.592694342136382e-06
9346.0	21.0	1.0	0.0	3.363663596766336e-06
9367.0	21.0	1.0	0.0	1.1421320693833357e-05
9388.0	21.0	1.0	0.0	3.432718061265492e-06
9409.0	21.0	1.0	0.0	7.000173841203962e-06
9430.0	21.0	1.0	0.0	1.8447271415165494e-05
9451.0	21.0	1.0	0.0	0.00010368098247617302
9472.0	21.0	1.0	0.0	9.53945659455582e-05
9493.0	21.0	1.0	0.0	9.692893709453874e-05
9514.0	21.0	1.0	0.0	5.588302158174061e-05
9535.0	21.0	1.0	0.0	3.498313540504092e-05
9556.0	21.0	1.0	0.0	2.1753038678850446e-05
9577.0	21.0	1.0	0.0	1.4120737711588538e-05
9598.0	21.0	1.0	0.0	9.49037642706008e-06
9619.0	21.0	1.0	0.0	1.653317042759486e-05
9640.0	21.0	1.0	0.0	0.00017872088296069715
9661.0	21.0	1.0	0.0	1.2610798790341333e-05
9682.0	21.0	1.0	0.0	7.180758884974889e-06
9703.0	21.0	1.0	0.0	4.986309224650973e-06
9724.0	21.0	1.0	0.0	7.221748076734089e-06
9745.0	21.0	1.0	0.0	5.088271129698981e-06
9766.0	21.0	1.0	0.0	7.970743378002565e-05
9787.0	21.0	1.0	0.0	1.1092191650753928e-05
9808.0	21.0	1.0	0.0	0.0001334076495397381
9829.0	21.0	1.0	0.0	4.16521117800758e-05
9850.0	21.0	1.0	0.0	3.822917029971168e-05
9871.0	21.0	1.0	0.0	0.00013102940150666863
9892.0	21.0	1.0	0.0	6.917649223690941e-05
9913.0	21.0	1.0	0.0	3.835065024239676e-05
9934.0	21.0	1.0	0.0	2.4571555001395094e-05
9955.0	21.0	1.0	0.0	1.94666272117978e-05
9976.0	21.0	1.0	0.0	1.3970692952473956e-05
9997.0	21.0	1.0	0.0	9.759221758161272e-06
10018.0	21.0	1.0	0.0	5.9111913045247395e-06
10039.0	21.0	1.0	0.0	4.084496271042597e-06
10060.0	21.0	1.0	0.0	3.0153741439183543e-06
10081.0	21.0	1.0	0.0	2.379967698029109e-06
10102.0	21.0	1.0	0.0	1.8867232969829014e-06
10123.0	21.0	1.0	0.0	1.563329427015214e-06
10144.0	21.0	1.0	0.0	4.3513779129292985e-05
10165.0	21.0	1.0	0.0	0.00017499694370085383
10186.0	21.0	1.0	0.0	0.0005414433479308865
10207.0	21.0	1.0	0.0	0.0010042566571916427
10228.0	21.0	1.0	0.0	0.001250898996988881
10249.0	21.0	1.0	0.0	0.00036979620797288103
10270.0	21.0	1.0	0.0	0.0001896594819568096
10291.0	21.0	1.0	0.0	0.00011074974423359732
10312.0	21.0	1.0	0.0	5.110422770182292e-05
10333.0	21.0	1.0	0.0	2.7475266229538686e-05
10354.0	21.0	1.0	0.0	1.496305919828869e-05
10375.0	21.0	1.0	0.0	8.199055989583335e-06
10396.0	21.0	1.0	0.0	5.217052641369048e-06
10417.0	21.0	1.0	0.0	3.6533900669642862e-06
10438.0	21.0	1.0	0.0	2.7408956417015627e-06
10459.0	21.0	1.0	0.0	2.3753211966582706e-06
10480.0	21.0	1.0	0.0	4.369378125383402e-05
10501.0	21.0	1.0	0.0	0.00010112690357933823
10522.0	21.0	1.0	0.0	4.274515878586542e-06
10543.0	21.0	1.0	0.0	1.214712006705148e-05
10564.0	21.0	1.0	0.0	2.3146595273699075e-05
10585.0	21.0	1.0	0.0	0.0002090864067985703
10606.0	21.0	1.0	0.0	0.0001563564482188857
10627.0	21.0	1.0	0.0	0.00021561767941423812
10648.0	21.0	1.0	0.0	0.00013606761750715717
10669.0	21.0	1.0	0.0	9.950138273691301e-05
10690.0	21.0	1.0	0.0	6.217229933965455e-05
10711.0	21.0	1.0	0.0	3.368731907435826e-05
10732.0	21.0	1.0	0.0	1.839810325985863e-05
10753.0	21.0	1.0	0.0	9.971527826218378e-06
10774.0	21.0	1.0	0.0	6.190436226981028e-06
10795.0	21.0	1.0	0.0	4.155808793646948e-06
10816.0	21.0	1.0	0.0	3.05869412564096e-06
10837.0	21.0	1.0	0.0	6.080553645179384e-06
10858.0	21.0	1.0	0.0	2.703062835193816e-06
10879.0	21.0	1.0	0.0	3.922040973390851e-06
10900.0	21.0	1.0	0.0	3.8442342054276244e-06
10921.0	21.0	1.0	0.0	3.6446622439793174e-06
10942.0	21.0	1.0	0.0	0.00015081744818459269
10963.0	21.0	1.0	0.0	8.005095663524005e-05
10984.0	21.0	1.0	0.0	0.0006990993817646894
11005.0	21.0	1.0	0.0	0.0006576401846748904
11026.0	21.0	1.0	0.0	0.0009620819091796381
11047.0	21.0	1.0	0.0	0.00018871289207816666
11068.0	21.0	1.0	0.0	7.624271937778154e-05
11089.0	21.0	1.0	0.0	5.541447230747426e-05
11110.0	21.0	1.0	0.0	2.651559738885789e-05
11131.0	21.0	1.0	0.0	5.0898597353973516e-05
11152.0	21.0	1.0	0.0	1.0892415507918313e-05
11173.0	21.0	1.0	0.0	6.9248660334518975e-06
11194.0	21.0	1.0	0.0	7.543922889800297e-06
11215.0	21.0	1.0	0.0	4.26130493481954e-06
11236.0	21.0	1.0	0.0	0.0002071397162618849
11257.0	21.0	1.0	0.0	3.25182733081636e-05
11278.0	21.0	1.0	0.0	0.00012748361769175358
11299.0	21.0	1.0	0.0	0.00010827927362350059
11320.0	21.0	1.0	0.0	0.0001830437069846905
11341.0	21.0	1.0	0.0	0.0013379255022320953
11362.0	21.0	1.0	0.0	0.0008186503819056428
11383.0	21.0	1.0	0.0	0.00038898268200098564
11404.0	21.0	1.0	0.0	0.00017305973597930952
11425.0	21.0	1.0	0.0	7.710447765531283e-05
11446.0	21.0	1.0	0.0	3.31268310546875e-05
11467.0	21.0	1.0	0.0	1.649039132254464e-05
11488.0	21.0	1.0	0.0	9.166535877046128e-06
11509.0	21.0	1.0	0.0	6.851922898065478e-06
11530.0	21.0	1.0	0.0	4.482601370130267e-06
11551.0	21.0	1.0	0.0	3.3886198486600602e-06
11572.0	21.0	1.0	0.0	4.691673886208306e-06
11593.0	21.0	1.0	0.0	3.0583072276342486e-06
11614.0	21.0	1.0	0.0	4.5953648430960516e-06
11635.0	21.0	1.0	0.0	9.129353931971955e-06
11656.0	21.0	1.0	0.0	7.681795528956339e-05
11677.0	21.0	1.0	0.0	2.0964906329200388e-05
11698.0	21.0	1.0	0.0	4.726556369235728e-05
11719.0	21.0	1.0	0.0	1.7327433540707544e-05
11740.0	21.0	1.0	0.0	1.3127213432675316e-05
11761.0	21.0	1.0	0.0	1.0621706644694008e-05
11782.0	21.0	1.0	0.0	7.82655534290132e-06
11803.0	21.0	1.0	0.0	5.663031623477028e-06
11824.0	21.0	1.0	0.0	5.587259928385416e-06
11845.0	21.0	1.0	0.0	3.2010305495489223e-06
11866.0	21.0	1.0	0.0	2.3713793073381693e-06
11887.0	21.0	1.0	0.0	1.8771660647221974e-06
11908.0	21.0	1.0	0.0	1.582345880922817e-06
11929.0	21.0	1.0	0.0	1.3323878603322166e-06
11950.0	21.0	1.0	0.0	1.1480879925546193e-06
11971.0	21.0	1.0	0.0	1.0117618810562865e-06
11992.0	21.0	1.0	0.0	0.00040583882019629727
12013.0	21.0	1.0	0.0	0.00010513814290363208
12034.0	21.0	1.0	0.0	0.00041844490596220957
12055.0	21.0	1.0	0.0	0.0004057015010288285
12076.0	21.0	1.0	0.0	0.00020876493908105235
12097.0	21.0	1.0	0.0	0.00016483833676288095
12118.0	21.0	1.0	0.0	0.00018553633916940952
12139.0	21.0	1.0	0.0	0.00011180132911313676
12160.0	21.0	1.0	0.0	0.00015018154325935817
12181.0	21.0	1.0	0.0	4.752912975492931e-05
12202.0	21.0	1.0	0.0	1.8674396333240333e-05
12223.0	21.0	1.0	0.0	9.51022193545387e-06
12244.0	21.0	1.0	0.0	6.004515148344494e-06
12265.0	21.0	1.0	0.0	3.965536469504618e-05
12286.0	21.0	1.0	0.0	4.14492402757917e-06
12307.0	21.0	1.0	0.0	8.256590650194474e-05
12328.0	21.0	1.0	0.0	4.262685775756836e-06
12349.0	21.0	1.0	0.0	8.62716493152437e-06
12370.0	21.0	1.0	0.0	6.744066874186198e-06
12391.0	21.0	1.0	0.0	5.3074768611356615e-05
12412.0	21.0	1.0	0.0	8.162907191685269e-06
12433.0	21.0	1.0	0.0	7.079474131264594e-05
12454.0	21.0	1.0	0.0	0.0001742465609595415
12475.0	21.0	1.0	0.0	7.434976668584676e-05
12496.0	21.0	1.0	0.0	0.00021288390386667617
12517.0	21.0	1.0	0.0	0.00013336535862508832
12538.0	21.0	1.0	0.0	7.447006588888729e-05
12559.0	21.0	1.0	0.0	2.503930954706101e-05
12580.0	21.0	1.0	0.0	2.92274838402113e-05
12601.0	21.0	1.0	0.0	8.63320486886161e-06
12622.0	21.0	1.0	0.0	5.532736224787575e-06
12643.0	21.0	1.0	0.0	4.24542561883018e-06
12664.0	21.0	1.0	0.0	4.318025850114368e-06
12685.0	21.0	1.0	0.0	4.765998749505907e-06
12706.0	21.0	1.0	0.0	3.4659107526143388e-06
12727.0	21.0	1.0	0.0	5.8065211489086444e-05
12748.0	21.0	1.0	0.0	6.724998496826329e-05
12769.0	21.0	1.0	0.0	0.0002297713870093559
12790.0	21.0	1.0	0.0	0.00041895559855864285
12811.0	21.0	1.0	0.0	0.0008393749963669001
12832.0	21.0	1.0	0.0	0.0010042848132904903
12853.0	21.0	1.0	0.0	0.0009515538896832714
12874.0	21.0	1.0	0.0	0.0002777085077194476
12895.0	21.0	1.0	0.0	7.309141613187203e-05
12916.0	21.0	1.0	0.0	2.5927589053199404e-05
12937.0	21.0	1.0	0.0	1.23291015625e-05
12958.0	21.0	1.0	0.0	7.202875046502975e-06
12979.0	21.0	1.0	0.0	4.823380061203525e-06
13000.0	21.0	1.0	0.0	1.3811746745235802e-05
13021.0	21.0	1.0	0.0	3.2212237517038984e-06
13042.0	21.0	1.0	0.0	2.527418590727307e-06
13063.0	21.0	1.0	0.0	6.720645087105886e-06
13084.0	21.0	1.0	0.0	3.071668602171399e-06
13105.0	21.0	1.0	0.0	3.262170723506382e-06
13126.0	21.0	1.0	0.0	2.8745475269499284e-06
13147.0	21.0	1.0	0.0	2.735004538581485e-06
13168.0	21.0	1.0	0.0	1.9930657886323474e-06
13189.0	21.0	1.0	0.0	5.187431971232096e-06
13210.0	21.0	1.0	0.0	3.284262191681326e-05
13231.0	21.0	1.0	0.0	2.9407103856401172e-05
13252.0	21.0	1.0	0.0	2.7628126598539798e-05
13273.0	21.0	1.0	0.0	8.897111529395694e-06
13294.0	21.0	1.0	0.0	5.350907643636067e-06
13315.0	21.0	1.0	0.0	3.5737923213413784e-06
13336.0	21.0	1.0	0.0	2.6801994868687223e-06
13357.0	21.0	1.0	0.0	2.2197858918280824e-06
13378.0	21.0	1.0	0.0	1.7434674359503249e-06
13399.0	21.0	1.0	0.0	1.4449347342763628e-06
13420.0	21.0	1.0	0.0	7.847724571114496e-06
13441.0	21.0	1.0	0.0	1.718107717377799e-05
13462.0	21.0	1.0	0.0	8.764760834830149e-06
13483.0	21.0	1.0	0.0	3.187054395675081e-05
13504.0	21.0	1.0	0.0	0.0002247068768455338
13525.0	21.0	1.0	0.0	6.255783353532598e-05
13546.0	21.0	1.0	0.0	3.097604569934664e-05
13567.0	21.0	1.0	0.0	1.956358410063244e-05
13588.0	21.0	1.0	0.0	1.3455027625674291e-05
13609.0	21.0	1.0	0.0	0.00015980906713574517
13630.0	21.0	1.0	0.0	6.26569475446396e-05
13651.0	21.0	1.0	0.0	6.8573633829744e-05
13672.0	21.0	1.0	0.0	2.2050267174130395e-05
13693.0	21.0	1.0	0.0	1.1405899411156063e-05
13714.0	21.0	1.0	0.0	6.736355523268382e-06
13735.0	21.0	1.0	0.0	4.5903832429931285e-06
13756.0	21.0	1.0	0.0	3.367434654917036e-06
13777.0	21.0	1.0	0.0	2.5818837540490287e-06
13798.0	21.0	1.0	0.0	9.977054879777928e-05
13819.0	21.0	1.0	0.0	1.142325855436779e-05
13840.0	21.0	1.0	0.0	6.735131854102725e-06
13861.0	21.0	1.0	0.0	7.419461295718239e-06
13882.0	21.0	1.0	0.0	1.3683864048549104e-05
13903.0	21.0	1.0	0.0	9.543656167528536e-05
13924.0	21.0	1.0	0.0	0.0001051564443678802
13945.0	21.0	1.0	0.0	4.831965764363607e-05
13966.0	21.0	1.0	0.0	3.648381006150018e-05
13987.0	21.0	1.0	0.0	2.742013477143787e-05
14008.0	21.0	1.0	0.0	1.4227685474214101e-05
14029.0	21.0	1.0	0.0	7.731528509230843e-06
14050.0	21.0	1.0	0.0	4.8676899501255576e-06
14071.0	21.0	1.0	0.0	3.4466698056175595e-06
14092.0	21.0	1.0	0.0	2.6303517321745558e-06
14113.0	21.0	1.0	0.0	2.1014900079795288e-06
14134.0	21.0	1.0	0.0	1.7381211121877036e-06
14155.0	21.0	1.0	0.0	8.959816751025449e-05
14176.0	21.0	1.0	0.0	0.0005523458435421667
14197.0	21.0	1.0	0.0	0.0019593058540707045
14218.0	21.0	1.0	0.0	0.0007136412121000193
14239.0	21.0	1.0	0.0	0.000468776157924062
14260.0	21.0	1.0	0.0	0.00024260820661267148
14281.0	21.0	1.0	0.0	0.00022615777878527617
14302.0	21.0	1.0	0.0	0.00019155702136806188
14323.0	21.0	1.0	0.0	0.00011300186883832534
14344.0	21.0	1.0	0.0	4.7905694870721736e-05
14365.0	21.0	1.0	0.0	2.038319905598959e-05
14386.0	21.0	1.0	0.0	1.0480608258928571e-05
14407.0	21.0	1.0	0.0	6.222679501488094e-06
14428.0	21.0	1.0	0.0	4.204522995721726e-06
14449.0	21.0	1.0	0.0	3.1464218738533206e-06
14470.0	21.0	1.0	0.0	2.4055861646220797e-06
14491.0	21.0	1.0	0.0	1.9387993074598767e-06
14512.0	21.0	1.0	0.0	1.9024631806782312e-06
14533.0	21.0	1.0	0.0	6.965409715969436e-05
14554.0	21.0	1.0	0.0	4.065367721375702e-05
14575.0	21.0	1.0	0.0	6.718078113736842e-05
14596.0	21.0	1.0	0.0	4.057115600222633e-05
14617.0	21.0	1.0	0.0	0.00016912548882617895
14638.0	21.0	1.0	0.0	0.00016926306769956672
14659.0	21.0	1.0	0.0	0.0001526127315702476
14680.0	21.0	1.0	0.0	0.0001959793454124286
14701.0	21.0	1.0	0.0	0.00011960856119787686
14722.0	21.0	1.0	0.0	7.170559111095023e-05
14743.0	21.0	1.0	0.0	2.857344491141184e-05
14764.0	21.0	1.0	0.0	1.294390360514323e-05
14785.0	21.0	1.0	0.0	7.274627685546877e-06
14806.0	21.0	1.0	0.0	4.789352949176516e-06
14827.0	21.0	1.0	0.0	3.4882892810163055e-06
14848.0	21.0	1.0	0.0	2.700068766162509e-06
14869.0	21.0	1.0	0.0	5.84868590037028e-06
14890.0	21.0	1.0	0.0	6.454381488617553e-05
14911.0	21.0	1.0	0.0	5.484688849676223e-06
14932.0	21.0	1.0	0.0	0.0002316155093056433
14953.0	21.0	1.0	0.0	0.0006689296449933323
14974.0	21.0	1.0	0.0	0.0009716525304884619
14995.0	21.0	1.0	0.0	0.0009991278875441333
15016.0	21.0	1.0	0.0	0.0011297416687011286
15037.0	21.0	1.0	0.0	0.0004822362263997001
15058.0	21.0	1.0	0.0	0.00015972355433868576
15079.0	21.0	1.0	0.0	9.742409842352856e-05
15100.0	21.0	1.0	0.0	3.618730817522322e-05
15121.0	21.0	1.0	0.0	1.581028529575893e-05
15142.0	21.0	1.0	0.0	8.464268275669643e-06
15163.0	21.0	1.0	0.0	7.863725934709821e-06
15184.0	21.0	1.0	0.0	4.222305048079718e-06
15205.0	21.0	1.0	0.0	3.0734595798310786e-06
15226.0	21.0	1.0	0.0	0.0001292106005407345
15247.0	21.0	1.0	0.0	0.00048803564480369877
15268.0	21.0	1.0	0.0	0.0019395403634933574
15289.0	21.0	1.0	0.0	0.0011476685660225573
15310.0	21.0	1.0	0.0	0.0007812173025948192
15331.0	21.0	1.0	0.0	0.001156546093168657
15352.0	21.0	1.0	0.0	0.002529723394484705
15373.0	21.0	1.0	0.0	0.0036130262102399093
15394.0	21.0	1.0	0.0	0.0009396921793619383
15415.0	21.0	1.0	0.0	0.0026292782738094856
15436.0	21.0	1.0	0.0	0.0031229974655877664
15457.0	21.0	1.0	0.0	0.0007521216982886667
15478.0	21.0	1.0	0.0	0.0002364007859002584
15499.0	21.0	1.0	0.0	5.4325648716517854e-05
15520.0	21.0	1.0	0.0	2.013724190848214e-05
15541.0	21.0	1.0	0.0	1.0779180697032383e-05
15562.0	21.0	1.0	0.0	6.774553940409707e-06
15583.0	21.0	1.0	0.0	3.4501598704428143e-05
15604.0	21.0	1.0	0.0	0.00010175280627748691
15625.0	21.0	1.0	0.0	0.0004916907378605164
15646.0	21.0	1.0	0.0	0.00031765751611613334
15667.0	21.0	1.0	0.0	0.001425895509265681
15688.0	21.0	1.0	0.0	0.0019147208077566525
15709.0	21.0	1.0	0.0	0.0016189001174199667
15730.0	21.0	1.0	0.0	0.001001017252604124
15751.0	21.0	1.0	0.0	0.0006730165027436287
15772.0	21.0	1.0	0.0	0.00041628882998507623
15793.0	21.0	1.0	0.0	0.00015756443568633335
15814.0	21.0	1.0	0.0	0.00012301853724886727
15835.0	21.0	1.0	0.0	7.304818289620177e-05
15856.0	21.0	1.0	0.0	2.938988095238095e-05
15877.0	21.0	1.0	0.0	1.354253859747024e-05
15898.0	21.0	1.0	0.0	7.960001627604166e-06
15919.0	21.0	1.0	0.0	5.303211510181428e-06
15940.0	21.0	1.0	0.0	3.8048628540266124e-06
15961.0	21.0	1.0	0.0	2.892215337072099e-06
15982.0	21.0	1.0	0.0	2.419540569895718e-05
16003.0	21.0	1.0	0.0	1.2308010033198764e-05
16024.0	21.0	1.0	0.0	6.250375793093726e-06
16045.0	21.0	1.0	0.0	3.0393430164882108e-06
16066.0	21.0	1.0	0.0	2.956861541384742e-06
16087.0	21.0	1.0	0.0	2.563967591240276e-05
16108.0	21.0	1.0	0.0	0.00017738765761962012
16129.0	21.0	1.0	0.0	7.919406890868152e-05
16150.0	21.0	1.0	0.0	3.659836451212566e-05
16171.0	21.0	1.0	0.0	2.0481291271391374e-05
16192.0	21.0	1.0	0.0	1.1221704028901598e-05
16213.0	21.0	1.0	0.0	6.364504496256511e-06
16234.0	21.0	1.0	0.0	4.136221749441964e-06
16255.0	21.0	1.0	0.0	3.0072984241303946e-06
16276.0	21.0	1.0	0.0	2.3336678388572873e-06
16297.0	21.0	1.0	0.0	1.9026333022685275e-06
16318.0	21.0	1.0	0.0	1.5903182682536896e-06
16339.0	21.0	1.0	0.0	1.3802860464368548e-06
16360.0	21.0	1.0	0.0	0.00016811957742483957
16381.0	21.0	1.0	0.0	2.2582372029622398e-05
16402.0	21.0	1.0	0.0	7.969220479329427e-06
16423.0	21.0	1.0	0.0	0.00014857673645016323
16444.0	21.0	1.0	0.0	0.00044647770836234754
16465.0	21.0	1.0	0.0	0.0006542886098225332
16486.0	21.0	1.0	0.0	0.0016225757598876576
16507.0	21.0	1.0	0.0	0.0009440765380858954
16528.0	21.0	1.0	0.0	0.00024055190313426188
16549.0	21.0	1.0	0.0	6.73286801292753e-05
16570.0	21.0	1.0	0.0	3.0151003882998503e-05
16591.0	21.0	1.0	0.0	1.5004112606956848e-05
16612.0	21.0	1.0	0.0	8.437383742559526e-06
16633.0	21.0	1.0	0.0	5.543539832745281e-06
16654.0	21.0	1.0	0.0	3.993553863394828e-06
16675.0	21.0	1.0	0.0	3.023986305509295e-06
16696.0	21.0	1.0	0.0	2.7195541631605926e-05
16717.0	21.0	1.0	0.0	0.00023016102541060108
16738.0	21.0	1.0	0.0	0.00039044586817418104
16759.0	21.0	1.0	0.0	0.0001614477066766238
16780.0	21.0	1.0	0.0	0.0001438733963738762
16801.0	21.0	1.0	0.0	0.0002916033608572381
16822.0	21.0	1.0	0.0	0.0002919207073392762
16843.0	21.0	1.0	0.0	0.00019279534476140475
16864.0	21.0	1.0	0.0	0.0002572577340261762
16885.0	21.0	1.0	0.0	0.00017879867553705712
16906.0	21.0	1.0	0.0	0.00011540567307242738
16927.0	21.0	1.0	0.0	5.3151811872209814e-05
16948.0	21.0	1.0	0.0	2.0625523158482142e-05
16969.0	21.0	1.0	0.0	1.0514758882068452e-05
16990.0	21.0	1.0	0.0	6.64919898623512e-06
17011.0	21.0	1.0	0.0	4.6441728870073945e-06
17032.0	21.0	1.0	0.0	3.4584200807980124e-06
17053.0	21.0	1.0	0.0	1.0204962321690151e-05
17074.0	21.0	1.0	0.0	3.20470616931007e-06
17095.0	21.0	1.0	0.0	6.6786408424377445e-06
17116.0	21.0	1.0	0.0	9.917778628210944e-05
17137.0	21.0	1.0	0.0	4.494873682657877e-05
17158.0	21.0	1.0	0.0	0.0001774698325565547
17179.0	21.0	1.0	0.0	0.00016116723560146876
17200.0	21.0	1.0	0.0	0.00032105550311855723
17221.0	21.0	1.0	0.0	0.0003716397966656761
17242.0	21.0	1.0	0.0	0.0007004975818451951
17263.0	21.0	1.0	0.0	0.00011155010405039105
17284.0	21.0	1.0	0.0	3.386579241071428e-05
17305.0	21.0	1.0	0.0	1.4610653831845235e-05
17326.0	21.0	1.0	0.0	8.153461274646578e-06
17347.0	21.0	1.0	0.0	5.338577997116816e-06
17368.0	21.0	1.0	0.0	3.849256251539504e-06
17389.0	21.0	1.0	0.0	2.942252371992384e-06
17410.0	21.0	1.0	0.0	1.1877225268450408e-05
17431.0	21.0	1.0	0.0	0.00026315960146129175
17452.0	21.0	1.0	0.0	3.095209030877976e-05
17473.0	21.0	1.0	0.0	1.4713923136393227e-05
17494.0	21.0	1.0	0.0	1.2287117186046782e-05
17515.0	21.0	1.0	0.0	1.4871392931256977e-05
17536.0	21.0	1.0	0.0	1.3768491290864494e-05
17557.0	21.0	1.0	0.0	1.1832850319998607e-05
17578.0	21.0	1.0	0.0	3.0861309596465294e-05
17599.0	21.0	1.0	0.0	3.647890545072716e-05
17620.0	21.0	1.0	0.0	5.488418397448964e-05
17641.0	21.0	1.0	0.0	2.6958193097795757e-05
17662.0	21.0	1.0	0.0	1.4020647321428569e-05
17683.0	21.0	1.0	0.0	9.441648210797992e-06
17704.0	21.0	1.0	0.0	5.761282784598213e-06
17725.0	21.0	1.0	0.0	3.78425081171805e-06
17746.0	21.0	1.0	0.0	2.8251386580190486e-06
17767.0	21.0	1.0	0.0	2.2482020514351977e-06
17788.0	21.0	1.0	0.0	1.8399670010521298e-06
17809.0	21.0	1.0	0.0	0.00011070415874321305
17830.0	21.0	1.0	0.0	0.00029677329744610015
17851.0	21.0	1.0	0.0	0.000391911642891992
17872.0	21.0	1.0	0.0	0.001440195719401
17893.0	21.0	1.0	0.0	0.001758183615548219
17914.0	21.0	1.0	0.0	0.0010440597534179237
17935.0	21.0	1.0	0.0	0.001996819269089429
17956.0	21.0	1.0	0.0	0.0005080704461960095
17977.0	21.0	1.0	0.0	0.0002046617780412476
17998.0	21.0	1.0	0.0	9.988403320309942e-05
18019.0	21.0	1.0	0.0	4.073370070684523e-05
18040.0	21.0	1.0	0.0	1.748075939360119e-05
18061.0	21.0	1.0	0.0	9.204682849702383e-06
18082.0	21.0	1.0	0.0	5.8826264880952384e-06
18103.0	21.0	1.0	0.0	4.180132455769039e-06
18124.0	21.0	1.0	0.0	3.165168599003837e-06
18145.0	21.0	1.0	0.0	2.502820321491786e-06
18166.0	21.0	1.0	0.0	2.042575961067563e-06
18187.0	21.0	1.0	0.0	1.8512798207146781e-06
18208.0	21.0	1.0	0.0	0.00010169780112445879
18229.0	21.0	1.0	0.0	0.00035801783062160977
18250.0	13.0	1.0	0.0	0.0005464728428766692
