stress_period	sp_length	time_step	study (0 : TS or 1 : SS)	rech
0.0	1.0	1.0	1.0	0.0005561797599414175
1.0	182.0	1.0	0.0	0.0005305939768696516
183.0	182.0	1.0	0.0	0.0003485362084357159
365.0	182.0	1.0	0.0	0.0007490641206175042
547.0	182.0	1.0	0.0	0.0002953154595343447
729.0	182.0	1.0	0.0	0.0006678269354851314
911.0	182.0	1.0	0.0	0.000246092618166729
1093.0	182.0	1.0	0.0	0.0013894618526919598
1275.0	182.0	1.0	0.0	0.00048544927743763086
1457.0	182.0	1.0	0.0	0.0015482895819695069
1639.0	182.0	1.0	0.0	0.0003081582876351973
1821.0	182.0	1.0	0.0	0.0006890232798817038
2003.0	182.0	1.0	0.0	0.00015814443734974576
2185.0	182.0	1.0	0.0	0.0010176146790221118
2367.0	182.0	1.0	0.0	3.9677483694889744e-05
2549.0	182.0	1.0	0.0	0.0003851853464985499
2731.0	182.0	1.0	0.0	0.00011215400695799715
2913.0	182.0	1.0	0.0	0.0014219860663780446
3095.0	182.0	1.0	0.0	0.00011242554213973445
3277.0	182.0	1.0	0.0	0.0010017429812923567
3459.0	182.0	1.0	0.0	3.565308287903041e-05
3641.0	182.0	1.0	0.0	0.0004116438561743081
3823.0	182.0	1.0	0.0	0.00013079728137004157
4005.0	182.0	1.0	0.0	0.0015146529753129116
4187.0	182.0	1.0	0.0	0.00010190246917388231
4369.0	182.0	1.0	0.0	0.0008362813257908747
4551.0	182.0	1.0	0.0	8.016459496465228e-05
4733.0	182.0	1.0	0.0	0.0006902417717398866
4915.0	182.0	1.0	0.0	8.882499527144026e-05
5097.0	182.0	1.0	0.0	0.0009252524952311684
5279.0	182.0	1.0	0.0	8.198472431726921e-05
5461.0	182.0	1.0	0.0	0.0013268780498713834
5643.0	182.0	1.0	0.0	0.0002335329998980403
5825.0	182.0	1.0	0.0	0.0015724468021602047
6007.0	182.0	1.0	0.0	8.477936734209115e-05
6189.0	182.0	1.0	0.0	0.0013582587346925423
6371.0	182.0	1.0	0.0	5.5227038624515714e-05
6553.0	182.0	1.0	0.0	0.0009521789236382739
6735.0	182.0	1.0	0.0	4.367398953699522e-05
6917.0	182.0	1.0	0.0	0.0009016441277094814
7099.0	182.0	1.0	0.0	2.7529973250165935e-05
7281.0	182.0	1.0	0.0	0.0011202741193246984
7463.0	182.0	1.0	0.0	0.00013826112432792405
7645.0	182.0	1.0	0.0	0.0007063219887869306
7827.0	182.0	1.0	0.0	2.9249812220476027e-05
8009.0	182.0	1.0	0.0	0.0009560604174058035
8191.0	182.0	1.0	0.0	4.5926707131515005e-05
8373.0	182.0	1.0	0.0	0.0008477064541407571
8555.0	182.0	1.0	0.0	3.625434702569008e-05
8737.0	182.0	1.0	0.0	0.00046888656537606303
8919.0	182.0	1.0	0.0	2.472079979194275e-05
9101.0	182.0	1.0	0.0	0.00041714006989862154
9283.0	182.0	1.0	0.0	1.9966558440700778e-05
9465.0	182.0	1.0	0.0	0.0008837108684109649
9647.0	182.0	1.0	0.0	2.7219209042222837e-05
9829.0	182.0	1.0	0.0	0.0013652793522719092
10011.0	182.0	1.0	0.0	6.018546911385647e-05
10193.0	182.0	1.0	0.0	0.0013295420290349114
10375.0	182.0	1.0	0.0	2.979763392563396e-05
10557.0	182.0	1.0	0.0	0.0013229160662535482
10739.0	182.0	1.0	0.0	1.7670206971219726e-05
10921.0	182.0	1.0	0.0	0.0011581580769884372
11103.0	182.0	1.0	0.0	2.8507632213632872e-05
11285.0	182.0	1.0	0.0	0.00047575124672476703
11467.0	182.0	1.0	0.0	2.2177797752421435e-05
11649.0	182.0	1.0	0.0	0.0010514953247792972
11831.0	182.0	1.0	0.0	5.086018226958274e-05
12013.0	182.0	1.0	0.0	0.0011712215156345115
12195.0	182.0	1.0	0.0	2.9880730660403646e-05
12377.0	182.0	1.0	0.0	0.0010067950264437775
12559.0	182.0	1.0	0.0	5.567622446751424e-05
12741.0	182.0	1.0	0.0	0.0014922296660286618
12923.0	182.0	1.0	0.0	2.080067173465148e-05
13105.0	182.0	1.0	0.0	0.0008594963078969975
13287.0	182.0	1.0	0.0	5.2001784135999255e-05
13469.0	182.0	1.0	0.0	0.001332404588604973
13651.0	182.0	1.0	0.0	3.364151519733141e-05
13833.0	182.0	1.0	0.0	0.0020837402409249178
14015.0	182.0	1.0	0.0	5.713229388980354e-05
14197.0	182.0	1.0	0.0	0.0014613640413179058
14379.0	182.0	1.0	0.0	6.295782131152179e-05
14561.0	182.0	1.0	0.0	0.001034340853219457
14743.0	182.0	1.0	0.0	2.9448121786114474e-05
14925.0	182.0	1.0	0.0	0.0008947907329260261
15107.0	182.0	1.0	0.0	6.292312223831927e-05
15289.0	182.0	1.0	0.0	0.0011281314210576882
15471.0	182.0	1.0	0.0	6.071408862595162e-05
15653.0	182.0	1.0	0.0	0.0005038266067321123
15835.0	182.0	1.0	0.0	6.297139676061582e-05
16017.0	182.0	1.0	0.0	0.00018944957361113093
16199.0	182.0	1.0	0.0	2.6150554091064774e-05
16381.0	182.0	1.0	0.0	0.0018600161756787542
16563.0	182.0	1.0	0.0	3.7543556192415566e-05
16745.0	182.0	1.0	0.0	0.000805283454748251
16927.0	182.0	1.0	0.0	6.398568245079906e-05
17109.0	182.0	1.0	0.0	0.0011633495662238143
17291.0	182.0	1.0	0.0	3.9901474019977976e-05
17473.0	182.0	1.0	0.0	0.00137434597591773
17655.0	182.0	1.0	0.0	3.776070311828812e-05
17837.0	182.0	1.0	0.0	0.0009848954965779714
18019.0	182.0	1.0	0.0	4.5998636182839857e-05
18201.0	62.0	1.0	0.0	0.000267124206789053
