stress_period	sp_length	time_step	study (0 : TS or 1 : SS)	rech
0.0	1.0	1.0	1.0	0.0008355622188905548
5480.0	21.0	1.0	0.0	4.190476190476191e-05
5501.0	21.0	1.0	0.0	4.285714285714285e-05
5522.0	21.0	1.0	0.0	4.7619047619047615e-06
5543.0	21.0	1.0	0.0	4.761904761904762e-06
5564.0	21.0	1.0	0.0	5.142857142857144e-05
5585.0	21.0	1.0	0.0	0.00010761904761904761
5606.0	21.0	1.0	0.0	0.00017571428571428572
5627.0	21.0	1.0	0.0	0.0013966666666666667
5648.0	21.0	1.0	0.0	0.0020495238095238092
5669.0	21.0	1.0	0.0	0.00027095238095238095
5690.0	21.0	1.0	0.0	0.0010042857142857143
5711.0	21.0	1.0	0.0	0.0020695238095238093
5732.0	21.0	1.0	0.0	0.0013390476190476188
5753.0	21.0	1.0	0.0	0.00022857142857142854
5774.0	21.0	1.0	0.0	7.142857142857143e-05
5795.0	21.0	1.0	0.0	0.00013666666666666666
5816.0	21.0	1.0	0.0	9.428571428571429e-05
5837.0	21.0	1.0	0.0	2.380952380952381e-05
1475.0	21.0	1.0	0.0	5.5714285714285715e-05
1496.0	21.0	1.0	0.0	0.00031428571428571427
1517.0	21.0	1.0	0.0	0.0032723809523809524
1538.0	21.0	1.0	0.0	0.004032380952380952
1559.0	21.0	1.0	0.0	0.0041590476190476195
1580.0	21.0	1.0	0.0	0.002213333333333334
1601.0	21.0	1.0	0.0	0.0010266666666666664
1622.0	21.0	1.0	0.0	0.0012433333333333333
1643.0	21.0	1.0	0.0	0.0014971428571428573
1664.0	21.0	1.0	0.0	0.001507142857142857
1685.0	21.0	1.0	0.0	0.0019242857142857137
1706.0	21.0	1.0	0.0	0.0016247619047619042
1727.0	21.0	1.0	0.0	8.095238095238096e-05
1748.0	21.0	1.0	0.0	0.00015333333333333334
1769.0	21.0	1.0	0.0	4.238095238095238e-05
1790.0	21.0	1.0	0.0	1.0952380952380953e-05
1811.0	21.0	1.0	0.0	6.1904761904761914e-06
3658.0	21.0	1.0	0.0	1.8095238095238097e-05
3679.0	21.0	1.0	0.0	3.5238095238095246e-05
3700.0	21.0	1.0	0.0	0.0001223809523809524
3721.0	21.0	1.0	0.0	0.0004904761904761904
3742.0	21.0	1.0	0.0	0.0006961904761904762
3763.0	21.0	1.0	0.0	0.0019428571428571433
3784.0	21.0	1.0	0.0	0.0035185714285714278
3805.0	21.0	1.0	0.0	0.0031076190476190483
3826.0	21.0	1.0	0.0	0.002026666666666666
3847.0	21.0	1.0	0.0	0.0011185714285714286
3868.0	21.0	1.0	0.0	0.0020619047619047613
3889.0	21.0	1.0	0.0	0.0015690476190476194
3910.0	21.0	1.0	0.0	0.0004985714285714285
3931.0	21.0	1.0	0.0	0.003255238095238095
3952.0	21.0	1.0	0.0	0.002811428571428571
3973.0	21.0	1.0	0.0	5.380952380952382e-05
3994.0	21.0	1.0	0.0	0.00013523809523809525
4015.0	21.0	1.0	0.0	5.3333333333333326e-05
13532.0	21.0	1.0	0.0	0.0001519047619047619
13553.0	21.0	1.0	0.0	2.9523809523809523e-05
13574.0	21.0	1.0	0.0	2.6666666666666663e-05
13595.0	21.0	1.0	0.0	1.7619047619047623e-05
13616.0	21.0	1.0	0.0	8.571428571428573e-05
13637.0	21.0	1.0	0.0	0.0003052380952380952
13658.0	21.0	1.0	0.0	0.00045666666666666664
13679.0	21.0	1.0	0.0	0.0018152380952380952
13700.0	21.0	1.0	0.0	0.0005633333333333332
13721.0	21.0	1.0	0.0	0.0006452380952380952
13742.0	21.0	1.0	0.0	0.0007628571428571428
13763.0	21.0	1.0	0.0	0.0001257142857142857
13784.0	21.0	1.0	0.0	0.0002195238095238095
13805.0	21.0	1.0	0.0	0.00033666666666666665
13826.0	21.0	1.0	0.0	3.0476190476190485e-05
13847.0	21.0	1.0	0.0	3.523809523809524e-05
13868.0	21.0	1.0	0.0	0.00010476190476190474
4028.0	21.0	1.0	0.0	1.2380952380952383e-05
4049.0	21.0	1.0	0.0	0.00018952380952380949
4070.0	21.0	1.0	0.0	0.00047095238095238093
4091.0	21.0	1.0	0.0	0.0037199999999999998
4112.0	21.0	1.0	0.0	0.0007228571428571429
4133.0	21.0	1.0	0.0	0.0023866666666666667
4154.0	21.0	1.0	0.0	0.004359523809523809
4175.0	21.0	1.0	0.0	0.00277904761904762
4196.0	21.0	1.0	0.0	0.0005595238095238095
4217.0	21.0	1.0	0.0	0.0007633333333333333
4238.0	21.0	1.0	0.0	0.001818095238095238
4259.0	21.0	1.0	0.0	5.666666666666667e-05
4280.0	21.0	1.0	0.0	6.80952380952381e-05
4301.0	21.0	1.0	0.0	6.714285714285714e-05
4322.0	21.0	1.0	0.0	0.0001238095238095238
4343.0	21.0	1.0	0.0	0.00010333333333333334
4364.0	21.0	1.0	0.0	0.00020571428571428572
11690.0	21.0	1.0	0.0	5.4285714285714295e-05
11711.0	21.0	1.0	0.0	0.00011142857142857143
11732.0	21.0	1.0	0.0	2.761904761904762e-05
11753.0	21.0	1.0	0.0	0.0002485714285714286
11774.0	21.0	1.0	0.0	0.0015609523809523812
11795.0	21.0	1.0	0.0	0.002306190476190475
11816.0	21.0	1.0	0.0	0.0023490476190476195
11837.0	21.0	1.0	0.0	0.0030242857142857133
11858.0	21.0	1.0	0.0	0.0025571428571428572
11879.0	21.0	1.0	0.0	0.0010166666666666666
11900.0	21.0	1.0	0.0	0.0008399999999999999
11921.0	21.0	1.0	0.0	2.761904761904762e-05
11942.0	21.0	1.0	0.0	2.190476190476191e-05
11963.0	21.0	1.0	0.0	6.714285714285713e-05
11984.0	21.0	1.0	0.0	4.761904761904762e-05
12005.0	21.0	1.0	0.0	6.1904761904761914e-06
12026.0	21.0	1.0	0.0	1.3333333333333335e-05
12047.0	21.0	1.0	0.0	4.666666666666668e-05
745.0	21.0	1.0	0.0	2.380952380952381e-06
766.0	21.0	1.0	0.0	3.714285714285715e-05
787.0	21.0	1.0	0.0	2.4761904761904766e-05
808.0	21.0	1.0	0.0	2.1428571428571428e-05
829.0	21.0	1.0	0.0	0.0004947619047619047
850.0	21.0	1.0	0.0	0.0010195238095238094
871.0	21.0	1.0	0.0	0.0002419047619047619
892.0	21.0	1.0	0.0	0.0010576190476190477
913.0	21.0	1.0	0.0	0.002110952380952381
934.0	21.0	1.0	0.0	0.0012538095238095238
955.0	21.0	1.0	0.0	4.6666666666666665e-05
976.0	21.0	1.0	0.0	5.714285714285715e-05
997.0	21.0	1.0	0.0	0.00021999999999999993
1018.0	21.0	1.0	0.0	0.00033
1039.0	21.0	1.0	0.0	8.047619047619048e-05
1060.0	21.0	1.0	0.0	0.00022333333333333333
1081.0	21.0	1.0	0.0	0.00011047619047619047
14981.0	21.0	1.0	0.0	9.952380952380953e-05
15002.0	21.0	1.0	0.0	4.6666666666666665e-05
15023.0	21.0	1.0	0.0	2.6190476190476192e-05
15044.0	21.0	1.0	0.0	2.761904761904762e-05
15065.0	21.0	1.0	0.0	2.0952380952380957e-05
15086.0	21.0	1.0	0.0	0.0002714285714285714
15107.0	21.0	1.0	0.0	0.00270047619047619
15128.0	21.0	1.0	0.0	0.002126190476190477
15149.0	21.0	1.0	0.0	0.0006538095238095237
15170.0	21.0	1.0	0.0	5.714285714285715e-05
15191.0	21.0	1.0	0.0	0.00012666666666666666
15212.0	21.0	1.0	0.0	7e-05
15233.0	21.0	1.0	0.0	0.0002704761904761905
15254.0	21.0	1.0	0.0	0.00015857142857142857
15275.0	21.0	1.0	0.0	0.0001238095238095238
15296.0	21.0	1.0	0.0	0.00012666666666666666
15317.0	21.0	1.0	0.0	6.047619047619048e-05
15338.0	21.0	1.0	0.0	6.714285714285714e-05
2941.0	21.0	1.0	0.0	2e-05
2962.0	21.0	1.0	0.0	2.4285714285714288e-05
2983.0	21.0	1.0	0.0	1.1904761904761905e-05
3004.0	21.0	1.0	0.0	7.61904761904762e-06
3025.0	21.0	1.0	0.0	3.619047619047619e-05
3046.0	21.0	1.0	0.0	0.00017428571428571428
3067.0	21.0	1.0	0.0	0.000458095238095238
3088.0	21.0	1.0	0.0	0.001392857142857143
3109.0	21.0	1.0	0.0	0.004162857142857143
3130.0	21.0	1.0	0.0	0.002145238095238095
3151.0	21.0	1.0	0.0	0.0016223809523809522
3172.0	21.0	1.0	0.0	0.0009385714285714285
3193.0	21.0	1.0	0.0	0.00045428571428571436
3214.0	21.0	1.0	0.0	0.0014033333333333335
3235.0	21.0	1.0	0.0	3.5238095238095246e-05
3256.0	21.0	1.0	0.0	0.0
3277.0	21.0	1.0	0.0	3e-05
2568.0	21.0	1.0	0.0	5.047619047619049e-05
2589.0	21.0	1.0	0.0	8.095238095238097e-06
2610.0	21.0	1.0	0.0	4.666666666666668e-05
2631.0	21.0	1.0	0.0	0.00012952380952380952
2652.0	21.0	1.0	0.0	0.0006528571428571429
2673.0	21.0	1.0	0.0	0.0015880952380952383
2694.0	21.0	1.0	0.0	0.0021495238095238095
2715.0	21.0	1.0	0.0	0.0016685714285714283
2736.0	21.0	1.0	0.0	0.004243333333333333
2757.0	21.0	1.0	0.0	0.003607142857142857
2778.0	21.0	1.0	0.0	0.0026019047619047614
2799.0	21.0	1.0	0.0	0.0012428571428571423
2820.0	21.0	1.0	0.0	0.0004823809523809524
2841.0	21.0	1.0	0.0	8.523809523809526e-05
2862.0	21.0	1.0	0.0	0.00010761904761904764
2883.0	21.0	1.0	0.0	0.00014714285714285713
2904.0	21.0	1.0	0.0	0.00010619047619047618
9499.0	21.0	1.0	0.0	1.1904761904761905e-05
9520.0	21.0	1.0	0.0	1.904761904761905e-05
9541.0	21.0	1.0	0.0	3.142857142857143e-05
9562.0	21.0	1.0	0.0	7.61904761904762e-05
9583.0	21.0	1.0	0.0	0.00015285714285714284
9604.0	21.0	1.0	0.0	0.0017376190476190473
9625.0	21.0	1.0	0.0	0.002202380952380952
9646.0	21.0	1.0	0.0	0.00018476190476190478
9667.0	21.0	1.0	0.0	0.00048571428571428566
9688.0	21.0	1.0	0.0	0.0020761904761904763
9709.0	21.0	1.0	0.0	4.4761904761904774e-05
9730.0	21.0	1.0	0.0	2.2857142857142858e-05
9751.0	21.0	1.0	0.0	4.3333333333333334e-05
9772.0	21.0	1.0	0.0	0.0001895238095238095
9793.0	21.0	1.0	0.0	3.285714285714286e-05
9814.0	21.0	1.0	0.0	0.00019857142857142857
9835.0	21.0	1.0	0.0	4.761904761904762e-06
9856.0	21.0	1.0	0.0	2.5238095238095237e-05
8416.0	21.0	1.0	0.0	9.523809523809525e-06
8437.0	21.0	1.0	0.0	0.00040952380952380955
8458.0	21.0	1.0	0.0	0.003186666666666667
8479.0	21.0	1.0	0.0	0.0005938095238095239
8500.0	21.0	1.0	0.0	0.0008833333333333332
8521.0	21.0	1.0	0.0	0.0038228571428571426
8542.0	21.0	1.0	0.0	0.00587095238095238
8563.0	21.0	1.0	0.0	0.004073809523809523
8584.0	21.0	1.0	0.0	0.0028309523809523815
8605.0	21.0	1.0	0.0	0.0018033333333333337
8626.0	21.0	1.0	0.0	0.0007690476190476191
8647.0	21.0	1.0	0.0	0.0023395238095238096
8668.0	21.0	1.0	0.0	0.00017238095238095237
8689.0	21.0	1.0	0.0	0.0035438095238095237
8710.0	21.0	1.0	0.0	0.0001947619047619048
8731.0	21.0	1.0	0.0	7.38095238095238e-05
8752.0	21.0	1.0	0.0	2.5238095238095243e-05
12060.0	21.0	1.0	0.0	0.0
12081.0	21.0	1.0	0.0	2.8571428571428573e-06
12102.0	21.0	1.0	0.0	3.80952380952381e-05
12123.0	21.0	1.0	0.0	7.142857142857143e-05
12144.0	21.0	1.0	0.0	6.047619047619048e-05
12165.0	21.0	1.0	0.0	0.00029142857142857144
12186.0	21.0	1.0	0.0	0.0005257142857142858
12207.0	21.0	1.0	0.0	0.003504761904761904
12228.0	21.0	1.0	0.0	0.002628095238095238
12249.0	21.0	1.0	0.0	0.00010000000000000002
12270.0	21.0	1.0	0.0	0.00039047619047619044
12291.0	21.0	1.0	0.0	0.0001080952380952381
12312.0	21.0	1.0	0.0	0.00027714285714285715
12333.0	21.0	1.0	0.0	2.8571428571428577e-06
12354.0	21.0	1.0	0.0	3.380952380952381e-05
12375.0	21.0	1.0	0.0	3.4285714285714284e-05
12396.0	21.0	1.0	0.0	6.952380952380954e-05
12417.0	21.0	1.0	0.0	1.761904761904762e-05
5864.0	21.0	1.0	0.0	8.000000000000002e-05
5885.0	21.0	1.0	0.0	0.0001719047619047619
5906.0	21.0	1.0	0.0	0.00013857142857142857
5927.0	21.0	1.0	0.0	0.0003157142857142857
5948.0	21.0	1.0	0.0	0.0022247619047619043
5969.0	21.0	1.0	0.0	0.002374761904761905
5990.0	21.0	1.0	0.0	0.003556666666666667
6011.0	21.0	1.0	0.0	4.2380952380952385e-05
6032.0	21.0	1.0	0.0	0.0006076190476190475
6053.0	21.0	1.0	0.0	0.0008609523809523809
6074.0	21.0	1.0	0.0	0.0014
6095.0	21.0	1.0	0.0	8.190476190476192e-05
6116.0	21.0	1.0	0.0	4.476190476190477e-05
6137.0	21.0	1.0	0.0	9.523809523809524e-05
6158.0	21.0	1.0	0.0	0.0001242857142857143
6179.0	21.0	1.0	0.0	0.00020857142857142857
6200.0	21.0	1.0	0.0	6.6666666666666675e-06
6586.0	21.0	1.0	0.0	2.5238095238095237e-05
6607.0	21.0	1.0	0.0	5.7619047619047626e-05
6628.0	21.0	1.0	0.0	0.00016142857142857143
6649.0	21.0	1.0	0.0	3.238095238095238e-05
6670.0	21.0	1.0	0.0	5.333333333333334e-05
6691.0	21.0	1.0	0.0	0.00033666666666666665
6712.0	21.0	1.0	0.0	8.238095238095239e-05
6733.0	21.0	1.0	0.0	0.0005604761904761906
6754.0	21.0	1.0	0.0	6.952380952380954e-05
6775.0	21.0	1.0	0.0	0.003484285714285715
6796.0	21.0	1.0	0.0	0.0020814285714285713
6817.0	21.0	1.0	0.0	0.0001714285714285714
6838.0	21.0	1.0	0.0	6.904761904761904e-05
6859.0	21.0	1.0	0.0	2.0952380952380954e-05
6880.0	21.0	1.0	0.0	1.6666666666666667e-05
6901.0	21.0	1.0	0.0	7.19047619047619e-05
6922.0	21.0	1.0	0.0	0.0
9865.0	21.0	1.0	0.0	1.5714285714285715e-05
9886.0	21.0	1.0	0.0	5.476190476190476e-05
9907.0	21.0	1.0	0.0	4.7619047619047623e-07
9928.0	21.0	1.0	0.0	0.00010333333333333334
9949.0	21.0	1.0	0.0	0.0001204761904761905
9970.0	21.0	1.0	0.0	0.0003176190476190476
9991.0	21.0	1.0	0.0	0.0011752380952380953
10012.0	21.0	1.0	0.0	0.004278095238095238
10033.0	21.0	1.0	0.0	0.0009242857142857141
10054.0	21.0	1.0	0.0	7.000000000000001e-05
10075.0	21.0	1.0	0.0	0.00015809523809523813
10096.0	21.0	1.0	0.0	0.0005261904761904762
10117.0	21.0	1.0	0.0	0.0026809523809523807
10138.0	21.0	1.0	0.0	8.047619047619048e-05
10159.0	21.0	1.0	0.0	0.00019999999999999998
10180.0	21.0	1.0	0.0	2.952380952380953e-05
10201.0	21.0	1.0	0.0	3.6190476190476195e-05
10222.0	21.0	1.0	0.0	2.380952380952381e-05
10608.0	21.0	1.0	0.0	3.571428571428572e-05
10629.0	21.0	1.0	0.0	7e-05
10650.0	21.0	1.0	0.0	0.00010238095238095236
10671.0	21.0	1.0	0.0	0.0002857142857142857
10692.0	21.0	1.0	0.0	0.00031571428571428565
10713.0	21.0	1.0	0.0	0.003997619047619048
10734.0	21.0	1.0	0.0	0.006007142857142857
10755.0	21.0	1.0	0.0	0.0005847619047619048
10776.0	21.0	1.0	0.0	0.001964285714285714
10797.0	21.0	1.0	0.0	0.0012338095238095242
10818.0	21.0	1.0	0.0	0.00016857142857142857
10839.0	21.0	1.0	0.0	0.00034714285714285717
10860.0	21.0	1.0	0.0	0.0002766666666666667
10881.0	21.0	1.0	0.0	0.00024380952380952383
10902.0	21.0	1.0	0.0	1.6190476190476193e-05
10923.0	21.0	1.0	0.0	8.238095238095238e-05
10944.0	21.0	1.0	0.0	5.6190476190476207e-05
10600.0	21.0	1.0	0.0	4.761904761904762e-05
10621.0	21.0	1.0	0.0	7.619047619047619e-06
10642.0	21.0	1.0	0.0	0.00015952380952380951
10663.0	21.0	1.0	0.0	0.00015666666666666666
10684.0	21.0	1.0	0.0	0.0003571428571428572
10705.0	21.0	1.0	0.0	0.0012842857142857144
10726.0	21.0	1.0	0.0	0.007234761904761906
10747.0	21.0	1.0	0.0	0.002133809523809524
10768.0	21.0	1.0	0.0	0.0006523809523809524
10789.0	21.0	1.0	0.0	0.0024528571428571433
10810.0	21.0	1.0	0.0	0.00014142857142857148
10831.0	21.0	1.0	0.0	0.00031095238095238094
10852.0	21.0	1.0	0.0	0.00023619047619047618
10873.0	21.0	1.0	0.0	0.0003590476190476191
10894.0	21.0	1.0	0.0	0.0001223809523809524
10915.0	21.0	1.0	0.0	6.523809523809524e-05
10936.0	21.0	1.0	0.0	7.047619047619049e-05
10957.0	21.0	1.0	0.0	4.190476190476191e-05
751.0	21.0	1.0	0.0	2.0952380952380954e-05
772.0	21.0	1.0	0.0	1.8095238095238097e-05
793.0	21.0	1.0	0.0	2.4761904761904766e-05
814.0	21.0	1.0	0.0	0.00011095238095238096
835.0	21.0	1.0	0.0	0.00045952380952380957
856.0	21.0	1.0	0.0	0.0011209523809523811
877.0	21.0	1.0	0.0	0.00010380952380952381
898.0	21.0	1.0	0.0	0.0018652380952380952
919.0	21.0	1.0	0.0	0.0018014285714285712
940.0	21.0	1.0	0.0	0.0007380952380952381
961.0	21.0	1.0	0.0	5.7619047619047626e-05
982.0	21.0	1.0	0.0	0.00012190476190476191
1003.0	21.0	1.0	0.0	0.00024190476190476197
1024.0	21.0	1.0	0.0	0.00023285714285714283
1045.0	21.0	1.0	0.0	0.00011666666666666667
1066.0	21.0	1.0	0.0	0.0002447619047619048
1087.0	21.0	1.0	0.0	4.6190476190476194e-05
14257.0	21.0	1.0	0.0	4.7619047619047623e-07
14278.0	21.0	1.0	0.0	2.095238095238095e-05
14299.0	21.0	1.0	0.0	5.333333333333334e-05
14320.0	21.0	1.0	0.0	0.00023190476190476186
14341.0	21.0	1.0	0.0	0.0015152380952380953
14362.0	21.0	1.0	0.0	0.003211904761904761
14383.0	21.0	1.0	0.0	0.0020590476190476188
14404.0	21.0	1.0	0.0	0.002235238095238095
14425.0	21.0	1.0	0.0	0.0010095238095238098
14446.0	21.0	1.0	0.0	0.0026628571428571426
14467.0	21.0	1.0	0.0	0.00016904761904761907
14488.0	21.0	1.0	0.0	5.619047619047619e-05
14509.0	21.0	1.0	0.0	1.0476190476190477e-05
14530.0	21.0	1.0	0.0	1.6190476190476193e-05
14551.0	21.0	1.0	0.0	1.0952380952380951e-05
14572.0	21.0	1.0	0.0	0.0
14593.0	21.0	1.0	0.0	9.523809523809525e-07
4752.0	21.0	1.0	0.0	1.0952380952380953e-05
4773.0	21.0	1.0	0.0	4e-05
4794.0	21.0	1.0	0.0	6.571428571428573e-05
4815.0	21.0	1.0	0.0	8.571428571428571e-05
4836.0	21.0	1.0	0.0	1.2857142857142857e-05
4857.0	21.0	1.0	0.0	0.0001338095238095238
4878.0	21.0	1.0	0.0	0.00023952380952380956
4899.0	21.0	1.0	0.0	0.0018728571428571431
4920.0	21.0	1.0	0.0	0.004676666666666667
4941.0	21.0	1.0	0.0	0.0009514285714285715
4962.0	21.0	1.0	0.0	8.80952380952381e-05
4983.0	21.0	1.0	0.0	0.0009880952380952382
5004.0	21.0	1.0	0.0	6.6666666666666675e-06
5025.0	21.0	1.0	0.0	0.00016142857142857143
5046.0	21.0	1.0	0.0	7.619047619047618e-05
5067.0	21.0	1.0	0.0	2.380952380952381e-06
5088.0	21.0	1.0	0.0	1.2380952380952383e-05
5109.0	21.0	1.0	0.0	9.523809523809525e-07
7687.0	21.0	1.0	0.0	5.238095238095238e-06
7708.0	21.0	1.0	0.0	4.190476190476191e-05
7729.0	21.0	1.0	0.0	0.00013809523809523808
7750.0	21.0	1.0	0.0	0.00020000000000000004
7771.0	21.0	1.0	0.0	0.0008233333333333331
7792.0	21.0	1.0	0.0	0.000330952380952381
7813.0	21.0	1.0	0.0	0.0007142857142857144
7834.0	21.0	1.0	0.0	0.00030333333333333324
7855.0	21.0	1.0	0.0	0.0005638095238095238
7876.0	21.0	1.0	0.0	4.380952380952381e-05
7897.0	21.0	1.0	0.0	0.00018190476190476192
7918.0	21.0	1.0	0.0	0.00016142857142857145
7939.0	21.0	1.0	0.0	0.00016952380952380954
7960.0	21.0	1.0	0.0	0.0001319047619047619
7981.0	21.0	1.0	0.0	4.380952380952381e-05
8002.0	21.0	1.0	0.0	5.047619047619047e-05
8023.0	21.0	1.0	0.0	3.380952380952381e-05
13888.0	21.0	1.0	0.0	1.285714285714286e-05
13909.0	21.0	1.0	0.0	7.61904761904762e-05
13930.0	21.0	1.0	0.0	7.285714285714285e-05
13951.0	21.0	1.0	0.0	0.00019809523809523813
13972.0	21.0	1.0	0.0	0.0008352380952380953
13993.0	21.0	1.0	0.0	0.0028133333333333335
14014.0	21.0	1.0	0.0	0.0014233333333333333
14035.0	21.0	1.0	0.0	0.0006957142857142857
14056.0	21.0	1.0	0.0	0.0033776190476190473
14077.0	21.0	1.0	0.0	0.0005447619047619048
14098.0	21.0	1.0	0.0	0.00039
14119.0	21.0	1.0	0.0	0.0001233333333333333
14140.0	21.0	1.0	0.0	0.00010238095238095239
14161.0	21.0	1.0	0.0	0.00017714285714285713
14182.0	21.0	1.0	0.0	7.476190476190476e-05
14203.0	21.0	1.0	0.0	1.0476190476190477e-05
14224.0	21.0	1.0	0.0	8.095238095238097e-06
14245.0	21.0	1.0	0.0	9.523809523809525e-06
12074.0	21.0	1.0	0.0	2.8571428571428573e-06
12095.0	21.0	1.0	0.0	5.7142857142857145e-06
12116.0	21.0	1.0	0.0	5.476190476190476e-05
12137.0	21.0	1.0	0.0	8.000000000000002e-05
12158.0	21.0	1.0	0.0	0.0002952380952380952
12179.0	21.0	1.0	0.0	0.00018476190476190472
12200.0	21.0	1.0	0.0	0.002412857142857143
12221.0	21.0	1.0	0.0	0.003943809523809524
12242.0	21.0	1.0	0.0	0.00019666666666666666
12263.0	21.0	1.0	0.0	0.00025523809523809527
12284.0	21.0	1.0	0.0	0.00028857142857142856
12305.0	21.0	1.0	0.0	7.80952380952381e-05
12326.0	21.0	1.0	0.0	0.0002014285714285714
12347.0	21.0	1.0	0.0	3.095238095238095e-05
12368.0	21.0	1.0	0.0	7.61904761904762e-06
12389.0	21.0	1.0	0.0	8.952380952380953e-05
12410.0	21.0	1.0	0.0	1.2380952380952383e-05
10240.0	21.0	1.0	0.0	1.8095238095238097e-05
10261.0	21.0	1.0	0.0	0.00015904761904761904
10282.0	21.0	1.0	0.0	0.00019999999999999998
10303.0	21.0	1.0	0.0	0.0030995238095238094
10324.0	21.0	1.0	0.0	0.0029438095238095243
10345.0	21.0	1.0	0.0	0.0029233333333333333
10366.0	21.0	1.0	0.0	0.003700000000000001
10387.0	21.0	1.0	0.0	0.0031914285714285708
10408.0	21.0	1.0	0.0	0.0017619047619047618
10429.0	21.0	1.0	0.0	0.0033757142857142853
10450.0	21.0	1.0	0.0	0.00043333333333333326
10471.0	21.0	1.0	0.0	0.0003185714285714286
10492.0	21.0	1.0	0.0	0.0005176190476190476
10513.0	21.0	1.0	0.0	0.00016857142857142857
10534.0	21.0	1.0	0.0	7.047619047619048e-05
10555.0	21.0	1.0	0.0	1.904761904761905e-05
10576.0	21.0	1.0	0.0	6.6666666666666675e-06
8406.0	21.0	1.0	0.0	2.666666666666667e-05
8427.0	21.0	1.0	0.0	0.0002938095238095238
8448.0	21.0	1.0	0.0	0.0012728571428571429
8469.0	21.0	1.0	0.0	0.002604285714285714
8490.0	21.0	1.0	0.0	0.0008028571428571428
8511.0	21.0	1.0	0.0	0.0006985714285714287
8532.0	21.0	1.0	0.0	0.006451904761904762
8553.0	21.0	1.0	0.0	0.004742857142857143
8574.0	21.0	1.0	0.0	0.003198095238095238
8595.0	21.0	1.0	0.0	0.0029033333333333333
8616.0	21.0	1.0	0.0	0.0008761904761904764
8637.0	21.0	1.0	0.0	0.002299523809523809
8658.0	21.0	1.0	0.0	0.000497142857142857
8679.0	21.0	1.0	0.0	0.0026966666666666667
8700.0	21.0	1.0	0.0	0.0011457142857142857
8721.0	21.0	1.0	0.0	6.952380952380952e-05
8742.0	21.0	1.0	0.0	2.9047619047619045e-05
8763.0	21.0	1.0	0.0	5.380952380952382e-05
748.0	21.0	1.0	0.0	3.80952380952381e-06
769.0	21.0	1.0	0.0	3.5238095238095246e-05
790.0	21.0	1.0	0.0	2.4761904761904766e-05
811.0	21.0	1.0	0.0	2.2857142857142858e-05
832.0	21.0	1.0	0.0	0.0005314285714285714
853.0	21.0	1.0	0.0	0.001087619047619048
874.0	21.0	1.0	0.0	0.00013571428571428572
895.0	21.0	1.0	0.0	0.0015476190476190477
916.0	21.0	1.0	0.0	0.001831428571428571
937.0	21.0	1.0	0.0	0.0010433333333333332
958.0	21.0	1.0	0.0	4.6666666666666665e-05
979.0	21.0	1.0	0.0	0.00012476190476190475
1000.0	21.0	1.0	0.0	0.00015333333333333337
1021.0	21.0	1.0	0.0	0.00032904761904761906
1042.0	21.0	1.0	0.0	0.00011714285714285714
1063.0	21.0	1.0	0.0	0.00021809523809523812
1084.0	21.0	1.0	0.0	6.428571428571429e-05
5853.0	21.0	1.0	0.0	8.571428571428573e-05
5874.0	21.0	1.0	0.0	0.00016857142857142857
5895.0	21.0	1.0	0.0	8.571428571428573e-06
5916.0	21.0	1.0	0.0	0.0003757142857142857
5937.0	21.0	1.0	0.0	0.001122857142857143
5958.0	21.0	1.0	0.0	0.0016619047619047616
5979.0	21.0	1.0	0.0	0.004159047619047619
6000.0	21.0	1.0	0.0	0.0013133333333333332
6021.0	21.0	1.0	0.0	0.00021095238095238095
6042.0	21.0	1.0	0.0	0.0011119047619047617
6063.0	21.0	1.0	0.0	0.0008485714285714286
6084.0	21.0	1.0	0.0	0.0007542857142857143
6105.0	21.0	1.0	0.0	4.1428571428571437e-05
6126.0	21.0	1.0	0.0	5.333333333333334e-05
6147.0	21.0	1.0	0.0	0.00017904761904761904
6168.0	21.0	1.0	0.0	3.190476190476191e-05
6189.0	21.0	1.0	0.0	0.00021428571428571422
10228.0	21.0	1.0	0.0	4.761904761904762e-06
10249.0	21.0	1.0	0.0	0.00013000000000000002
10270.0	21.0	1.0	0.0	0.00010571428571428572
10291.0	21.0	1.0	0.0	0.0005438095238095238
10312.0	21.0	1.0	0.0	0.0042880952380952376
10333.0	21.0	1.0	0.0	0.0022714285714285714
10354.0	21.0	1.0	0.0	0.003505714285714285
10375.0	21.0	1.0	0.0	0.0035014285714285707
10396.0	21.0	1.0	0.0	0.0025557142857142853
10417.0	21.0	1.0	0.0	0.002728571428571429
10438.0	21.0	1.0	0.0	0.002134285714285714
10459.0	21.0	1.0	0.0	0.00011476190476190475
10480.0	21.0	1.0	0.0	0.0007285714285714286
10501.0	21.0	1.0	0.0	0.00019761904761904757
10522.0	21.0	1.0	0.0	7.19047619047619e-05
10543.0	21.0	1.0	0.0	1.5714285714285715e-05
10564.0	21.0	1.0	0.0	3.80952380952381e-06
10585.0	21.0	1.0	0.0	1.9047619047619046e-05
14259.0	21.0	1.0	0.0	1.4285714285714288e-06
14280.0	21.0	1.0	0.0	2e-05
14301.0	21.0	1.0	0.0	5.333333333333334e-05
14322.0	21.0	1.0	0.0	0.0003985714285714285
14343.0	21.0	1.0	0.0	0.001586190476190476
14364.0	21.0	1.0	0.0	0.0031485714285714285
14385.0	21.0	1.0	0.0	0.0019590476190476194
14406.0	21.0	1.0	0.0	0.0023328571428571426
14427.0	21.0	1.0	0.0	0.0008747619047619048
14448.0	21.0	1.0	0.0	0.0026433333333333335
14469.0	21.0	1.0	0.0	0.00016999999999999999
14490.0	21.0	1.0	0.0	3.761904761904762e-05
14511.0	21.0	1.0	0.0	1.0476190476190477e-05
14532.0	21.0	1.0	0.0	1.6190476190476193e-05
14553.0	21.0	1.0	0.0	1.0952380952380951e-05
14574.0	21.0	1.0	0.0	9.523809523809525e-07
14595.0	21.0	1.0	0.0	0.0
9502.0	21.0	1.0	0.0	1.2380952380952383e-05
9523.0	21.0	1.0	0.0	1.8571428571428575e-05
9544.0	21.0	1.0	0.0	4.8571428571428576e-05
9565.0	21.0	1.0	0.0	6.523809523809526e-05
9586.0	21.0	1.0	0.0	0.00015857142857142855
9607.0	21.0	1.0	0.0	0.002151904761904761
9628.0	21.0	1.0	0.0	0.001887142857142857
9649.0	21.0	1.0	0.0	8.047619047619048e-05
9670.0	21.0	1.0	0.0	0.0006547619047619047
9691.0	21.0	1.0	0.0	0.0019328571428571426
9712.0	21.0	1.0	0.0	2.380952380952381e-05
9733.0	21.0	1.0	0.0	1.1428571428571427e-05
9754.0	21.0	1.0	0.0	5.809523809523809e-05
9775.0	21.0	1.0	0.0	0.00017476190476190478
9796.0	21.0	1.0	0.0	4.095238095238095e-05
9817.0	21.0	1.0	0.0	0.00019047619047619048
9838.0	21.0	1.0	0.0	5.7142857142857145e-06
9859.0	21.0	1.0	0.0	2.4285714285714288e-05
8419.0	21.0	1.0	0.0	4.238095238095238e-05
8440.0	21.0	1.0	0.0	0.00040714285714285717
8461.0	21.0	1.0	0.0	0.0034447619047619053
8482.0	21.0	1.0	0.0	0.00042714285714285716
8503.0	21.0	1.0	0.0	0.0008252380952380951
8524.0	21.0	1.0	0.0	0.004809047619047619
8545.0	21.0	1.0	0.0	0.00549
8566.0	21.0	1.0	0.0	0.0038019047619047616
8587.0	21.0	1.0	0.0	0.0028242857142857145
8608.0	21.0	1.0	0.0	0.0014504761904761906
8629.0	21.0	1.0	0.0	0.001213809523809524
8650.0	21.0	1.0	0.0	0.0019142857142857143
8671.0	21.0	1.0	0.0	0.0007095238095238095
8692.0	21.0	1.0	0.0	0.0031023809523809524
8713.0	21.0	1.0	0.0	4.190476190476191e-05
8734.0	21.0	1.0	0.0	7.952380952380952e-05
8755.0	21.0	1.0	0.0	4.523809523809524e-05
4393.0	21.0	1.0	0.0	8.666666666666667e-05
4414.0	21.0	1.0	0.0	2.761904761904762e-05
4435.0	21.0	1.0	0.0	0.00047666666666666663
4456.0	21.0	1.0	0.0	0.0029185714285714292
4477.0	21.0	1.0	0.0	0.0026314285714285715
4498.0	21.0	1.0	0.0	0.0030952380952380953
4519.0	21.0	1.0	0.0	0.00598904761904762
4540.0	21.0	1.0	0.0	0.0010933333333333333
4561.0	21.0	1.0	0.0	0.001641428571428571
4582.0	21.0	1.0	0.0	0.0008357142857142857
4603.0	21.0	1.0	0.0	0.00047142857142857137
4624.0	21.0	1.0	0.0	0.0009985714285714285
4645.0	21.0	1.0	0.0	0.0009471428571428572
4666.0	21.0	1.0	0.0	0.001730952380952381
4687.0	21.0	1.0	0.0	1.5714285714285715e-05
4708.0	21.0	1.0	0.0	2.3333333333333332e-05
4729.0	21.0	1.0	0.0	3.80952380952381e-06
367.0	21.0	1.0	0.0	0.00015952380952380951
388.0	21.0	1.0	0.0	3.190476190476191e-05
409.0	21.0	1.0	0.0	1.761904761904762e-05
430.0	21.0	1.0	0.0	3.666666666666667e-05
451.0	21.0	1.0	0.0	0.00010476190476190474
472.0	21.0	1.0	0.0	0.0009328571428571428
493.0	21.0	1.0	0.0	0.00057
514.0	21.0	1.0	0.0	0.001065714285714286
535.0	21.0	1.0	0.0	0.00420047619047619
556.0	21.0	1.0	0.0	0.003784761904761904
577.0	21.0	1.0	0.0	0.0016647619047619046
598.0	21.0	1.0	0.0	0.00027333333333333333
619.0	21.0	1.0	0.0	0.0007233333333333333
640.0	21.0	1.0	0.0	0.0008366666666666664
661.0	21.0	1.0	0.0	0.00032285714285714285
682.0	21.0	1.0	0.0	6.380952380952382e-05
703.0	21.0	1.0	0.0	2.333333333333334e-05
724.0	21.0	1.0	0.0	2.3333333333333332e-05
6589.0	21.0	1.0	0.0	7.38095238095238e-05
6610.0	21.0	1.0	0.0	1.7142857142857145e-05
6631.0	21.0	1.0	0.0	0.0001533333333333333
6652.0	21.0	1.0	0.0	3.238095238095238e-05
6673.0	21.0	1.0	0.0	5.333333333333334e-05
6694.0	21.0	1.0	0.0	0.0003371428571428571
6715.0	21.0	1.0	0.0	0.00012285714285714287
6736.0	21.0	1.0	0.0	0.0005261904761904762
6757.0	21.0	1.0	0.0	0.00021333333333333336
6778.0	21.0	1.0	0.0	0.0036952380952380947
6799.0	21.0	1.0	0.0	0.0017485714285714277
6820.0	21.0	1.0	0.0	0.00014285714285714287
6841.0	21.0	1.0	0.0	7.285714285714285e-05
6862.0	21.0	1.0	0.0	2.380952380952381e-05
6883.0	21.0	1.0	0.0	1e-05
6904.0	21.0	1.0	0.0	7.19047619047619e-05
6925.0	21.0	1.0	0.0	1e-05
3293.0	21.0	1.0	0.0	7.285714285714285e-05
3314.0	21.0	1.0	0.0	5.7142857142857145e-06
3335.0	21.0	1.0	0.0	1.6666666666666667e-05
3356.0	21.0	1.0	0.0	0.00018142857142857142
3377.0	21.0	1.0	0.0	0.001955238095238095
3398.0	21.0	1.0	0.0	0.0021361904761904764
3419.0	21.0	1.0	0.0	0.007324285714285715
3440.0	21.0	1.0	0.0	0.0027538095238095234
3461.0	21.0	1.0	0.0	0.002448095238095238
3482.0	21.0	1.0	0.0	0.00146
3503.0	21.0	1.0	0.0	0.001773809523809524
3524.0	21.0	1.0	0.0	0.0006028571428571429
3545.0	21.0	1.0	0.0	6.047619047619047e-05
3566.0	21.0	1.0	0.0	5.000000000000001e-05
3587.0	21.0	1.0	0.0	0.00010904761904761905
3608.0	21.0	1.0	0.0	0.00023571428571428569
3629.0	21.0	1.0	0.0	0.00015142857142857143
3650.0	21.0	1.0	0.0	1.904761904761905e-05
14629.0	21.0	1.0	0.0	3.142857142857143e-05
14650.0	21.0	1.0	0.0	3.476190476190477e-05
14671.0	21.0	1.0	0.0	0.00021476190476190472
14692.0	21.0	1.0	0.0	0.0003004761904761905
14713.0	21.0	1.0	0.0	0.0024947619047619046
14734.0	21.0	1.0	0.0	0.0017414285714285717
14755.0	21.0	1.0	0.0	0.0016480952380952378
14776.0	21.0	1.0	0.0	0.0009152380952380948
14797.0	21.0	1.0	0.0	0.0006428571428571429
14818.0	21.0	1.0	0.0	0.0007028571428571428
14839.0	21.0	1.0	0.0	7.285714285714286e-05
14860.0	21.0	1.0	0.0	0.0
14881.0	21.0	1.0	0.0	7.61904761904762e-06
14902.0	21.0	1.0	0.0	1.4285714285714288e-06
14923.0	21.0	1.0	0.0	1.523809523809524e-05
14944.0	21.0	1.0	0.0	0.00013714285714285716
14965.0	21.0	1.0	0.0	1.9999999999999998e-05
14256.0	21.0	1.0	0.0	0.0
14277.0	21.0	1.0	0.0	2.1428571428571428e-05
14298.0	21.0	1.0	0.0	5.333333333333334e-05
14319.0	21.0	1.0	0.0	0.00019523809523809522
14340.0	21.0	1.0	0.0	0.001418095238095238
14361.0	21.0	1.0	0.0	0.0032647619047619044
14382.0	21.0	1.0	0.0	0.0020809523809523812
14403.0	21.0	1.0	0.0	0.0022138095238095237
14424.0	21.0	1.0	0.0	0.0010785714285714285
14445.0	21.0	1.0	0.0	0.0026514285714285715
14466.0	21.0	1.0	0.0	0.00016428571428571428
14487.0	21.0	1.0	0.0	8.38095238095238e-05
14508.0	21.0	1.0	0.0	1.0476190476190477e-05
14529.0	21.0	1.0	0.0	1.6190476190476193e-05
14550.0	21.0	1.0	0.0	1.0952380952380951e-05
14571.0	21.0	1.0	0.0	0.0
14592.0	21.0	1.0	0.0	9.523809523809525e-07
10960.0	21.0	1.0	0.0	2.0476190476190476e-05
10981.0	21.0	1.0	0.0	2.1904761904761906e-05
11002.0	21.0	1.0	0.0	0.00012190476190476191
11023.0	21.0	1.0	0.0	0.0006695238095238096
11044.0	21.0	1.0	0.0	0.0067904761904761905
11065.0	21.0	1.0	0.0	0.0069228571428571395
11086.0	21.0	1.0	0.0	0.002665714285714286
11107.0	21.0	1.0	0.0	0.0035619047619047622
11128.0	21.0	1.0	0.0	0.0037304761904761907
11149.0	21.0	1.0	0.0	0.0016190476190476191
11170.0	21.0	1.0	0.0	0.0014066666666666667
11191.0	21.0	1.0	0.0	0.004228095238095237
11212.0	21.0	1.0	0.0	0.0008752380952380953
11233.0	21.0	1.0	0.0	0.00042523809523809533
11254.0	21.0	1.0	0.0	4.761904761904762e-06
11275.0	21.0	1.0	0.0	6.6666666666666675e-06
11296.0	21.0	1.0	0.0	3.857142857142858e-05
11317.0	21.0	1.0	0.0	7.619047619047619e-06
13164.0	21.0	1.0	0.0	3.2857142857142864e-05
13185.0	21.0	1.0	0.0	0.00014904761904761904
13206.0	21.0	1.0	0.0	0.00012
13227.0	21.0	1.0	0.0	9.571428571428571e-05
13248.0	21.0	1.0	0.0	0.0002742857142857142
13269.0	21.0	1.0	0.0	0.0033790476190476183
13290.0	21.0	1.0	0.0	0.0017695238095238094
13311.0	21.0	1.0	0.0	0.0017638095238095236
13332.0	21.0	1.0	0.0	0.0014747619047619047
13353.0	21.0	1.0	0.0	0.0025776190476190473
13374.0	21.0	1.0	0.0	0.00021619047619047619
13395.0	21.0	1.0	0.0	1.0952380952380953e-05
13416.0	21.0	1.0	0.0	0.00014047619047619049
13437.0	21.0	1.0	0.0	0.00022476190476190474
13458.0	21.0	1.0	0.0	0.00016190476190476192
13479.0	21.0	1.0	0.0	0.00024857142857142857
13500.0	21.0	1.0	0.0	0.0001147619047619048
5486.0	21.0	1.0	0.0	5.523809523809524e-05
5507.0	21.0	1.0	0.0	2.047619047619048e-05
5528.0	21.0	1.0	0.0	5.2380952380952384e-06
5549.0	21.0	1.0	0.0	4.7619047619047623e-07
5570.0	21.0	1.0	0.0	6.190476190476192e-05
5591.0	21.0	1.0	0.0	0.00015476190476190478
5612.0	21.0	1.0	0.0	0.00020285714285714286
5633.0	21.0	1.0	0.0	0.0018523809523809526
5654.0	21.0	1.0	0.0	0.0015885714285714283
5675.0	21.0	1.0	0.0	0.0006461904761904762
5696.0	21.0	1.0	0.0	0.0007838095238095238
5717.0	21.0	1.0	0.0	0.002044761904761905
5738.0	21.0	1.0	0.0	0.0012457142857142858
5759.0	21.0	1.0	0.0	0.00013190476190476193
5780.0	21.0	1.0	0.0	5.142857142857142e-05
5801.0	21.0	1.0	0.0	0.00022142857142857145
5822.0	21.0	1.0	0.0	1.2380952380952383e-05
5843.0	21.0	1.0	0.0	2.666666666666667e-05
6229.0	21.0	1.0	0.0	4.476190476190477e-05
6250.0	21.0	1.0	0.0	3.857142857142858e-05
6271.0	21.0	1.0	0.0	0.00041333333333333326
6292.0	21.0	1.0	0.0	0.00018714285714285716
6313.0	21.0	1.0	0.0	0.0019295238095238096
6334.0	21.0	1.0	0.0	0.0017290476190476188
6355.0	21.0	1.0	0.0	0.0030585714285714283
6376.0	21.0	1.0	0.0	0.003966666666666666
6397.0	21.0	1.0	0.0	0.003738571428571429
6418.0	21.0	1.0	0.0	0.00018952380952380957
6439.0	21.0	1.0	0.0	0.0016557142857142858
6460.0	21.0	1.0	0.0	6.523809523809524e-05
6481.0	21.0	1.0	0.0	5.3333333333333326e-05
6502.0	21.0	1.0	0.0	0.0001376190476190476
6523.0	21.0	1.0	0.0	0.0
6544.0	21.0	1.0	0.0	6.19047619047619e-05
6565.0	10.0	1.0	0.0	2.6e-05
