stress_period	sp_length	time_step	study (0 : TS or 1 : SS)	rech
0.0	1.0	1.0	1.0	0.0004379159446624107
1.0	30.0	1.0	0.0	0.0007557284355163001
31.0	30.0	1.0	0.0	0.0005377009073892666
61.0	30.0	1.0	0.0	0.00018974583943679658
91.0	30.0	1.0	0.0	0.00013124898274733668
121.0	30.0	1.0	0.0	0.00022050704956050332
151.0	30.0	1.0	0.0	0.00016046524047847602
181.0	30.0	1.0	0.0	4.965642293294269e-05
211.0	30.0	1.0	0.0	2.5398310025533037e-05
241.0	30.0	1.0	0.0	5.0222261746716906e-05
271.0	30.0	1.0	0.0	0.0007419981161753067
301.0	30.0	1.0	0.0	0.0015556301116943034
331.0	30.0	1.0	0.0	0.0017998967488606266
361.0	30.0	1.0	0.0	0.0019409871419270406
391.0	30.0	1.0	0.0	0.0014685038248697469
421.0	30.0	1.0	0.0	0.0008752131144205267
451.0	30.0	1.0	0.0	0.0005138977050780865
481.0	30.0	1.0	0.0	0.00020503336588538666
511.0	30.0	1.0	0.0	0.0001334523518879883
541.0	30.0	1.0	0.0	8.724161783853167e-05
571.0	30.0	1.0	0.0	4.053572217623392e-05
601.0	30.0	1.0	0.0	8.92881770928589e-05
631.0	30.0	1.0	0.0	0.00034752999146774673
661.0	30.0	1.0	0.0	0.0007342825889586934
691.0	30.0	1.0	0.0	0.0007555229187011233
721.0	30.0	1.0	0.0	0.0007534086863199367
751.0	30.0	1.0	0.0	0.00059335530598954
781.0	30.0	1.0	0.0	0.00033660303751623
811.0	30.0	1.0	0.0	0.00041665191650385
841.0	30.0	1.0	0.0	0.0002757537841796467
871.0	30.0	1.0	0.0	0.00010660552978513583
901.0	30.0	1.0	0.0	3.698323567708333e-05
931.0	30.0	1.0	0.0	2.5496027866999308e-05
961.0	30.0	1.0	0.0	1.9958116610844933e-05
991.0	30.0	1.0	0.0	1.920209328333537e-05
1021.0	30.0	1.0	0.0	0.0001891848444938206
1051.0	30.0	1.0	0.0	0.0008624252955118267
1081.0	30.0	1.0	0.0	0.002512893931070926
1111.0	30.0	1.0	0.0	0.0010784467061360234
1141.0	30.0	1.0	0.0	0.0013886779785155868
1171.0	30.0	1.0	0.0	0.0006347086588541332
1201.0	30.0	1.0	0.0	0.00014376068115231334
1231.0	30.0	1.0	0.0	6.706390380859375e-05
1261.0	30.0	1.0	0.0	5.862070719400707e-05
1291.0	30.0	1.0	0.0	3.314043581485749e-05
1321.0	30.0	1.0	0.0	2.602119545141856e-05
1351.0	30.0	1.0	0.0	1.524994373321533e-05
1381.0	30.0	1.0	0.0	3.434201081593717e-05
1411.0	30.0	1.0	0.0	0.0003191968599954908
1441.0	30.0	1.0	0.0	0.00159829924901321
1471.0	30.0	1.0	0.0	0.0011443000793456466
1501.0	30.0	1.0	0.0	0.0014151944478352403
1531.0	30.0	1.0	0.0	0.0012116811116536033
1561.0	30.0	1.0	0.0	0.0007752217610676599
1591.0	30.0	1.0	0.0	0.0001743250528970833
1621.0	30.0	1.0	0.0	6.231842041015625e-05
1651.0	30.0	1.0	0.0	5.7800433039661884e-05
1681.0	30.0	1.0	0.0	3.660646180311839e-05
1711.0	30.0	1.0	0.0	3.760281006495136e-05
1741.0	30.0	1.0	0.0	8.365177313485857e-05
1771.0	30.0	1.0	0.0	0.00021132232348119827
1801.0	30.0	1.0	0.0	0.0008874016761779266
1831.0	30.0	1.0	0.0	0.0018769017537434496
1861.0	30.0	1.0	0.0	0.0006850334167480034
1891.0	30.0	1.0	0.0	0.0008523699442545065
1921.0	30.0	1.0	0.0	0.0010433532714843234
1951.0	30.0	1.0	0.0	0.0002744211832681901
1981.0	30.0	1.0	0.0	6.967773437499917e-05
2011.0	30.0	1.0	0.0	3.1371181582411123e-05
2041.0	30.0	1.0	0.0	2.2932408874233567e-05
2071.0	30.0	1.0	0.0	0.00010202278296151007
2101.0	30.0	1.0	0.0	5.424153010050454e-05
2131.0	30.0	1.0	0.0	0.00012314127286272726
2161.0	30.0	1.0	0.0	0.0007464540163675399
2191.0	30.0	1.0	0.0	0.0019966330210367434
2221.0	30.0	1.0	0.0	0.0006025250752766367
2251.0	30.0	1.0	0.0	0.0010629959106444834
2281.0	30.0	1.0	0.0	0.00047222493489579
2311.0	30.0	1.0	0.0	0.0005729705810546333
2341.0	30.0	1.0	0.0	0.00011823018391925003
2371.0	30.0	1.0	0.0	4.836527506510417e-05
2401.0	30.0	1.0	0.0	3.3997062842051183e-05
2431.0	30.0	1.0	0.0	2.4193616708119715e-05
2461.0	30.0	1.0	0.0	1.631187597910563e-05
2491.0	30.0	1.0	0.0	7.152973016101735e-05
2521.0	30.0	1.0	0.0	0.00012900315920507985
2551.0	30.0	1.0	0.0	0.00048787469863887
2581.0	30.0	1.0	0.0	0.0010710482915242134
2611.0	30.0	1.0	0.0	0.00151765975952144
2641.0	30.0	1.0	0.0	0.00027174555460607335
2671.0	30.0	1.0	0.0	0.00010694707234696958
2701.0	30.0	1.0	0.0	0.00013125178019203208
2731.0	30.0	1.0	0.0	0.00010708719889320834
2761.0	30.0	1.0	0.0	5.169378519058228e-05
2791.0	30.0	1.0	0.0	3.049124081929525e-05
2821.0	30.0	1.0	0.0	6.874068180719082e-05
2851.0	30.0	1.0	0.0	0.00014872025648748462
2881.0	30.0	1.0	0.0	0.00017726561228428335
2911.0	30.0	1.0	0.0	0.0003060528119404666
2941.0	30.0	1.0	0.0	0.001210767936706497
2971.0	30.0	1.0	0.0	0.0005483224232991033
3001.0	30.0	1.0	0.0	0.0003249176025390201
3031.0	30.0	1.0	0.0	0.0001708831787109
3061.0	30.0	1.0	0.0	7.989349365233185e-05
3091.0	30.0	1.0	0.0	3.120244344075521e-05
3121.0	30.0	1.0	0.0	1.7625125249226895e-05
3151.0	30.0	1.0	0.0	1.0923226674397785e-05
3181.0	30.0	1.0	0.0	7.5824260711669915e-06
3211.0	30.0	1.0	0.0	7.112363974253337e-06
3241.0	30.0	1.0	0.0	7.049618164696933e-05
3271.0	30.0	1.0	0.0	0.00024706749121342336
3301.0	30.0	1.0	0.0	0.0019090667406717467
3331.0	30.0	1.0	0.0	0.0014527468363443533
3361.0	30.0	1.0	0.0	0.0008717041015624534
3391.0	30.0	1.0	0.0	0.00046875864664710007
3421.0	30.0	1.0	0.0	0.0002474131266275566
3451.0	30.0	1.0	0.0	6.733957926432291e-05
3481.0	30.0	1.0	0.0	3.1640697518984475e-05
3511.0	30.0	1.0	0.0	2.0925208926200864e-05
3541.0	30.0	1.0	0.0	1.4003827174504596e-05
3571.0	30.0	1.0	0.0	1.3365582625071208e-05
3601.0	30.0	1.0	0.0	2.6464744408923005e-05
3631.0	30.0	1.0	0.0	0.0007632516702015733
3661.0	30.0	1.0	0.0	0.0013465627670287634
3691.0	30.0	1.0	0.0	0.0005991976420084199
3721.0	30.0	1.0	0.0	0.00056454238891597
3751.0	30.0	1.0	0.0	0.0003527109781900601
3781.0	30.0	1.0	0.0	0.00012409769694006603
3811.0	30.0	1.0	0.0	6.815923055013021e-05
3841.0	30.0	1.0	0.0	3.7818807363510136e-05
3871.0	30.0	1.0	0.0	2.1425457795461024e-05
3901.0	30.0	1.0	0.0	0.00011533456047375076
3931.0	30.0	1.0	0.0	0.00015114431381222043
3961.0	30.0	1.0	0.0	0.00020669755935664332
3991.0	30.0	1.0	0.0	0.00040318454106644334
4021.0	30.0	1.0	0.0	0.0006313062032063301
4051.0	30.0	1.0	0.0	0.0012057526906330768
4081.0	30.0	1.0	0.0	0.0015418675740559366
4111.0	30.0	1.0	0.0	0.0017755884806314667
4141.0	30.0	1.0	0.0	0.0006403020222981299
4171.0	30.0	1.0	0.0	0.00012570597330726293
4201.0	30.0	1.0	0.0	6.307678222655916e-05
4231.0	30.0	1.0	0.0	2.75228480497996e-05
4261.0	30.0	1.0	0.0	1.5533663829167686e-05
4291.0	30.0	1.0	0.0	9.89392677942781e-05
4321.0	30.0	1.0	0.0	7.611985206603239e-05
4351.0	30.0	1.0	0.0	0.0006020376682281033
4381.0	30.0	1.0	0.0	0.0022899040222167533
4411.0	30.0	1.0	0.0	0.0019108690897623232
4441.0	30.0	1.0	0.0	0.0011769042968749503
4471.0	30.0	1.0	0.0	0.0004635874430338133
4501.0	30.0	1.0	0.0	0.0004488662719726134
4531.0	30.0	1.0	0.0	0.0006273768107095967
4561.0	30.0	1.0	0.0	0.00014035034179682665
4591.0	30.0	1.0	0.0	7.743615309396666e-05
4621.0	30.0	1.0	0.0	3.641278743743896e-05
4651.0	30.0	1.0	0.0	2.1029313405354818e-05
4681.0	30.0	1.0	0.0	3.0832036336263024e-05
4711.0	30.0	1.0	0.0	2.870866457621257e-05
4741.0	30.0	1.0	0.0	0.00026401801109310276
4771.0	30.0	1.0	0.0	0.0009488722483316501
4801.0	30.0	1.0	0.0	0.0008555646260578999
4831.0	30.0	1.0	0.0	0.0002361178080240366
4861.0	30.0	1.0	0.0	0.00015979156494135666
4891.0	30.0	1.0	0.0	9.896265665688999e-05
4921.0	30.0	1.0	0.0	6.459299723307291e-05
4951.0	30.0	1.0	0.0	5.803019404410794e-05
4981.0	30.0	1.0	0.0	3.0793251593907676e-05
5011.0	30.0	1.0	0.0	1.843719482421875e-05
5041.0	30.0	1.0	0.0	7.189175287880423e-05
5071.0	30.0	1.0	0.0	0.00010372560818988253
5101.0	30.0	1.0	0.0	0.00038260909716284
5131.0	30.0	1.0	0.0	0.000917558097839297
5161.0	30.0	1.0	0.0	0.0017246475219726035
5191.0	30.0	1.0	0.0	0.0005418617248534634
5221.0	30.0	1.0	0.0	0.0002554013570149301
5251.0	30.0	1.0	0.0	9.256668090818229e-05
5281.0	30.0	1.0	0.0	3.522440592447917e-05
5311.0	30.0	1.0	0.0	5.2832337220505065e-05
5341.0	30.0	1.0	0.0	6.31340146064713e-05
5371.0	30.0	1.0	0.0	3.6308765411376944e-05
5401.0	30.0	1.0	0.0	3.179930051167806e-05
5431.0	30.0	1.0	0.0	0.00010362251599627074
5461.0	30.0	1.0	0.0	0.0004113405545552101
5491.0	30.0	1.0	0.0	0.0013938380559285102
5521.0	30.0	1.0	0.0	0.0015614810943603166
5551.0	30.0	1.0	0.0	0.0012305308024088066
5581.0	30.0	1.0	0.0	0.0006468577067056898
5611.0	30.0	1.0	0.0	0.00012803446451819706
5641.0	30.0	1.0	0.0	6.119740804036459e-05
5671.0	30.0	1.0	0.0	3.812036315600077e-05
5701.0	30.0	1.0	0.0	4.851170579592211e-05
5731.0	30.0	1.0	0.0	4.870466391245387e-05
5761.0	30.0	1.0	0.0	0.00010509762763974878
5791.0	30.0	1.0	0.0	0.0002549184799193733
5821.0	30.0	1.0	0.0	0.0014379473050434865
5851.0	30.0	1.0	0.0	0.0020823340098062634
5881.0	30.0	1.0	0.0	0.002052886454264277
5911.0	30.0	1.0	0.0	0.00148306833902991
5941.0	30.0	1.0	0.0	0.0006920043945312101
5971.0	30.0	1.0	0.0	0.00013352101643875918
6001.0	30.0	1.0	0.0	5.6951395670572916e-05
6031.0	30.0	1.0	0.0	2.3755930860837303e-05
6061.0	30.0	1.0	0.0	1.3663850227991741e-05
6091.0	30.0	1.0	0.0	8.692180116971333e-06
6121.0	30.0	1.0	0.0	1.0949714978535969e-05
6151.0	30.0	1.0	0.0	7.13204979896495e-05
6181.0	30.0	1.0	0.0	0.0001086424350738386
6211.0	30.0	1.0	0.0	0.0008752063274383068
6241.0	30.0	1.0	0.0	0.0013753550211588065
6271.0	30.0	1.0	0.0	0.0016185167948404467
6301.0	30.0	1.0	0.0	0.0012138277689615466
6331.0	30.0	1.0	0.0	0.00019668884277338326
6361.0	30.0	1.0	0.0	6.78853352864575e-05
6391.0	30.0	1.0	0.0	4.910329182942207e-05
6421.0	30.0	1.0	0.0	2.337589859962463e-05
6451.0	30.0	1.0	0.0	1.3618340094884235e-05
6481.0	30.0	1.0	0.0	1.1369927724202473e-05
6511.0	30.0	1.0	0.0	0.00014531769355136028
6541.0	30.0	1.0	0.0	0.0009092084089914467
6571.0	30.0	1.0	0.0	0.0011789883931477333
6601.0	30.0	1.0	0.0	0.0016817413330077803
6631.0	30.0	1.0	0.0	0.0008627970377603667
6661.0	30.0	1.0	0.0	0.0010560084025064698
6691.0	30.0	1.0	0.0	0.0005855290730793866
6721.0	30.0	1.0	0.0	9.469502766924915e-05
6751.0	30.0	1.0	0.0	2.9890950520833338e-05
6781.0	30.0	1.0	0.0	1.5782061219215392e-05
6811.0	30.0	1.0	0.0	1.3178778688112896e-05
6841.0	30.0	1.0	0.0	2.4575348695119224e-05
6871.0	30.0	1.0	0.0	1.5724150339762368e-05
6901.0	30.0	1.0	0.0	6.456101338067745e-05
6931.0	30.0	1.0	0.0	0.00019477152029669006
6961.0	30.0	1.0	0.0	0.00045524546305333326
6991.0	30.0	1.0	0.0	0.0008568807601928333
7021.0	30.0	1.0	0.0	0.0005741490681965666
7051.0	30.0	1.0	0.0	0.00020079091389969662
7081.0	30.0	1.0	0.0	0.00047303492228184996
7111.0	30.0	1.0	0.0	0.0001723210652668927
7141.0	30.0	1.0	0.0	5.506539543469516e-05
7171.0	30.0	1.0	0.0	3.693755269050598e-05
7201.0	30.0	1.0	0.0	2.6621135075887048e-05
7231.0	30.0	1.0	0.0	2.4179275830586755e-05
7261.0	30.0	1.0	0.0	5.887567996978433e-05
7291.0	30.0	1.0	0.0	0.0006602139155069466
7321.0	30.0	1.0	0.0	0.001609547932942663
7351.0	30.0	1.0	0.0	0.0009330599466959165
7381.0	30.0	1.0	0.0	0.0005081471761067267
7411.0	30.0	1.0	0.0	0.00020275675455724333
7441.0	30.0	1.0	0.0	7.855046590168373e-05
7471.0	30.0	1.0	0.0	5.278422037760042e-05
7501.0	30.0	1.0	0.0	0.00019905525048568667
7531.0	30.0	1.0	0.0	7.55920012791825e-05
7561.0	30.0	1.0	0.0	0.00023257206281023144
7591.0	30.0	1.0	0.0	0.0007670598347981432
7621.0	30.0	1.0	0.0	0.0003972340901692234
7651.0	30.0	1.0	0.0	0.0018805390675862203
7681.0	30.0	1.0	0.0	0.00106073099772131
7711.0	30.0	1.0	0.0	0.00046832071940100333
7741.0	30.0	1.0	0.0	0.00036192220052078664
7771.0	30.0	1.0	0.0	0.00015441792805985798
7801.0	30.0	1.0	0.0	7.951761881510169e-05
7831.0	30.0	1.0	0.0	4.441223144531251e-05
7861.0	30.0	1.0	0.0	2.2644114494323733e-05
7891.0	30.0	1.0	0.0	5.984566509723044e-05
7921.0	30.0	1.0	0.0	1.7593197027842205e-05
7951.0	30.0	1.0	0.0	1.2486275037129717e-05
7981.0	30.0	1.0	0.0	3.5129729906713773e-05
8011.0	30.0	1.0	0.0	8.229286670683734e-05
8041.0	30.0	1.0	0.0	0.00031182794570919003
8071.0	30.0	1.0	0.0	0.0006249182065327465
8101.0	30.0	1.0	0.0	0.0013553043365477934
8131.0	30.0	1.0	0.0	0.0006636021931965701
8161.0	30.0	1.0	0.0	0.0002912063598632401
8191.0	30.0	1.0	0.0	0.00016438242594395998
8221.0	30.0	1.0	0.0	8.069159214693838e-05
8251.0	30.0	1.0	0.0	0.00010031206582982309
8281.0	30.0	1.0	0.0	0.00013470683892565774
8311.0	30.0	1.0	0.0	0.0014114872773487899
8341.0	30.0	1.0	0.0	0.0015370727539061968
8371.0	30.0	1.0	0.0	0.0010439709981282098
8401.0	30.0	1.0	0.0	0.0019241020202636302
8431.0	30.0	1.0	0.0	0.0015258722941080237
8461.0	30.0	1.0	0.0	0.0014177429199218367
8491.0	30.0	1.0	0.0	0.0005622212727864231
8521.0	30.0	1.0	0.0	0.0006503204345702766
8551.0	30.0	1.0	0.0	0.0005425374348957966
8581.0	30.0	1.0	0.0	0.0003291117350260033
8611.0	30.0	1.0	0.0	0.00016141784985857204
8641.0	30.0	1.0	0.0	5.853134791056246e-05
8671.0	30.0	1.0	0.0	0.0004225623607635128
8701.0	30.0	1.0	0.0	0.0003719605763752733
8731.0	30.0	1.0	0.0	0.00026272627512608995
8761.0	30.0	1.0	0.0	0.0004190355936685667
8791.0	30.0	1.0	0.0	0.0004607789357502768
8821.0	30.0	1.0	0.0	0.0005816993713378498
8851.0	30.0	1.0	0.0	0.00053660583496089
8881.0	30.0	1.0	0.0	0.00030951436360671656
8911.0	30.0	1.0	0.0	0.0001035738627115685
8941.0	30.0	1.0	0.0	3.532435099283854e-05
8971.0	30.0	1.0	0.0	1.8342258532842004e-05
9001.0	30.0	1.0	0.0	1.0238579909006756e-05
9031.0	30.0	1.0	0.0	9.317191441853839e-06
9061.0	30.0	1.0	0.0	7.332799832026163e-06
9091.0	30.0	1.0	0.0	9.334356387454198e-05
9121.0	30.0	1.0	0.0	0.00027511881192520256
9151.0	30.0	1.0	0.0	0.0004089215914407901
9181.0	30.0	1.0	0.0	0.0004946698506672633
9211.0	30.0	1.0	0.0	0.0005440664927164233
9241.0	30.0	1.0	0.0	0.0005887083689371201
9271.0	30.0	1.0	0.0	0.00016454823811844332
9301.0	30.0	1.0	0.0	0.00014368515014644
9331.0	30.0	1.0	0.0	8.213015000023763e-05
9361.0	30.0	1.0	0.0	3.499576648076375e-05
9391.0	30.0	1.0	0.0	1.7810281117757162e-05
9421.0	30.0	1.0	0.0	1.3424261411031087e-05
9451.0	30.0	1.0	0.0	1.3211647669474283e-05
9481.0	30.0	1.0	0.0	0.0001002443154652634
9511.0	30.0	1.0	0.0	0.0003195507526397199
9541.0	30.0	1.0	0.0	0.0004940012613931833
9571.0	30.0	1.0	0.0	0.0011814652125040298
9601.0	30.0	1.0	0.0	0.0005991292317707867
9631.0	30.0	1.0	0.0	0.0001056078592936002
9661.0	30.0	1.0	0.0	3.511683146158854e-05
9691.0	30.0	1.0	0.0	1.8348869184652964e-05
9721.0	30.0	1.0	0.0	2.3367281258103452e-05
9751.0	30.0	1.0	0.0	3.913598457971705e-05
9781.0	30.0	1.0	0.0	3.462839126586915e-05
9811.0	30.0	1.0	0.0	6.0380037625630694e-05
9841.0	30.0	1.0	0.0	0.00024714088439938545
9871.0	30.0	1.0	0.0	0.0010312184969583631
9901.0	30.0	1.0	0.0	0.0005731089274088135
9931.0	30.0	1.0	0.0	0.00084814008076981
9961.0	30.0	1.0	0.0	0.0013061299641926663
9991.0	30.0	1.0	0.0	0.0003025922139485267
10021.0	30.0	1.0	0.0	8.183237711587333e-05
10051.0	30.0	1.0	0.0	3.170157074928284e-05
10081.0	30.0	1.0	0.0	1.6584662596384687e-05
10111.0	30.0	1.0	0.0	1.0206298033396404e-05
10141.0	30.0	1.0	0.0	9.317082166671752e-06
10171.0	30.0	1.0	0.0	8.703787326809924e-05
10201.0	30.0	1.0	0.0	0.0002930514415104874
10231.0	30.0	1.0	0.0	0.0004417906443277433
10261.0	30.0	1.0	0.0	0.00104164422353104
10291.0	30.0	1.0	0.0	0.00120470568339024
10321.0	30.0	1.0	0.0	0.0004836931864420068
10351.0	30.0	1.0	0.0	0.00016443532307938998
10381.0	30.0	1.0	0.0	6.567611694335626e-05
10411.0	30.0	1.0	0.0	2.5712429359555238e-05
10441.0	30.0	1.0	0.0	1.3209258640805879e-05
10471.0	30.0	1.0	0.0	0.00013024357358613556
10501.0	30.0	1.0	0.0	7.466479937235512e-05
10531.0	30.0	1.0	0.0	0.00011197870572405705
10561.0	30.0	1.0	0.0	0.00052654539744054
10591.0	30.0	1.0	0.0	0.0014321518580118233
10621.0	30.0	1.0	0.0	0.0014494834899901896
10651.0	30.0	1.0	0.0	0.0007693364461262636
10681.0	30.0	1.0	0.0	0.00014268646240231587
10711.0	30.0	1.0	0.0	8.329162597654709e-05
10741.0	30.0	1.0	0.0	0.00016754659016922666
10771.0	30.0	1.0	0.0	8.316497802733874e-05
10801.0	30.0	1.0	0.0	4.0399646759033195e-05
10831.0	30.0	1.0	0.0	3.0006233851114912e-05
10861.0	30.0	1.0	0.0	1.7672332127888993e-05
10891.0	30.0	1.0	0.0	2.3468454678849258e-05
10921.0	30.0	1.0	0.0	7.512638568877633e-05
10951.0	30.0	1.0	0.0	0.0005750547250111366
10981.0	30.0	1.0	0.0	0.00129522260030105
11011.0	30.0	1.0	0.0	0.0009884468078612833
11041.0	30.0	1.0	0.0	0.00033175175984696673
11071.0	30.0	1.0	0.0	0.00016559270222977335
11101.0	30.0	1.0	0.0	0.00023706029256180327
11131.0	30.0	1.0	0.0	0.0001890207926431835
11161.0	30.0	1.0	0.0	5.094452699025473e-05
11191.0	30.0	1.0	0.0	2.1502025922139488e-05
11221.0	30.0	1.0	0.0	5.9931389490754976e-05
11251.0	30.0	1.0	0.0	3.2863791783650716e-05
11281.0	30.0	1.0	0.0	4.2993084589640305e-05
11311.0	30.0	1.0	0.0	0.00025050354003901693
11341.0	30.0	1.0	0.0	0.0007807141304015599
11371.0	30.0	1.0	0.0	0.0006168261210123334
11401.0	30.0	1.0	0.0	0.00047123781840001676
11431.0	30.0	1.0	0.0	0.00033074824015295336
11461.0	30.0	1.0	0.0	0.00018826726277664673
11491.0	30.0	1.0	0.0	6.695073445637938e-05
11521.0	30.0	1.0	0.0	2.7002218365669263e-05
11551.0	30.0	1.0	0.0	3.029590547084553e-05
11581.0	30.0	1.0	0.0	1.418779691060384e-05
11611.0	30.0	1.0	0.0	1.1792695522308353e-05
11641.0	30.0	1.0	0.0	4.241302013397216e-05
11671.0	30.0	1.0	0.0	0.0006522053718566333
11701.0	30.0	1.0	0.0	0.002037281163533487
11731.0	30.0	1.0	0.0	0.0015496518452961798
11761.0	30.0	1.0	0.0	0.00096675465901689
11791.0	30.0	1.0	0.0	0.00022692159016923
11821.0	30.0	1.0	0.0	0.00013971811930333999
11851.0	30.0	1.0	0.0	5.992635091145749e-05
11881.0	30.0	1.0	0.0	2.2847307721773776e-05
11911.0	30.0	1.0	0.0	1.2085699041684469e-05
11941.0	30.0	1.0	0.0	2.5413326422373457e-05
11971.0	30.0	1.0	0.0	2.3274155457814534e-05
12001.0	30.0	1.0	0.0	3.3128337065377534e-05
12031.0	30.0	1.0	0.0	0.00031191563606257334
12061.0	30.0	1.0	0.0	0.0013322211583454936
12091.0	30.0	1.0	0.0	0.00105045674641922
12121.0	30.0	1.0	0.0	0.0008265497843423967
12151.0	30.0	1.0	0.0	0.00018101196289058326
12181.0	30.0	1.0	0.0	0.00012621943155921334
12211.0	30.0	1.0	0.0	4.27215576171875e-05
12241.0	30.0	1.0	0.0	2.7662203212579092e-05
12271.0	30.0	1.0	0.0	1.5479112168153128e-05
12301.0	30.0	1.0	0.0	1.2056426207224525e-05
12331.0	30.0	1.0	0.0	1.6633202632268273e-05
12361.0	30.0	1.0	0.0	1.6109263896942138e-05
12391.0	30.0	1.0	0.0	4.007283051808674e-05
12421.0	30.0	1.0	0.0	0.00012831673622128913
12451.0	30.0	1.0	0.0	0.0014514092286427368
12481.0	30.0	1.0	0.0	0.0018108383178710465
12511.0	30.0	1.0	0.0	0.0003683835347493133
12541.0	30.0	1.0	0.0	0.00014391810099280102
12571.0	30.0	1.0	0.0	0.0002891517639159829
12601.0	30.0	1.0	0.0	0.0003172276814778233
12631.0	30.0	1.0	0.0	8.943730195361447e-05
12661.0	30.0	1.0	0.0	3.7488849957784016e-05
12691.0	30.0	1.0	0.0	7.516271273293202e-05
12721.0	30.0	1.0	0.0	0.0003170450210570861
12751.0	30.0	1.0	0.0	0.0014891582489013134
12781.0	30.0	1.0	0.0	0.0009192011515299034
12811.0	30.0	1.0	0.0	0.0023242197672525703
12841.0	30.0	1.0	0.0	0.0017171122233072499
12871.0	30.0	1.0	0.0	0.0007533584594726134
12901.0	30.0	1.0	0.0	0.00016927032470699
12931.0	30.0	1.0	0.0	0.00013729654947911875
12961.0	30.0	1.0	0.0	5.8624267578124994e-05
12991.0	30.0	1.0	0.0	2.2855681180953983e-05
13021.0	30.0	1.0	0.0	1.2671943505605061e-05
13051.0	30.0	1.0	0.0	8.24544628461202e-06
13081.0	30.0	1.0	0.0	1.4196221033732097e-05
13111.0	30.0	1.0	0.0	3.710854848225911e-05
13141.0	30.0	1.0	0.0	5.413691997528076e-05
13171.0	30.0	1.0	0.0	0.0005675148487090698
13201.0	30.0	1.0	0.0	0.0007064041137694767
13231.0	30.0	1.0	0.0	0.0005161254882811967
13261.0	30.0	1.0	0.0	0.00035327669779454667
13291.0	30.0	1.0	0.0	0.00018816197713211207
13321.0	30.0	1.0	0.0	5.40283203125e-05
13351.0	30.0	1.0	0.0	2.214362819989522e-05
13381.0	30.0	1.0	0.0	2.7779096364973997e-05
13411.0	30.0	1.0	0.0	1.183394193649292e-05
13441.0	30.0	1.0	0.0	2.3833107948303217e-05
13471.0	30.0	1.0	0.0	0.00017599945068356158
13501.0	30.0	1.0	0.0	0.0016081141948699471
13531.0	30.0	1.0	0.0	0.0017969177246093268
13561.0	30.0	1.0	0.0	0.0011673189798990368
13591.0	30.0	1.0	0.0	0.001038223266601517
13621.0	30.0	1.0	0.0	0.0002269989013671567
13651.0	30.0	1.0	0.0	7.71998087565029e-05
13681.0	30.0	1.0	0.0	3.332621256510417e-05
13711.0	30.0	1.0	0.0	1.709917138020197e-05
13741.0	30.0	1.0	0.0	1.000693291425705e-05
13771.0	30.0	1.0	0.0	0.00013977032303808437
13801.0	30.0	1.0	0.0	0.0001490604877471556
13831.0	30.0	1.0	0.0	0.002133535893758097
13861.0	30.0	1.0	0.0	0.003990084584554001
13891.0	30.0	1.0	0.0	0.0012683512369791202
13921.0	30.0	1.0	0.0	0.0012937962849934532
13951.0	30.0	1.0	0.0	0.0014726460774739335
13981.0	30.0	1.0	0.0	0.0008127075195312101
14011.0	30.0	1.0	0.0	0.00020091857910152662
14041.0	30.0	1.0	0.0	9.010518391925586e-05
14071.0	30.0	1.0	0.0	3.334812621275584e-05
14101.0	30.0	1.0	0.0	1.6116302212079366e-05
14131.0	30.0	1.0	0.0	9.414527813593543e-06
14161.0	30.0	1.0	0.0	1.3875744740168252e-05
14191.0	30.0	1.0	0.0	0.00012904400825497015
14221.0	30.0	1.0	0.0	0.00046923470497126335
14251.0	30.0	1.0	0.0	0.0009606913884480367
14281.0	30.0	1.0	0.0	0.0023220911661783333
14311.0	30.0	1.0	0.0	0.0013661857604979966
14341.0	30.0	1.0	0.0	0.0004222559611002166
14371.0	30.0	1.0	0.0	0.0001572240193684625
14401.0	30.0	1.0	0.0	0.00019870503743486004
14431.0	30.0	1.0	0.0	9.606698900459534e-05
14461.0	30.0	1.0	0.0	4.1717408597469336e-05
14491.0	30.0	1.0	0.0	2.0342544714609782e-05
14521.0	30.0	1.0	0.0	5.15782435735034e-05
14551.0	30.0	1.0	0.0	0.00011209328174588145
14581.0	30.0	1.0	0.0	0.0003569603443145267
14611.0	30.0	1.0	0.0	0.0003739044825235466
14641.0	30.0	1.0	0.0	0.0005210313161213733
14671.0	30.0	1.0	0.0	0.0006772247314452631
14701.0	30.0	1.0	0.0	0.00023755086263017007
14731.0	30.0	1.0	0.0	0.00022260513305658998
14761.0	30.0	1.0	0.0	0.0001463386535644252
14791.0	30.0	1.0	0.0	0.00019731318155920006
14821.0	30.0	1.0	0.0	0.0001256125291188269
14851.0	30.0	1.0	0.0	3.834406534830729e-05
14881.0	30.0	1.0	0.0	2.7839040756225586e-05
14911.0	30.0	1.0	0.0	6.318523089090573e-05
14941.0	30.0	1.0	0.0	0.00046098376909886336
14971.0	30.0	1.0	0.0	0.0007997581481933036
15001.0	30.0	1.0	0.0	0.001293531672159783
15031.0	30.0	1.0	0.0	0.0013116584777831564
15061.0	30.0	1.0	0.0	0.0002597391764322466
15091.0	30.0	1.0	0.0	8.687693277993623e-05
15121.0	30.0	1.0	0.0	3.447621663411457e-05
15151.0	30.0	1.0	0.0	1.6708882649739583e-05
15181.0	30.0	1.0	0.0	1.5889729062716167e-05
15211.0	30.0	1.0	0.0	1.9534690181414285e-05
15241.0	30.0	1.0	0.0	2.9999744892117916e-05
15271.0	30.0	1.0	0.0	0.00017783234119412994
15301.0	30.0	1.0	0.0	0.0011245143890380469
15331.0	30.0	1.0	0.0	0.0010542152404784634
15361.0	30.0	1.0	0.0	0.0012013961791991735
15391.0	30.0	1.0	0.0	0.00153028895060217
15421.0	30.0	1.0	0.0	0.0005263682047525634
15451.0	30.0	1.0	0.0	0.00080589701334631
15481.0	30.0	1.0	0.0	0.00045163014729813345
15511.0	30.0	1.0	0.0	0.00015188903808589663
15541.0	30.0	1.0	0.0	0.00014966154098505917
15571.0	30.0	1.0	0.0	5.3834891319274904e-05
15601.0	30.0	1.0	0.0	3.798590501149496e-05
15631.0	30.0	1.0	0.0	3.201340039571126e-05
15661.0	30.0	1.0	0.0	0.0001906541506448993
15691.0	30.0	1.0	0.0	0.00041422109603876997
15721.0	30.0	1.0	0.0	0.0004880380630492732
15751.0	30.0	1.0	0.0	0.0007857606252033967
15781.0	30.0	1.0	0.0	0.0009883653004963734
15811.0	30.0	1.0	0.0	0.00047795003255203
15841.0	30.0	1.0	0.0	0.00018243535359695992
15871.0	30.0	1.0	0.0	5.1660664876302076e-05
15901.0	30.0	1.0	0.0	4.4359827041622856e-05
15931.0	30.0	1.0	0.0	2.0382797718048094e-05
15961.0	30.0	1.0	0.0	0.00033734277486797206
15991.0	30.0	1.0	0.0	0.0007177483558654334
16021.0	30.0	1.0	0.0	0.00047789039611811993
16051.0	30.0	1.0	0.0	0.00025912717183425006
16081.0	30.0	1.0	0.0	0.0007619447072346467
16111.0	30.0	1.0	0.0	0.0005467707316080202
16141.0	30.0	1.0	0.0	0.0005466799418131067
16171.0	30.0	1.0	0.0	0.0002548736572265201
16201.0	30.0	1.0	0.0	0.0001958073933918867
16231.0	30.0	1.0	0.0	0.00010709025065102356
16261.0	30.0	1.0	0.0	7.35072125991102e-05
16291.0	30.0	1.0	0.0	3.4920367598533635e-05
16321.0	30.0	1.0	0.0	4.323894182840734e-05
16351.0	30.0	1.0	0.0	0.00018191975752509216
16381.0	30.0	1.0	0.0	0.00043526608149205997
16411.0	30.0	1.0	0.0	0.0022485024770100403
16441.0	30.0	1.0	0.0	0.0029560302734374534
16471.0	30.0	1.0	0.0	0.0028901774088541266
16501.0	30.0	1.0	0.0	0.00195173746744788
16531.0	30.0	1.0	0.0	0.0007198343912760032
16561.0	30.0	1.0	0.0	0.00013406575520830832
16591.0	30.0	1.0	0.0	4.074300130208334e-05
16621.0	30.0	1.0	0.0	1.9138998724520205e-05
16651.0	30.0	1.0	0.0	1.1272855661809446e-05
16681.0	30.0	1.0	0.0	1.0865862170855205e-05
16711.0	30.0	1.0	0.0	9.25978422164917e-06
16741.0	30.0	1.0	0.0	1.2901959816614787e-05
16771.0	30.0	1.0	0.0	1.6196318467458092e-05
16801.0	30.0	1.0	0.0	9.696612358091185e-05
16831.0	30.0	1.0	0.0	0.0004796232382456
16861.0	30.0	1.0	0.0	0.00033229662577306335
16891.0	30.0	1.0	0.0	0.00030567951202387333
16921.0	30.0	1.0	0.0	0.0002128363291422011
16951.0	30.0	1.0	0.0	5.9472401936848966e-05
16981.0	30.0	1.0	0.0	2.6883570353190095e-05
17011.0	30.0	1.0	0.0	1.438211997350057e-05
17041.0	30.0	1.0	0.0	9.996259212493897e-06
17071.0	30.0	1.0	0.0	6.950600941975913e-06
17101.0	30.0	1.0	0.0	6.125092506408692e-06
17131.0	30.0	1.0	0.0	0.00012282849152880812
17161.0	30.0	1.0	0.0	0.0003094026724497
17191.0	30.0	1.0	0.0	0.0010119627634683768
17221.0	30.0	1.0	0.0	0.0011610398610432365
17251.0	30.0	1.0	0.0	0.0009502388000487766
17281.0	30.0	1.0	0.0	0.00017327626546219998
17311.0	30.0	1.0	0.0	5.5241139729817704e-05
17341.0	30.0	1.0	0.0	2.6396433512369786e-05
17371.0	30.0	1.0	0.0	1.4313429594039912e-05
17401.0	30.0	1.0	0.0	5.9348398447026046e-05
17431.0	30.0	1.0	0.0	4.8825661341339366e-05
17461.0	30.0	1.0	0.0	0.0001134643316268738
17491.0	30.0	1.0	0.0	0.0002983791510263633
17521.0	30.0	1.0	0.0	0.0011429677645364866
17551.0	30.0	1.0	0.0	0.0019213366190591896
17581.0	30.0	1.0	0.0	0.00130383961995438
17611.0	30.0	1.0	0.0	0.00043001200358069
17641.0	30.0	1.0	0.0	0.00022347717285151335
17671.0	30.0	1.0	0.0	0.00033856353759760673
17701.0	30.0	1.0	0.0	0.0004657887776692232
17731.0	30.0	1.0	0.0	0.00011382772127784867
17761.0	30.0	1.0	0.0	5.119422276814778e-05
17791.0	30.0	1.0	0.0	0.0002557657400766756
17821.0	30.0	1.0	0.0	0.0006296689987182069
17851.0	30.0	1.0	0.0	0.0005443435033161966
17881.0	30.0	1.0	0.0	0.0007765766143798333
17911.0	30.0	1.0	0.0	0.0011984870910644037
17941.0	30.0	1.0	0.0	0.002330546569824166
17971.0	30.0	1.0	0.0	0.0006776677449543833
18001.0	30.0	1.0	0.0	0.00019381764729813666
18031.0	30.0	1.0	0.0	6.373138427734375e-05
18061.0	30.0	1.0	0.0	2.5155131022135414e-05
18091.0	30.0	1.0	0.0	1.594835619131724e-05
18121.0	30.0	1.0	0.0	1.4653600255648297e-05
18151.0	30.0	1.0	0.0	1.1665672063827516e-05
18181.0	30.0	1.0	0.0	7.364212274550626e-05
18211.0	30.0	1.0	0.0	7.673056920368292e-05
18241.0	22.0	1.0	0.0	0.00022719758207142733
