stress_period	sp_length	time_step	study (0 : TS or 1 : SS)	rech
0.0	1.0	1.0	1.0	0.0004379159446624107
1.0	21.0	1.0	0.0	0.000828836395626919
22.0	21.0	1.0	0.0	0.0006449975513276
43.0	21.0	1.0	0.0	0.0004158733912876142
64.0	21.0	1.0	0.0	0.0001888923645019047
85.0	21.0	1.0	0.0	0.0001385641552152476
106.0	21.0	1.0	0.0	0.00013929312569749047
127.0	21.0	1.0	0.0	0.00022484297979440953
148.0	21.0	1.0	0.0	0.00021514710925869045
169.0	21.0	1.0	0.0	8.241962251208394e-05
190.0	21.0	1.0	0.0	4.263741629464287e-05
211.0	21.0	1.0	0.0	2.8412154742649624e-05
232.0	21.0	1.0	0.0	1.9401042234329948e-05
253.0	21.0	1.0	0.0	6.43371315229399e-05
274.0	21.0	1.0	0.0	0.0004102318173362855
295.0	21.0	1.0	0.0	0.0018948730741228004
316.0	21.0	1.0	0.0	0.0014476162138439
337.0	21.0	1.0	0.0	0.0015578587849934382
358.0	21.0	1.0	0.0	0.002321020217168853
379.0	21.0	1.0	0.0	0.0015447424025762189
400.0	21.0	1.0	0.0	0.0015438450404575473
421.0	21.0	1.0	0.0	0.0009857991536457906
442.0	21.0	1.0	0.0	0.0005871778215680333
463.0	21.0	1.0	0.0	0.00045359438941588564
484.0	21.0	1.0	0.0	0.00020328630719862855
505.0	21.0	1.0	0.0	0.0001464306059337524
526.0	21.0	1.0	0.0	0.00012325468517481665
547.0	21.0	1.0	0.0	8.449300130207977e-05
568.0	21.0	1.0	0.0	4.761005015600295e-05
589.0	21.0	1.0	0.0	3.0329108238220216e-05
610.0	21.0	1.0	0.0	0.00011611352648052253
631.0	21.0	1.0	0.0	0.00026348106066380957
652.0	21.0	1.0	0.0	0.000748935199919157
673.0	21.0	1.0	0.0	0.0005988096509660525
694.0	21.0	1.0	0.0	0.0007668393452961763
715.0	21.0	1.0	0.0	0.0007772436596097902
736.0	21.0	1.0	0.0	0.0007523117065429238
757.0	21.0	1.0	0.0	0.000585553850446381
778.0	21.0	1.0	0.0	0.000342867170061338
799.0	21.0	1.0	0.0	0.0003778090704054524
820.0	21.0	1.0	0.0	0.00041094135102766186
841.0	21.0	1.0	0.0	0.000295562017531581
862.0	21.0	1.0	0.0	0.00018319629487533335
883.0	21.0	1.0	0.0	7.454935709634645e-05
904.0	21.0	1.0	0.0	3.798711867559524e-05
925.0	21.0	1.0	0.0	2.521208673715592e-05
946.0	21.0	1.0	0.0	2.634795187484651e-05
967.0	21.0	1.0	0.0	1.8239117804027742e-05
988.0	21.0	1.0	0.0	1.840140706016904e-05
1009.0	21.0	1.0	0.0	5.89348531904583e-05
1030.0	21.0	1.0	0.0	0.00022326069786429521
1051.0	21.0	1.0	0.0	0.0005580447968981999
1072.0	21.0	1.0	0.0	0.002065573101951909
1093.0	21.0	1.0	0.0	0.0024502848670595813
1114.0	21.0	1.0	0.0	0.001034459431966105
1135.0	21.0	1.0	0.0	0.0011486075265066526
1156.0	21.0	1.0	0.0	0.0014131150018600856
1177.0	21.0	1.0	0.0	0.0005461403982979572
1198.0	21.0	1.0	0.0	0.00018560573032919998
1219.0	21.0	1.0	0.0	8.92537434895768e-05
1240.0	21.0	1.0	0.0	6.31684802827381e-05
1261.0	21.0	1.0	0.0	6.643676757812024e-05
1282.0	21.0	1.0	0.0	3.7457420712425595e-05
1303.0	21.0	1.0	0.0	3.199046992120289e-05
1324.0	21.0	1.0	0.0	2.70768247899555e-05
1345.0	21.0	1.0	0.0	1.697794028690883e-05
1366.0	21.0	1.0	0.0	1.4162943476722356e-05
1387.0	21.0	1.0	0.0	3.9362578164961857e-05
1408.0	21.0	1.0	0.0	0.00021691597075687387
1429.0	21.0	1.0	0.0	0.0006161737442016096
1450.0	21.0	1.0	0.0	0.0019118316287085571
1471.0	21.0	1.0	0.0	0.0013087804885137094
1492.0	21.0	1.0	0.0	0.0010300016857328288
1513.0	21.0	1.0	0.0	0.0014714108421688573
1534.0	21.0	1.0	0.0	0.0013553154355003285
1555.0	21.0	1.0	0.0	0.0009288875034876712
1576.0	21.0	1.0	0.0	0.00047548130580352387
1597.0	21.0	1.0	0.0	0.00015996878487718096
1618.0	21.0	1.0	0.0	7.299368722098034e-05
1639.0	21.0	1.0	0.0	6.396775018600715e-05
1660.0	21.0	1.0	0.0	4.868009686470032e-05
1681.0	21.0	1.0	0.0	4.0301798355011704e-05
1702.0	21.0	1.0	0.0	2.549132278987339e-05
1723.0	21.0	1.0	0.0	5.64428511119941e-05
1744.0	21.0	1.0	0.0	8.287199338276724e-05
1765.0	21.0	1.0	0.0	0.00011709067935032482
1786.0	21.0	1.0	0.0	0.00032047201338263336
1807.0	21.0	1.0	0.0	0.0008409962427047952
1828.0	21.0	1.0	0.0	0.0022634860447474474
1849.0	21.0	1.0	0.0	0.0010985452561151046
1870.0	21.0	1.0	0.0	0.0006093306768507713
1891.0	21.0	1.0	0.0	0.0004874274844214475
1912.0	21.0	1.0	0.0	0.0014261354718889004
1933.0	21.0	1.0	0.0	0.0008786047072637191
1954.0	21.0	1.0	0.0	0.0002723606654575524
1975.0	21.0	1.0	0.0	9.739830380392915e-05
1996.0	21.0	1.0	0.0	4.8774355933779755e-05
2017.0	21.0	1.0	0.0	3.024074009486607e-05
2038.0	21.0	1.0	0.0	2.2751471826008395e-05
2059.0	21.0	1.0	0.0	9.874772599762746e-05
2080.0	21.0	1.0	0.0	6.062836874099005e-05
2101.0	21.0	1.0	0.0	5.856602532523018e-05
2122.0	21.0	1.0	0.0	5.3916318075997504e-05
2143.0	21.0	1.0	0.0	0.0001706492333184654
2164.0	21.0	1.0	0.0	0.0007182791119529572
2185.0	21.0	1.0	0.0	0.002226739338466057
2206.0	21.0	1.0	0.0	0.0011739709036690336
2227.0	21.0	1.0	0.0	0.0005550112043107713
2248.0	21.0	1.0	0.0	0.0008806631905691621
2269.0	21.0	1.0	0.0	0.0009614744640531382
2290.0	21.0	1.0	0.0	0.0004267527262369381
2311.0	21.0	1.0	0.0	0.000685530889601881
2332.0	21.0	1.0	0.0	0.00022255379813053335
2353.0	21.0	1.0	0.0	8.796982538131786e-05
2374.0	21.0	1.0	0.0	4.883539109002977e-05
2395.0	21.0	1.0	0.0	3.853520183336168e-05
2416.0	21.0	1.0	0.0	3.075996041297912e-05
2437.0	21.0	1.0	0.0	2.27218298684983e-05
2458.0	21.0	1.0	0.0	1.7713631902422218e-05
2479.0	21.0	1.0	0.0	1.4073547862824942e-05
2500.0	21.0	1.0	0.0	9.644638924369669e-05
2521.0	21.0	1.0	0.0	0.00010825879233220932
2542.0	21.0	1.0	0.0	0.0001981505666459762
2563.0	21.0	1.0	0.0	0.0007907617659795428
2584.0	21.0	1.0	0.0	0.0011167922247023428
2605.0	21.0	1.0	0.0	0.0015882524762834433
2626.0	21.0	1.0	0.0	0.0009163237072172143
2647.0	21.0	1.0	0.0	0.0002293319702148
2668.0	21.0	1.0	0.0	0.00011671702067051726
2689.0	21.0	1.0	0.0	9.443155924478808e-05
2710.0	21.0	1.0	0.0	0.00014888036818727795
2731.0	21.0	1.0	0.0	0.00011957259405223957
2752.0	21.0	1.0	0.0	6.675522384189425e-05
2773.0	21.0	1.0	0.0	4.5774468353816436e-05
2794.0	21.0	1.0	0.0	3.134866555531819e-05
2815.0	21.0	1.0	0.0	4.010715938749768e-05
2836.0	21.0	1.0	0.0	0.00010304206893555951
2857.0	21.0	1.0	0.0	0.00015284265790661906
2878.0	21.0	1.0	0.0	0.00015527057647699523
2899.0	21.0	1.0	0.0	0.00022060403369716195
2920.0	21.0	1.0	0.0	0.0003361848195393428
2941.0	21.0	1.0	0.0	0.0011368668874104382
2962.0	21.0	1.0	0.0	0.001009669349307057
2983.0	21.0	1.0	0.0	0.0004216704595656142
3004.0	21.0	1.0	0.0	0.0003364007132393524
3025.0	21.0	1.0	0.0	0.0002011973063150619
3046.0	21.0	1.0	0.0	0.0001500469389415524
3067.0	21.0	1.0	0.0	7.285090855189524e-05
3088.0	21.0	1.0	0.0	3.726704915364583e-05
3109.0	21.0	1.0	0.0	2.253359840029762e-05
3130.0	21.0	1.0	0.0	1.6657079969133654e-05
3151.0	21.0	1.0	0.0	1.146783431371053e-05
3172.0	21.0	1.0	0.0	8.908626579103015e-06
3193.0	21.0	1.0	0.0	6.963323979150682e-06
3214.0	21.0	1.0	0.0	7.383567946297782e-06
3235.0	21.0	1.0	0.0	1.736121234439668e-05
3256.0	21.0	1.0	0.0	0.00013069324834002338
3277.0	21.0	1.0	0.0	0.00022382752100620954
3298.0	21.0	1.0	0.0	0.0013460245132445856
3319.0	21.0	1.0	0.0	0.0020016641162690146
3340.0	21.0	1.0	0.0	0.0015385564168293804
3361.0	21.0	1.0	0.0	0.0009842202322823189
3382.0	21.0	1.0	0.0	0.00043104335239951906
3403.0	21.0	1.0	0.0	0.0005741649809337382
3424.0	21.0	1.0	0.0	0.00024412100655687142
3445.0	21.0	1.0	0.0	8.967590332029884e-05
3466.0	21.0	1.0	0.0	5.27888706752232e-05
3487.0	21.0	1.0	0.0	3.0418733755747476e-05
3508.0	21.0	1.0	0.0	2.1045284611838203e-05
3529.0	21.0	1.0	0.0	1.9677945545741495e-05
3550.0	21.0	1.0	0.0	1.2536815234592979e-05
3571.0	21.0	1.0	0.0	1.2586060024443125e-05
3592.0	21.0	1.0	0.0	1.58693790435791e-05
3613.0	21.0	1.0	0.0	4.575489816210759e-05
3634.0	21.0	1.0	0.0	0.0007502406211125905
3655.0	21.0	1.0	0.0	0.0012519235156830857
3676.0	21.0	1.0	0.0	0.0012214226495651569
3697.0	21.0	1.0	0.0	0.000565139407203262
3718.0	21.0	1.0	0.0	0.0004426066080728761
3739.0	21.0	1.0	0.0	0.000673552013578819
3760.0	21.0	1.0	0.0	0.0002581845238094809
3781.0	21.0	1.0	0.0	0.00012886773972279998
3802.0	21.0	1.0	0.0	9.605189732141637e-05
3823.0	21.0	1.0	0.0	5.603862944103423e-05
3844.0	21.0	1.0	0.0	3.9168948218936016e-05
3865.0	21.0	1.0	0.0	2.588573807761783e-05
3886.0	21.0	1.0	0.0	4.097993317104479e-05
3907.0	21.0	1.0	0.0	0.00012597935540334247
3928.0	21.0	1.0	0.0	0.00012387268883838254
3949.0	21.0	1.0	0.0	0.00018637273425144285
3970.0	21.0	1.0	0.0	0.0002120360873993857
3991.0	21.0	1.0	0.0	0.0003371822266351191
4012.0	21.0	1.0	0.0	0.0006509464808872286
4033.0	21.0	1.0	0.0	0.0005681379409062905
4054.0	21.0	1.0	0.0	0.0011215707688103905
4075.0	21.0	1.0	0.0	0.001365250360398014
4096.0	21.0	1.0	0.0	0.002090648106166238
4117.0	21.0	1.0	0.0	0.0016122785295758528
4138.0	21.0	1.0	0.0	0.0009346001034690715
4159.0	21.0	1.0	0.0	0.00025530642554868577
4180.0	21.0	1.0	0.0	9.79468936011756e-05
4201.0	21.0	1.0	0.0	7.18391055152482e-05
4222.0	21.0	1.0	0.0	3.7393310240336824e-05
4243.0	21.0	1.0	0.0	2.2858839659463788e-05
4264.0	21.0	1.0	0.0	1.545413335164388e-05
4285.0	21.0	1.0	0.0	9.250198659441215e-05
4306.0	21.0	1.0	0.0	7.154813266935441e-05
4327.0	21.0	1.0	0.0	7.076088587442684e-05
4348.0	21.0	1.0	0.0	0.0002862433706010619
4369.0	21.0	1.0	0.0	0.0017208897272745285
4390.0	21.0	1.0	0.0	0.0021435592288062293
4411.0	21.0	1.0	0.0	0.001911129542759438
4432.0	21.0	1.0	0.0	0.0018086300804501002
4453.0	21.0	1.0	0.0	0.0007588551839192237
4474.0	21.0	1.0	0.0	0.0004826253255207905
4495.0	21.0	1.0	0.0	0.00035354178292406664
4516.0	21.0	1.0	0.0	0.0006559164864675904
4537.0	21.0	1.0	0.0	0.0006052943638392525
4558.0	21.0	1.0	0.0	0.00016404215494786193
4579.0	21.0	1.0	0.0	0.00011142414524438996
4600.0	21.0	1.0	0.0	7.052722999027194e-05
4621.0	21.0	1.0	0.0	4.016250655764625e-05
4642.0	21.0	1.0	0.0	2.4410009384155276e-05
4663.0	21.0	1.0	0.0	2.620553970336914e-05
4684.0	21.0	1.0	0.0	2.6693514415196007e-05
4705.0	21.0	1.0	0.0	2.8549126216343465e-05
4726.0	21.0	1.0	0.0	3.4378278823125926e-05
4747.0	21.0	1.0	0.0	0.00029080025355016705
4768.0	21.0	1.0	0.0	0.0007644945326305
4789.0	21.0	1.0	0.0	0.0011819404420398047
4810.0	21.0	1.0	0.0	0.0007044196355910095
4831.0	21.0	1.0	0.0	0.00026427605038591894
4852.0	21.0	1.0	0.0	0.00017186555408290954
4873.0	21.0	1.0	0.0	0.00014560735793336667
4894.0	21.0	1.0	0.0	9.86542474655756e-05
4915.0	21.0	1.0	0.0	8.035568963913689e-05
4936.0	21.0	1.0	0.0	6.058901832217053e-05
4957.0	21.0	1.0	0.0	5.475469997950426e-05
4978.0	21.0	1.0	0.0	3.526830105554489e-05
4999.0	21.0	1.0	0.0	2.4036731038774767e-05
5020.0	21.0	1.0	0.0	1.7057589122227258e-05
5041.0	21.0	1.0	0.0	3.1708887645169555e-05
5062.0	21.0	1.0	0.0	0.00012358832359311657
5083.0	21.0	1.0	0.0	0.0001203306970141855
5104.0	21.0	1.0	0.0	0.00029920305524549996
5125.0	21.0	1.0	0.0	0.0008251761027744238
5146.0	21.0	1.0	0.0	0.0011569510868616856
5167.0	21.0	1.0	0.0	0.0018775562104724236
5188.0	21.0	1.0	0.0	0.000729068574451205
5209.0	21.0	1.0	0.0	0.000297514779227081
5230.0	21.0	1.0	0.0	0.00024989536830352383
5251.0	21.0	1.0	0.0	0.0001073528471446875
5272.0	21.0	1.0	0.0	4.952603294735863e-05
5293.0	21.0	1.0	0.0	2.9423668271019352e-05
5314.0	21.0	1.0	0.0	5.527795212608745e-05
5335.0	21.0	1.0	0.0	7.015615134011488e-05
5356.0	21.0	1.0	0.0	4.866055079868861e-05
5377.0	21.0	1.0	0.0	3.551281066167922e-05
5398.0	21.0	1.0	0.0	3.218416940598261e-05
5419.0	21.0	1.0	0.0	3.7534282321021674e-05
5440.0	21.0	1.0	0.0	0.0001279258500961652
5461.0	21.0	1.0	0.0	0.00030618090856638096
5482.0	21.0	1.0	0.0	0.0006806003025599478
5503.0	21.0	1.0	0.0	0.0018478064764113286
5524.0	21.0	1.0	0.0	0.0016756173996697907
5545.0	21.0	1.0	0.0	0.0011046978178478046
5566.0	21.0	1.0	0.0	0.0012590953281947097
5587.0	21.0	1.0	0.0	0.0005828392392112665
5608.0	21.0	1.0	0.0	0.0001647731236048619
5629.0	21.0	1.0	0.0	8.435421898251252e-05
5650.0	21.0	1.0	0.0	5.586387997581845e-05
5671.0	21.0	1.0	0.0	4.0185837518601186e-05
5692.0	21.0	1.0	0.0	4.959022998809563e-05
5713.0	21.0	1.0	0.0	3.8670846394130165e-05
5734.0	21.0	1.0	0.0	4.242169857025147e-05
5755.0	21.0	1.0	0.0	0.00010125209036325754
5776.0	21.0	1.0	0.0	0.00011263506753101
5797.0	21.0	1.0	0.0	0.00025572913033615713
5818.0	21.0	1.0	0.0	0.0010099992752074665
5839.0	21.0	1.0	0.0	0.0016524845304942712
5860.0	21.0	1.0	0.0	0.0024336515154156856
5881.0	21.0	1.0	0.0	0.002345854259672572
5902.0	21.0	1.0	0.0	0.001524133591424805
5923.0	21.0	1.0	0.0	0.001331267583937838
5944.0	21.0	1.0	0.0	0.000758902413504419
5965.0	21.0	1.0	0.0	0.00019603474934891908
5986.0	21.0	1.0	0.0	9.800211588539046e-05
6007.0	21.0	1.0	0.0	5.288550967261905e-05
6028.0	21.0	1.0	0.0	2.822294689360119e-05
6049.0	21.0	1.0	0.0	1.7424288250151136e-05
6070.0	21.0	1.0	0.0	1.2774514300482613e-05
6091.0	21.0	1.0	0.0	9.228162822269258e-06
6112.0	21.0	1.0	0.0	7.0065685680934365e-06
6133.0	21.0	1.0	0.0	1.9874550047374906e-05
6154.0	21.0	1.0	0.0	7.08965744290961e-05
6175.0	21.0	1.0	0.0	7.610687755403064e-05
6196.0	21.0	1.0	0.0	0.00018786414464311955
6217.0	21.0	1.0	0.0	0.000982605389186262
6238.0	21.0	1.0	0.0	0.0016010689508346807
6259.0	21.0	1.0	0.0	0.0008391841706775
6280.0	21.0	1.0	0.0	0.0020185688563755092
6301.0	21.0	1.0	0.0	0.0015027861822218712
6322.0	21.0	1.0	0.0	0.0003906547909690714
6343.0	21.0	1.0	0.0	0.0001362239292689262
6364.0	21.0	1.0	0.0	7.006617954799107e-05
6385.0	21.0	1.0	0.0	5.606733049664463e-05
6406.0	21.0	1.0	0.0	3.4506773664837786e-05
6427.0	21.0	1.0	0.0	2.2674238397961572e-05
6448.0	21.0	1.0	0.0	1.533329486846924e-05
6469.0	21.0	1.0	0.0	1.1138013431004116e-05
6490.0	21.0	1.0	0.0	1.179127466110956e-05
6511.0	21.0	1.0	0.0	8.234062081290044e-05
6532.0	21.0	1.0	0.0	0.0004959975878397237
6553.0	21.0	1.0	0.0	0.0010512953258695525
6574.0	21.0	1.0	0.0	0.0009739583333332809
6595.0	21.0	1.0	0.0	0.0020109363737560093
6616.0	21.0	1.0	0.0	0.0013228737967354476
6637.0	21.0	1.0	0.0	0.0007682509649367048
6658.0	21.0	1.0	0.0	0.0008785255068824096
6679.0	21.0	1.0	0.0	0.0011939544677733904
6700.0	21.0	1.0	0.0	0.00039271036783849995
6721.0	21.0	1.0	0.0	0.000111359369187097
6742.0	21.0	1.0	0.0	4.5726231166294645e-05
6763.0	21.0	1.0	0.0	2.3562476748511904e-05
6784.0	21.0	1.0	0.0	1.631850004196167e-05
6805.0	21.0	1.0	0.0	1.1054470425560361e-05
6826.0	21.0	1.0	0.0	1.4165756248292469e-05
6847.0	21.0	1.0	0.0	2.990850948152088e-05
6868.0	21.0	1.0	0.0	1.4596047855558851e-05
6889.0	21.0	1.0	0.0	1.79714077994937e-05
6910.0	21.0	1.0	0.0	8.449056034995112e-05
6931.0	21.0	1.0	0.0	0.00018794213022499528
6952.0	21.0	1.0	0.0	0.00020225908642719525
6973.0	21.0	1.0	0.0	0.0006184973943800666
6994.0	21.0	1.0	0.0	0.0009269158499581094
7015.0	21.0	1.0	0.0	0.0006991484505789189
7036.0	21.0	1.0	0.0	0.0004131166367303239
7057.0	21.0	1.0	0.0	0.0001865870157877143
7078.0	21.0	1.0	0.0	0.00048810940697075237
7099.0	21.0	1.0	0.0	0.00032835133870438095
7120.0	21.0	1.0	0.0	0.00013077799479163242
7141.0	21.0	1.0	0.0	5.867357197261663e-05
7162.0	21.0	1.0	0.0	4.082390524092176e-05
7183.0	21.0	1.0	0.0	3.637829281034924e-05
7204.0	21.0	1.0	0.0	2.7196271078927177e-05
7225.0	21.0	1.0	0.0	2.0589907964070644e-05
7246.0	21.0	1.0	0.0	3.3083404813494e-05
7267.0	21.0	1.0	0.0	5.608980996268136e-05
7288.0	21.0	1.0	0.0	0.0002747030031112906
7309.0	21.0	1.0	0.0	0.001331641832987419
7330.0	21.0	1.0	0.0	0.001651449839274043
7351.0	21.0	1.0	0.0	0.0009503900437127568
7372.0	21.0	1.0	0.0	0.0007466219947451095
7393.0	21.0	1.0	0.0	0.00040901801699679517
7414.0	21.0	1.0	0.0	0.00020796421595977623
7435.0	21.0	1.0	0.0	0.00010178447905037975
7456.0	21.0	1.0	0.0	5.828603108723959e-05
7477.0	21.0	1.0	0.0	3.663962227957589e-05
7498.0	21.0	1.0	0.0	0.00021655536620384885
7519.0	21.0	1.0	0.0	0.00014048783197284696
7540.0	21.0	1.0	0.0	6.0746419997442346e-05
7561.0	21.0	1.0	0.0	0.00016521730877102107
7582.0	21.0	1.0	0.0	0.0007641005516051809
7603.0	21.0	1.0	0.0	0.000550745646158819
7624.0	21.0	1.0	0.0	0.0003251840500604048
7645.0	21.0	1.0	0.0	0.0015045581999278811
7666.0	21.0	1.0	0.0	0.0016720068795339953
7687.0	21.0	1.0	0.0	0.0010930139450799428
7708.0	21.0	1.0	0.0	0.000599878220331057
7729.0	21.0	1.0	0.0	0.0003276527041480286
7750.0	21.0	1.0	0.0	0.00038104102725069523
7771.0	21.0	1.0	0.0	0.00017428080240881904
7792.0	21.0	1.0	0.0	9.306989397319523e-05
7813.0	21.0	1.0	0.0	7.512265159969882e-05
7834.0	21.0	1.0	0.0	4.550897507440476e-05
7855.0	21.0	1.0	0.0	2.837044852120536e-05
7876.0	21.0	1.0	0.0	1.8072256020137242e-05
7897.0	21.0	1.0	0.0	7.811148535636743e-05
7918.0	21.0	1.0	0.0	1.8912338075183687e-05
7939.0	21.0	1.0	0.0	1.5191850208100814e-05
7960.0	21.0	1.0	0.0	1.1812198729742143e-05
7981.0	21.0	1.0	0.0	1.3464575722104025e-05
8002.0	21.0	1.0	0.0	8.152658598762338e-05
8023.0	21.0	1.0	0.0	9.971037365139798e-05
8044.0	21.0	1.0	0.0	0.00031343846094036664
8065.0	21.0	1.0	0.0	0.00042779268537244285
8086.0	21.0	1.0	0.0	0.0008120468684604715
8107.0	21.0	1.0	0.0	0.0014905380975631856
8128.0	21.0	1.0	0.0	0.000896587553478376
8149.0	21.0	1.0	0.0	0.00042710113525385715
8170.0	21.0	1.0	0.0	0.00024391028994601903
8191.0	21.0	1.0	0.0	0.00016810099283849048
8212.0	21.0	1.0	0.0	0.0001239235287620515
8233.0	21.0	1.0	0.0	6.505488072122608e-05
8254.0	21.0	1.0	0.0	0.00011447726119130804
8275.0	21.0	1.0	0.0	6.494612920851934e-05
8296.0	21.0	1.0	0.0	0.00020369516100197482
8317.0	21.0	1.0	0.0	0.0014980271657307476
8338.0	21.0	1.0	0.0	0.0018813115074520523
8359.0	21.0	1.0	0.0	0.0011489177885509187
8380.0	21.0	1.0	0.0	0.0011210083734421049
8401.0	21.0	1.0	0.0	0.0014953573317754427
8422.0	21.0	1.0	0.0	0.002308190482003305
8443.0	21.0	1.0	0.0	0.0014948548816498713
8464.0	21.0	1.0	0.0	0.0014049689883277189
8485.0	21.0	1.0	0.0	0.0007065836588541335
8506.0	21.0	1.0	0.0	0.0004914056687127525
8527.0	21.0	1.0	0.0	0.0005824061802455047
8548.0	21.0	1.0	0.0	0.0008520769391740712
8569.0	21.0	1.0	0.0	0.0002326384044828524
8590.0	21.0	1.0	0.0	0.0003628147670200476
8611.0	21.0	1.0	0.0	0.00018652604875107144
8632.0	21.0	1.0	0.0	8.358705611455042e-05
8653.0	21.0	1.0	0.0	4.9724215552919406e-05
8674.0	21.0	1.0	0.0	0.0004785118784222834
8695.0	21.0	1.0	0.0	0.0004305614289782857
8716.0	21.0	1.0	0.0	0.00029917762393038097
8737.0	21.0	1.0	0.0	0.0002611054011753095
8758.0	21.0	1.0	0.0	0.0003606167747860334
8779.0	21.0	1.0	0.0	0.0004850627354212715
8800.0	21.0	1.0	0.0	0.0004465738932291143
8821.0	21.0	1.0	0.0	0.0006794008527482855
8842.0	21.0	1.0	0.0	0.00033837854294545706
8863.0	21.0	1.0	0.0	0.000661647978283057
8884.0	21.0	1.0	0.0	0.00030148170107881423
8905.0	21.0	1.0	0.0	0.00015680476597372975
8926.0	21.0	1.0	0.0	6.367129371279761e-05
8947.0	21.0	1.0	0.0	3.331247965494792e-05
8968.0	21.0	1.0	0.0	2.140975282305763e-05
8989.0	21.0	1.0	0.0	1.340900148664202e-05
9010.0	21.0	1.0	0.0	9.481662795657203e-06
9031.0	21.0	1.0	0.0	7.059579803830101e-06
9052.0	21.0	1.0	0.0	1.0847826798756915e-05
9073.0	21.0	1.0	0.0	6.750753947666714e-06
9094.0	21.0	1.0	0.0	6.933072635103959e-05
9115.0	21.0	1.0	0.0	0.00021848225593562264
9136.0	21.0	1.0	0.0	0.0003380799974713476
9157.0	21.0	1.0	0.0	0.000424268177577381
9178.0	21.0	1.0	0.0	0.0004703454517182285
9199.0	21.0	1.0	0.0	0.0004887658982049381
9220.0	21.0	1.0	0.0	0.0005843126206170476
9241.0	21.0	1.0	0.0	0.0006957417442684525
9262.0	21.0	1.0	0.0	0.0002570146833146809
9283.0	21.0	1.0	0.0	0.0001428531465075857
9304.0	21.0	1.0	0.0	0.0001465177990140905
9325.0	21.0	1.0	0.0	0.00011077018791717291
9346.0	21.0	1.0	0.0	5.908277276016419e-05
9367.0	21.0	1.0	0.0	3.317629723321823e-05
9388.0	21.0	1.0	0.0	2.047401382809593e-05
9409.0	21.0	1.0	0.0	1.4747029259091331e-05
9430.0	21.0	1.0	0.0	1.2911206200009303e-05
9451.0	21.0	1.0	0.0	1.1237030937558126e-05
9472.0	21.0	1.0	0.0	2.2202128455752415e-05
9493.0	21.0	1.0	0.0	0.00015404315221872423
9514.0	21.0	1.0	0.0	0.00034096381777803806
9535.0	21.0	1.0	0.0	0.00036365113939553336
9556.0	21.0	1.0	0.0	0.0007174677167619572
9577.0	21.0	1.0	0.0	0.001196585700625419
9598.0	21.0	1.0	0.0	0.0009111275445846856
9619.0	21.0	1.0	0.0	0.00021702103387737142
9640.0	21.0	1.0	0.0	8.457256498790029e-05
9661.0	21.0	1.0	0.0	3.9348783947172616e-05
9682.0	21.0	1.0	0.0	2.3803347632998514e-05
9703.0	21.0	1.0	0.0	1.5107264830952601e-05
9724.0	21.0	1.0	0.0	2.0080098793616175e-05
9745.0	21.0	1.0	0.0	2.0120416368756968e-05
9766.0	21.0	1.0	0.0	5.49656039192491e-05
9787.0	21.0	1.0	0.0	3.271213031950451e-05
9808.0	21.0	1.0	0.0	5.8719555536905924e-05
9829.0	21.0	1.0	0.0	7.511302403041118e-05
9850.0	21.0	1.0	0.0	0.00031448446001321434
9871.0	21.0	1.0	0.0	0.0009084779194422619
9892.0	21.0	1.0	0.0	0.001024935858590219
9913.0	21.0	1.0	0.0	0.00041400200980045717
9934.0	21.0	1.0	0.0	0.0007031299046107237
9955.0	21.0	1.0	0.0	0.0017422158377510665
9976.0	21.0	1.0	0.0	0.0007156466529482522
9997.0	21.0	1.0	0.0	0.00027114286876856196
10018.0	21.0	1.0	0.0	0.00010630580357140536
10039.0	21.0	1.0	0.0	5.02900623139881e-05
10060.0	21.0	1.0	0.0	2.7743983836401075e-05
10081.0	21.0	1.0	0.0	1.7822265625e-05
10102.0	21.0	1.0	0.0	1.2338337444123767e-05
10123.0	21.0	1.0	0.0	1.013604516074771e-05
10144.0	21.0	1.0	0.0	8.984514645167759e-06
10165.0	21.0	1.0	0.0	1.6747355461116112e-05
10186.0	21.0	1.0	0.0	0.00013287040165488887
10207.0	21.0	1.0	0.0	0.0002998815945216217
10228.0	21.0	1.0	0.0	0.0005374823978968523
10249.0	21.0	1.0	0.0	0.0003120923723492762
10270.0	21.0	1.0	0.0	0.0013654050372895238
10291.0	21.0	1.0	0.0	0.0013431383768716856
10312.0	21.0	1.0	0.0	0.0007860085623604382
10333.0	21.0	1.0	0.0	0.00031637536911732387
10354.0	21.0	1.0	0.0	0.0001691549391973143
10375.0	21.0	1.0	0.0	9.132966541107767e-05
10396.0	21.0	1.0	0.0	4.459344773065476e-05
10417.0	21.0	1.0	0.0	2.428254627046131e-05
10438.0	21.0	1.0	0.0	1.511847830954052e-05
10459.0	21.0	1.0	0.0	1.0315738973163423e-05
10480.0	21.0	1.0	0.0	0.00018207654924618272
10501.0	21.0	1.0	0.0	7.718415487380254e-05
10522.0	21.0	1.0	0.0	8.038525354294457e-05
10543.0	21.0	1.0	0.0	0.0001274026916140227
10564.0	21.0	1.0	0.0	0.0004924376351492239
10585.0	21.0	1.0	0.0	0.0010204013642810094
10606.0	21.0	1.0	0.0	0.0017201794215610379
10627.0	21.0	1.0	0.0	0.0014458127702985095
10648.0	21.0	1.0	0.0	0.0010284140450613477
10669.0	21.0	1.0	0.0	0.00033637637183775714
10690.0	21.0	1.0	0.0	0.00010975937616255119
10711.0	21.0	1.0	0.0	7.561456589470714e-05
10732.0	21.0	1.0	0.0	0.00015354047502786486
10753.0	21.0	1.0	0.0	0.00014596993582585236
10774.0	21.0	1.0	0.0	8.429463704426606e-05
10795.0	21.0	1.0	0.0	5.162123271397181e-05
10816.0	21.0	1.0	0.0	3.8645897592817035e-05
10837.0	21.0	1.0	0.0	2.5009524254571826e-05
10858.0	21.0	1.0	0.0	1.916133789789109e-05
10879.0	21.0	1.0	0.0	1.5196357454572403e-05
10900.0	21.0	1.0	0.0	2.744583856491231e-05
10921.0	21.0	1.0	0.0	5.1341817492530465e-05
10942.0	21.0	1.0	0.0	0.00024754431134174995
10963.0	21.0	1.0	0.0	0.0007946795508974475
10984.0	21.0	1.0	0.0	0.0012807290213448144
11005.0	21.0	1.0	0.0	0.0012936379568916907
11026.0	21.0	1.0	0.0	0.0006809307280040476
11047.0	21.0	1.0	0.0	0.00028898075648712857
11068.0	21.0	1.0	0.0	0.00016368938627693336
11089.0	21.0	1.0	0.0	0.0001989473615373429
11110.0	21.0	1.0	0.0	0.00023988378615601426
11131.0	21.0	1.0	0.0	0.00022242446172799995
11152.0	21.0	1.0	0.0	8.626655524683811e-05
11173.0	21.0	1.0	0.0	3.826997038863955e-05
11194.0	21.0	1.0	0.0	2.192136219569615e-05
11215.0	21.0	1.0	0.0	6.895921343847623e-05
11236.0	21.0	1.0	0.0	2.8229089010329476e-05
11257.0	21.0	1.0	0.0	3.4455685388474234e-05
11278.0	21.0	1.0	0.0	3.8355078016008646e-05
11299.0	21.0	1.0	0.0	7.655350367226721e-05
11320.0	21.0	1.0	0.0	0.0003099352972847571
11341.0	21.0	1.0	0.0	0.0007586979184831381
11362.0	21.0	1.0	0.0	0.0008529738471621094
11383.0	21.0	1.0	0.0	0.00044833101545058087
11404.0	21.0	1.0	0.0	0.0004969391595749143
11425.0	21.0	1.0	0.0	0.00039373415992369047
11446.0	21.0	1.0	0.0	0.0002593667166573238
11467.0	21.0	1.0	0.0	0.00018608747209816664
11488.0	21.0	1.0	0.0	8.348410470144345e-05
11509.0	21.0	1.0	0.0	4.20775640578497e-05
11530.0	21.0	1.0	0.0	2.36602212701525e-05
11551.0	21.0	1.0	0.0	2.5554786125815238e-05
11572.0	21.0	1.0	0.0	2.667494898750668e-05
11593.0	21.0	1.0	0.0	1.306137584504627e-05
11614.0	21.0	1.0	0.0	1.1877383504595077e-05
11635.0	21.0	1.0	0.0	2.32222420828683e-05
11656.0	21.0	1.0	0.0	8.050064813521589e-05
11677.0	21.0	1.0	0.0	0.0007293902805872761
11698.0	21.0	1.0	0.0	0.0017558812640961663
11719.0	21.0	1.0	0.0	0.002361366090320367
11740.0	21.0	1.0	0.0	0.0011693678356351855
11761.0	21.0	1.0	0.0	0.0010942666190010809
11782.0	21.0	1.0	0.0	0.00047261628650479046
11803.0	21.0	1.0	0.0	0.00015832228887645237
11824.0	21.0	1.0	0.0	0.00014581298828120955
11845.0	21.0	1.0	0.0	8.87952532086851e-05
11866.0	21.0	1.0	0.0	3.929937453497024e-05
11887.0	21.0	1.0	0.0	2.1683216094970706e-05
11908.0	21.0	1.0	0.0	1.3592092763809932e-05
11929.0	21.0	1.0	0.0	1.8811188992999852e-05
11950.0	21.0	1.0	0.0	2.346790972210112e-05
11971.0	21.0	1.0	0.0	1.114706766037714e-05
11992.0	21.0	1.0	0.0	4.075909796215239e-05
12013.0	21.0	1.0	0.0	6.415987014769723e-05
12034.0	21.0	1.0	0.0	0.0002250565233684286
12055.0	21.0	1.0	0.0	0.0010654451733543143
12076.0	21.0	1.0	0.0	0.0013032083057221572
12097.0	21.0	1.0	0.0	0.0010704285757881715
12118.0	21.0	1.0	0.0	0.0010780788603282573
12139.0	21.0	1.0	0.0	0.00035534123011993343
12160.0	21.0	1.0	0.0	0.00015574355352488095
12181.0	21.0	1.0	0.0	0.0001431041899181143
12202.0	21.0	1.0	0.0	6.823512486048664e-05
12223.0	21.0	1.0	0.0	3.374989827473958e-05
12244.0	21.0	1.0	0.0	2.933574858165922e-05
12265.0	21.0	1.0	0.0	1.890549205598377e-05
12286.0	21.0	1.0	0.0	1.410186006909325e-05
12307.0	21.0	1.0	0.0	1.134695609410604e-05
12328.0	21.0	1.0	0.0	8.9370296114967e-06
12349.0	21.0	1.0	0.0	2.391866842905681e-05
12370.0	21.0	1.0	0.0	1.5338171096075148e-05
12391.0	21.0	1.0	0.0	3.460776238214401e-05
12412.0	21.0	1.0	0.0	4.709056445530483e-05
12433.0	21.0	1.0	0.0	0.00021177347501115005
12454.0	21.0	1.0	0.0	0.001289600145249095
12475.0	21.0	1.0	0.0	0.0026701440357026194
12496.0	21.0	1.0	0.0	0.0008008179437546001
12517.0	21.0	1.0	0.0	0.00033655511765249044
12538.0	21.0	1.0	0.0	0.00018827892485114286
12559.0	21.0	1.0	0.0	8.209155854723869e-05
12580.0	21.0	1.0	0.0	0.0003848840622674383
12601.0	21.0	1.0	0.0	0.00037766229538686657
12622.0	21.0	1.0	0.0	0.0001416321992873686
12643.0	21.0	1.0	0.0	6.902293364206724e-05
12664.0	21.0	1.0	0.0	3.836338860648019e-05
12685.0	21.0	1.0	0.0	3.232496125357183e-05
12706.0	21.0	1.0	0.0	0.00011639999207992644
12727.0	21.0	1.0	0.0	0.00031370828265231426
12748.0	21.0	1.0	0.0	0.0014919482639857188
12769.0	21.0	1.0	0.0	0.0011133982340494238
12790.0	21.0	1.0	0.0	0.0009408551170712
12811.0	21.0	1.0	0.0	0.0022443666003998906
12832.0	21.0	1.0	0.0	0.0023063579740978044
12853.0	21.0	1.0	0.0	0.0013132651192800952
12874.0	21.0	1.0	0.0	0.0008667907714843287
12895.0	21.0	1.0	0.0	0.00026494707380017135
12916.0	21.0	1.0	0.0	0.00013794744582400477
12937.0	21.0	1.0	0.0	0.00013930184500552856
12958.0	21.0	1.0	0.0	7.495044526598927e-05
12979.0	21.0	1.0	0.0	3.5901482261362525e-05
13000.0	21.0	1.0	0.0	2.0081632548854465e-05
13021.0	21.0	1.0	0.0	1.2831631160917736e-05
13042.0	21.0	1.0	0.0	1.04547313281468e-05
13063.0	21.0	1.0	0.0	7.797649928501673e-06
13084.0	21.0	1.0	0.0	6.850191525050573e-06
13105.0	21.0	1.0	0.0	4.6956022580464675e-05
13126.0	21.0	1.0	0.0	3.298309871128627e-05
13147.0	21.0	1.0	0.0	5.2301316034226186e-05
13168.0	21.0	1.0	0.0	0.00041177384058631414
13189.0	21.0	1.0	0.0	0.0007420965376354
13210.0	21.0	1.0	0.0	0.0006763521830240285
13231.0	21.0	1.0	0.0	0.0005928488231840096
13252.0	21.0	1.0	0.0	0.0003809176853724381
13273.0	21.0	1.0	0.0	0.00030667059762131907
13294.0	21.0	1.0	0.0	0.00019947197323748098
13315.0	21.0	1.0	0.0	7.966141473678542e-05
13336.0	21.0	1.0	0.0	3.677695138113839e-05
13357.0	21.0	1.0	0.0	2.101227073442368e-05
13378.0	21.0	1.0	0.0	2.9140397196722905e-05
13399.0	21.0	1.0	0.0	1.8530530588967464e-05
13420.0	21.0	1.0	0.0	1.1182427406311036e-05
13441.0	21.0	1.0	0.0	2.0984013875325518e-05
13462.0	21.0	1.0	0.0	5.6184757323486084e-05
13483.0	21.0	1.0	0.0	0.0002731441997345904
13504.0	21.0	1.0	0.0	0.0015626419612339096
13525.0	21.0	1.0	0.0	0.0022838212876092378
13546.0	21.0	1.0	0.0	0.001240940638950843
13567.0	21.0	1.0	0.0	0.0011753728957402763
13588.0	21.0	1.0	0.0	0.0012806054978143095
13609.0	21.0	1.0	0.0	0.0005579187302361952
13630.0	21.0	1.0	0.0	0.0001732511974516095
13651.0	21.0	1.0	0.0	8.719816662015298e-05
13672.0	21.0	1.0	0.0	4.688880557105654e-05
13693.0	21.0	1.0	0.0	2.682277134486607e-05
13714.0	21.0	1.0	0.0	1.7386461652460552e-05
13735.0	21.0	1.0	0.0	1.196506371100744e-05
13756.0	21.0	1.0	0.0	7.923353711763424e-05
13777.0	21.0	1.0	0.0	0.00011826172329128815
13798.0	21.0	1.0	0.0	9.419400351386173e-05
13819.0	21.0	1.0	0.0	0.00046651236216222386
13840.0	21.0	1.0	0.0	0.0027086782909574525
13861.0	21.0	1.0	0.0	0.004635081336611764
13882.0	21.0	1.0	0.0	0.0019262259347097759
13903.0	21.0	1.0	0.0	0.0011441454206193714
13924.0	21.0	1.0	0.0	0.0012477496919177475
13945.0	21.0	1.0	0.0	0.001453023274739557
13966.0	21.0	1.0	0.0	0.0014315388997395522
13987.0	21.0	1.0	0.0	0.0007378292992001096
14008.0	21.0	1.0	0.0	0.00024808175223210477
14029.0	21.0	1.0	0.0	0.00014129057384669046
14050.0	21.0	1.0	0.0	7.59044828868988e-05
14071.0	21.0	1.0	0.0	3.725760323660714e-05
14092.0	21.0	1.0	0.0	2.132642836797805e-05
14113.0	21.0	1.0	0.0	1.3725365911211287e-05
14134.0	21.0	1.0	0.0	9.55922830672491e-06
14155.0	21.0	1.0	0.0	8.784833408537366e-06
14176.0	21.0	1.0	0.0	6.0797186124880605e-05
14197.0	21.0	1.0	0.0	0.00011735651606602321
14218.0	21.0	1.0	0.0	0.0002710567428951714
14239.0	21.0	1.0	0.0	0.0007824595769245857
14260.0	21.0	1.0	0.0	0.0010087119511195189
14281.0	21.0	1.0	0.0	0.0021073463076636332
14302.0	21.0	1.0	0.0	0.002358246212913833
14323.0	21.0	1.0	0.0	0.0008717571440196619
14344.0	21.0	1.0	0.0	0.00046520051502041903
14365.0	21.0	1.0	0.0	0.00017588224865137142
14386.0	21.0	1.0	0.0	0.00018908110119046073
14407.0	21.0	1.0	0.0	0.00019708687918522854
14428.0	21.0	1.0	0.0	0.00010931323823471965
14449.0	21.0	1.0	0.0	6.792456195467994e-05
14470.0	21.0	1.0	0.0	3.565656571161179e-05
14491.0	21.0	1.0	0.0	2.1121365683419367e-05
14512.0	21.0	1.0	0.0	1.8706577164786203e-05
14533.0	21.0	1.0	0.0	6.992362794421499e-05
14554.0	21.0	1.0	0.0	0.00010889695939560988
14575.0	21.0	1.0	0.0	0.00027081226167219525
14596.0	21.0	1.0	0.0	0.0003705405280703095
14617.0	21.0	1.0	0.0	0.00035181481497623324
14638.0	21.0	1.0	0.0	0.000556347165788876
14659.0	21.0	1.0	0.0	0.0005447587512787809
14680.0	21.0	1.0	0.0	0.0007058421543665811
14701.0	21.0	1.0	0.0	0.00026361483619322866
14722.0	21.0	1.0	0.0	0.0002336116972423238
14743.0	21.0	1.0	0.0	0.00017635599772130952
14764.0	21.0	1.0	0.0	0.00014443170456657412
14785.0	21.0	1.0	0.0	0.00016257549467536668
14806.0	21.0	1.0	0.0	0.0002231233034814571
14827.0	21.0	1.0	0.0	0.0001148877115476441
14848.0	21.0	1.0	0.0	4.7474293481735956e-05
14869.0	21.0	1.0	0.0	2.6119936080206013e-05
14890.0	21.0	1.0	0.0	3.009569077264695e-05
14911.0	21.0	1.0	0.0	4.237404323759533e-05
14932.0	21.0	1.0	0.0	0.00017855287733527955
14953.0	21.0	1.0	0.0	0.0006719970248993857
14974.0	21.0	1.0	0.0	0.0007956533886136952
14995.0	21.0	1.0	0.0	0.0011437481471469905
15016.0	21.0	1.0	0.0	0.0014435017903645382
15037.0	21.0	1.0	0.0	0.0012631378173827666
15058.0	21.0	1.0	0.0	0.00034598359607510476
15079.0	21.0	1.0	0.0	0.0001502067929222
15100.0	21.0	1.0	0.0	7.303510393415177e-05
15121.0	21.0	1.0	0.0	3.8586571103050586e-05
15142.0	21.0	1.0	0.0	2.1649315243675594e-05
15163.0	21.0	1.0	0.0	1.5168689546130953e-05
15184.0	21.0	1.0	0.0	1.7653827156339372e-05
15205.0	21.0	1.0	0.0	1.6915660528909594e-05
15226.0	21.0	1.0	0.0	1.6648817630041214e-05
15247.0	21.0	1.0	0.0	3.327206202915388e-05
15268.0	21.0	1.0	0.0	7.154633885337373e-05
15289.0	21.0	1.0	0.0	0.0004200234980809857
15310.0	21.0	1.0	0.0	0.0013756152107601667
15331.0	21.0	1.0	0.0	0.0011757848830449623
15352.0	21.0	1.0	0.0	0.0008607806251162096
15373.0	21.0	1.0	0.0	0.0014865689958844428
15394.0	21.0	1.0	0.0	0.001543082101004419
15415.0	21.0	1.0	0.0	0.000855044410342219
15436.0	21.0	1.0	0.0	0.00031688944498693813
15457.0	21.0	1.0	0.0	0.0009230746314638667
15478.0	21.0	1.0	0.0	0.000659835815429643
15499.0	21.0	1.0	0.0	0.00020110502697168094
15520.0	21.0	1.0	0.0	0.00015166945684520476
15541.0	21.0	1.0	0.0	0.00017033496924803807
15562.0	21.0	1.0	0.0	8.3126754987791e-05
15583.0	21.0	1.0	0.0	4.182438623337518e-05
15604.0	21.0	1.0	0.0	3.858648027692522e-05
15625.0	21.0	1.0	0.0	3.476758230300177e-05
15646.0	21.0	1.0	0.0	3.1717300415039065e-05
15667.0	21.0	1.0	0.0	0.00022189998626703867
15688.0	21.0	1.0	0.0	0.0002687388374691476
15709.0	21.0	1.0	0.0	0.0006286950792584572
15730.0	21.0	1.0	0.0	0.00043232154846187617
15751.0	21.0	1.0	0.0	0.0007874692281086764
15772.0	21.0	1.0	0.0	0.0008288677760532332
15793.0	21.0	1.0	0.0	0.0010269470214843333
15814.0	21.0	1.0	0.0	0.0005010194324311144
15835.0	21.0	1.0	0.0	0.00024394117082863812
15856.0	21.0	1.0	0.0	0.00011125437418616933
15877.0	21.0	1.0	0.0	4.7595432826450896e-05
15898.0	21.0	1.0	0.0	5.187697637648365e-05
15919.0	21.0	1.0	0.0	2.633051077524821e-05
15940.0	21.0	1.0	0.0	1.8861793336414155e-05
15961.0	21.0	1.0	0.0	0.0002755362249555695
15982.0	21.0	1.0	0.0	0.0005332206090290857
16003.0	21.0	1.0	0.0	0.0008089952923002237
16024.0	21.0	1.0	0.0	0.0004883615402947858
16045.0	21.0	1.0	0.0	0.00026688457670660955
16066.0	21.0	1.0	0.0	0.000282040005638419
16087.0	21.0	1.0	0.0	0.0009002634684244239
16108.0	21.0	1.0	0.0	0.0005759971255347382
16129.0	21.0	1.0	0.0	0.000513030279250319
16150.0	21.0	1.0	0.0	0.0005663909912108952
16171.0	21.0	1.0	0.0	0.0002422023954845191
16192.0	21.0	1.0	0.0	0.00027231161934984763
16213.0	21.0	1.0	0.0	0.00014697338285895716
16234.0	21.0	1.0	0.0	0.00011511884416851102
16255.0	21.0	1.0	0.0	7.382056826636248e-05
16276.0	21.0	1.0	0.0	6.433656669797816e-05
16297.0	21.0	1.0	0.0	3.32729248773484e-05
16318.0	21.0	1.0	0.0	3.462136927105132e-05
16339.0	21.0	1.0	0.0	0.0001325505461011442
16360.0	21.0	1.0	0.0	0.00015815975552509998
16381.0	21.0	1.0	0.0	0.0003174394425891238
16402.0	21.0	1.0	0.0	0.001560108366466652
16423.0	21.0	1.0	0.0	0.002330014365059938
16444.0	21.0	1.0	0.0	0.0032792009626115624
16465.0	21.0	1.0	0.0	0.0024844069707960904
16486.0	21.0	1.0	0.0	0.0028490636916387287
16507.0	21.0	1.0	0.0	0.0020120762416294237
16528.0	21.0	1.0	0.0	0.0009149954659597762
16549.0	21.0	1.0	0.0	0.0003478379022507095
16570.0	21.0	1.0	0.0	9.859066917781192e-05
16591.0	21.0	1.0	0.0	4.219854445684524e-05
16612.0	21.0	1.0	0.0	2.9061453683035714e-05
16633.0	21.0	1.0	0.0	1.6284610189142685e-05
16654.0	21.0	1.0	0.0	1.1490307038738611e-05
16675.0	21.0	1.0	0.0	8.232186237970988e-06
16696.0	21.0	1.0	0.0	1.4548276151929584e-05
16717.0	21.0	1.0	0.0	7.396607171921503e-06
16738.0	21.0	1.0	0.0	1.0619160674867176e-05
16759.0	21.0	1.0	0.0	1.6314228375752764e-05
16780.0	21.0	1.0	0.0	1.582431225549607e-05
16801.0	21.0	1.0	0.0	6.863280705041694e-05
16822.0	21.0	1.0	0.0	0.0003630550475347191
16843.0	21.0	1.0	0.0	0.0004510629290625715
16864.0	21.0	1.0	0.0	0.0003284200940812857
16885.0	21.0	1.0	0.0	0.00024748520624064764
16906.0	21.0	1.0	0.0	0.0003719266255696096
16927.0	21.0	1.0	0.0	0.00019394938151036189
16948.0	21.0	1.0	0.0	7.522564842586949e-05
16969.0	21.0	1.0	0.0	3.78087361653646e-05
16990.0	21.0	1.0	0.0	2.4944668724423367e-05
17011.0	21.0	1.0	0.0	1.5482639982586814e-05
17032.0	21.0	1.0	0.0	1.1838531210308984e-05
17053.0	21.0	1.0	0.0	8.551853043692453e-06
17074.0	21.0	1.0	0.0	7.187604904174806e-06
17095.0	21.0	1.0	0.0	6.185440790085565e-06
17116.0	21.0	1.0	0.0	6.819109121958415e-06
17137.0	21.0	1.0	0.0	0.00012085119315553657
17158.0	21.0	1.0	0.0	0.00024579431897113805
17179.0	21.0	1.0	0.0	0.0005463872637067
17200.0	21.0	1.0	0.0	0.0011475420452299098
17221.0	21.0	1.0	0.0	0.0011046231587727284
17242.0	21.0	1.0	0.0	0.0013395712716238288
17263.0	21.0	1.0	0.0	0.0006200645083472334
17284.0	21.0	1.0	0.0	0.0001749609084355917
17305.0	21.0	1.0	0.0	6.968870617094494e-05
17326.0	21.0	1.0	0.0	4.3508257184709826e-05
17347.0	21.0	1.0	0.0	2.5102161225818457e-05
17368.0	21.0	1.0	0.0	1.6288012266159057e-05
17389.0	21.0	1.0	0.0	7.211823264756265e-05
17410.0	21.0	1.0	0.0	1.958096595037551e-05
17431.0	21.0	1.0	0.0	3.921942483810417e-05
17452.0	21.0	1.0	0.0	7.854428745450138e-05
17473.0	21.0	1.0	0.0	0.0001556628999255657
17494.0	21.0	1.0	0.0	0.0002838973090761762
17515.0	21.0	1.0	0.0	0.0005097364244006429
17536.0	21.0	1.0	0.0	0.0020046653747558046
17557.0	21.0	1.0	0.0	0.0017438565208797764
17578.0	21.0	1.0	0.0	0.0015765664236885712
17599.0	21.0	1.0	0.0	0.0007307194301059904
17620.0	21.0	1.0	0.0	0.00038973926362532855
17641.0	21.0	1.0	0.0	0.0002459738595144667
17662.0	21.0	1.0	0.0	0.0001949753534225667
17683.0	21.0	1.0	0.0	0.0004604993547711523
17704.0	21.0	1.0	0.0	0.000498321533203081
17725.0	21.0	1.0	0.0	0.0001678874584890059
17746.0	21.0	1.0	0.0	8.162004252274549e-05
17767.0	21.0	1.0	0.0	4.943256718771798e-05
17788.0	21.0	1.0	0.0	0.00021558039528981446
17809.0	21.0	1.0	0.0	0.00041966029575888573
17830.0	21.0	1.0	0.0	0.0006350293840680238
17851.0	21.0	1.0	0.0	0.0005058997926257476
17872.0	21.0	1.0	0.0	0.0006310019720167858
17893.0	21.0	1.0	0.0	0.0008862597147623145
17914.0	21.0	1.0	0.0	0.001039870125906762
17935.0	21.0	1.0	0.0	0.0023991811843144858
17956.0	21.0	1.0	0.0	0.0017574622744605238
17977.0	21.0	1.0	0.0	0.0006240168980189284
17998.0	21.0	1.0	0.0	0.00025401814778641424
18019.0	21.0	1.0	0.0	0.00011399550664990596
18040.0	21.0	1.0	0.0	5.282374790736607e-05
18061.0	21.0	1.0	0.0	2.7849469866071426e-05
18082.0	21.0	1.0	0.0	1.6656058175223212e-05
18103.0	21.0	1.0	0.0	1.5992818843750725e-05
18124.0	21.0	1.0	0.0	1.646666157813299e-05
18145.0	21.0	1.0	0.0	8.92035450254168e-06
18166.0	21.0	1.0	0.0	4.0568729241683724e-05
18187.0	21.0	1.0	0.0	6.827360107784619e-05
18208.0	21.0	1.0	0.0	5.6196644192650214e-05
18229.0	21.0	1.0	0.0	0.0001307320821852536
18250.0	13.0	1.0	0.0	0.0002705711951622077
