stress_period	sp_length	time_step	study (0 : TS or 1 : SS)	rech
0.0	1.0	1.0	1.0	0.00034706977240186706
1.0	30.0	1.0	0.0	0.0012802002588907368
31.0	30.0	1.0	0.0	0.0017849344889322434
61.0	30.0	1.0	0.0	0.0009025197347004765
91.0	30.0	1.0	0.0	0.0006281458536783398
121.0	30.0	1.0	0.0	0.00020184427897131668
151.0	30.0	1.0	0.0	0.00023065694173173584
181.0	30.0	1.0	0.0	6.926829020182043e-05
211.0	30.0	1.0	0.0	3.209001421928406e-05
241.0	30.0	1.0	0.0	1.8343561887741088e-05
271.0	30.0	1.0	0.0	7.51430869102365e-05
301.0	30.0	1.0	0.0	0.0002684871276219563
331.0	30.0	1.0	0.0	0.00019665511449171996
361.0	30.0	1.0	0.0	0.0015685172398884628
391.0	30.0	1.0	0.0	0.00171572926839188
421.0	30.0	1.0	0.0	0.00082146657307939
451.0	30.0	1.0	0.0	0.00061701253255204
481.0	30.0	1.0	0.0	0.00018480987548823337
511.0	30.0	1.0	0.0	6.72556559244729e-05
541.0	30.0	1.0	0.0	2.2876993815104175e-05
571.0	30.0	1.0	0.0	1.1246227224667867e-05
601.0	30.0	1.0	0.0	1.1971132953959651e-05
631.0	30.0	1.0	0.0	0.00021076219876604748
661.0	30.0	1.0	0.0	0.00014613156318663378
691.0	30.0	1.0	0.0	0.00020698986053462322
721.0	30.0	1.0	0.0	0.0007031953175862068
751.0	30.0	1.0	0.0	0.0003853649139403867
781.0	30.0	1.0	0.0	0.0009776824951171366
811.0	30.0	1.0	0.0	0.0004542627970377167
841.0	30.0	1.0	0.0	0.00021282068888341666
871.0	30.0	1.0	0.0	7.199935913085731e-05
901.0	30.0	1.0	0.0	2.701263427734375e-05
931.0	30.0	1.0	0.0	1.3595195611317952e-05
961.0	30.0	1.0	0.0	3.361575206120593e-05
991.0	30.0	1.0	0.0	7.254902521768367e-05
1021.0	30.0	1.0	0.0	5.46646912892597e-05
1051.0	30.0	1.0	0.0	0.0002980144341786201
1081.0	30.0	1.0	0.0	0.0004231076240539067
1111.0	30.0	1.0	0.0	0.0003818926493326334
1141.0	30.0	1.0	0.0	0.00023407923380529673
1171.0	30.0	1.0	0.0	0.00042251091003413
1201.0	30.0	1.0	0.0	0.0003227789560953266
1231.0	30.0	1.0	0.0	0.00022495600382482333
1261.0	30.0	1.0	0.0	7.600657145181082e-05
1291.0	30.0	1.0	0.0	2.6791733006636307e-05
1321.0	30.0	1.0	0.0	1.370453089475632e-05
1351.0	30.0	1.0	0.0	3.0459266901011316e-05
1381.0	30.0	1.0	0.0	0.00012088535626728718
1411.0	30.0	1.0	0.0	0.00019223933219907643
1441.0	30.0	1.0	0.0	0.0006166124025980133
1471.0	30.0	1.0	0.0	0.0005607671101887535
1501.0	30.0	1.0	0.0	0.0009732405344644734
1531.0	30.0	1.0	0.0	0.00053176600138341
1561.0	30.0	1.0	0.0	0.0002836039225259966
1591.0	30.0	1.0	0.0	9.888381958005624e-05
1621.0	30.0	1.0	0.0	4.7993977864578325e-05
1651.0	30.0	1.0	0.0	6.086632708707924e-05
1681.0	30.0	1.0	0.0	1.3278741637865704e-05
1711.0	30.0	1.0	0.0	2.017246683438421e-05
1741.0	30.0	1.0	0.0	0.00012669214804964885
1771.0	30.0	1.0	0.0	0.0002308446725209195
1801.0	30.0	1.0	0.0	0.0007536849657694036
1831.0	30.0	1.0	0.0	0.001203087488810173
1861.0	30.0	1.0	0.0	0.0016515729268391473
1891.0	30.0	1.0	0.0	0.0007304283142089467
1921.0	30.0	1.0	0.0	0.00020602874755855
1951.0	30.0	1.0	0.0	8.399251302081751e-05
1981.0	30.0	1.0	0.0	3.531036376953124e-05
2011.0	30.0	1.0	0.0	1.6506280439595382e-05
2041.0	30.0	1.0	0.0	8.896374764541785e-06
2071.0	30.0	1.0	0.0	5.759727358817185e-05
2101.0	30.0	1.0	0.0	0.0002604135513305326
2131.0	30.0	1.0	0.0	0.00035917180379227
2161.0	30.0	1.0	0.0	0.0007994239171345533
2191.0	30.0	1.0	0.0	0.0017018065134683702
2221.0	30.0	1.0	0.0	0.001739685567220007
2251.0	30.0	1.0	0.0	0.0009513768513997
2281.0	30.0	1.0	0.0	0.0010320093790689632
2311.0	30.0	1.0	0.0	0.00039387461344396333
2341.0	30.0	1.0	0.0	0.00025272776285803
2371.0	30.0	1.0	0.0	5.6102498372395834e-05
2401.0	30.0	1.0	0.0	2.265467047691345e-05
2431.0	30.0	1.0	0.0	4.5967115958527965e-05
2461.0	30.0	1.0	0.0	9.866730372111002e-06
2491.0	30.0	1.0	0.0	0.000509941315650903
2521.0	30.0	1.0	0.0	0.0002443599700927266
2551.0	30.0	1.0	0.0	0.0013411362330118298
2581.0	30.0	1.0	0.0	0.0008440175374348467
2611.0	30.0	1.0	0.0	0.00031215260823563997
2641.0	30.0	1.0	0.0	0.00015708440144851998
2671.0	30.0	1.0	0.0	0.00010427551269528773
2701.0	30.0	1.0	0.0	4.272944132486979e-05
2731.0	30.0	1.0	0.0	2.1539306640625003e-05
2761.0	30.0	1.0	0.0	1.0892721513907116e-05
2791.0	30.0	1.0	0.0	3.9120931923384895e-05
2821.0	30.0	1.0	0.0	2.5654753049212965e-05
2851.0	30.0	1.0	0.0	4.044592380523276e-05
2881.0	30.0	1.0	0.0	0.0006913666725158224
2911.0	30.0	1.0	0.0	0.0011030003865559466
2941.0	30.0	1.0	0.0	0.0012334120432535367
2971.0	30.0	1.0	0.0	0.0011037928263345899
3001.0	30.0	1.0	0.0	0.0011880193074543868
3031.0	30.0	1.0	0.0	0.0006843058268228733
3061.0	30.0	1.0	0.0	0.00044674580891923007
3091.0	30.0	1.0	0.0	0.00012175801595050376
3121.0	30.0	1.0	0.0	3.650375405947368e-05
3151.0	30.0	1.0	0.0	1.9083609183629353e-05
3181.0	30.0	1.0	0.0	5.4460986455280454e-05
3211.0	30.0	1.0	0.0	0.00041921152273811073
3241.0	30.0	1.0	0.0	0.00032069625854488335
3271.0	30.0	1.0	0.0	0.0004112197875976066
3301.0	30.0	1.0	0.0	0.00102391649881995
3331.0	30.0	1.0	0.0	0.0006702232360839433
3361.0	30.0	1.0	0.0	0.0015557698567707798
3391.0	30.0	1.0	0.0	0.0010228912353515266
3421.0	30.0	1.0	0.0	0.00019120025634761622
3451.0	30.0	1.0	0.0	5.316111246744542e-05
3481.0	30.0	1.0	0.0	2.240802596012751e-05
3511.0	30.0	1.0	0.0	1.980796506007425e-05
3541.0	30.0	1.0	0.0	1.289366483688355e-05
3571.0	30.0	1.0	0.0	0.0001219338615735117
3601.0	30.0	1.0	0.0	0.00022496746381120872
3631.0	30.0	1.0	0.0	0.0006135496775308666
3661.0	30.0	1.0	0.0	0.0011231413523355635
3691.0	30.0	1.0	0.0	0.001621081670125283
3721.0	30.0	1.0	0.0	0.00047772699991856666
3751.0	30.0	1.0	0.0	0.0004295674641926733
3781.0	30.0	1.0	0.0	0.00018136901855464292
3811.0	30.0	1.0	0.0	5.1639302571614585e-05
3841.0	30.0	1.0	0.0	5.03238300482403e-05
3871.0	30.0	1.0	0.0	1.2440389394760132e-05
3901.0	30.0	1.0	0.0	7.836530605951945e-06
3931.0	30.0	1.0	0.0	4.30713236331851e-05
3961.0	30.0	1.0	0.0	0.0006956027905145734
3991.0	30.0	1.0	0.0	0.0018590707778930132
4021.0	30.0	1.0	0.0	0.00109946289062495
4051.0	30.0	1.0	0.0	0.00056295369466141
4081.0	30.0	1.0	0.0	0.00034517466227209997
4111.0	30.0	1.0	0.0	0.00017684427897131334
4141.0	30.0	1.0	0.0	0.00019301961263019164
4171.0	30.0	1.0	0.0	0.00013550465901692628
4201.0	30.0	1.0	0.0	3.7280782063802074e-05
4231.0	30.0	1.0	0.0	5.286070108413277e-05
4261.0	30.0	1.0	0.0	1.7635039488474525e-05
4291.0	30.0	1.0	0.0	3.96601438522295e-05
4321.0	30.0	1.0	0.0	0.0001843435764312503
4351.0	30.0	1.0	0.0	0.0007224879582722499
4381.0	30.0	1.0	0.0	0.00130492954254146
4411.0	30.0	1.0	0.0	0.0009947677612304267
4441.0	30.0	1.0	0.0	0.0009246943155924034
4471.0	30.0	1.0	0.0	0.00042631352742509334
4501.0	30.0	1.0	0.0	0.00013380279541012915
4531.0	30.0	1.0	0.0	4.554799397786457e-05
4561.0	30.0	1.0	0.0	2.0432535807291666e-05
4591.0	30.0	1.0	0.0	1.5022151668866476e-05
4621.0	30.0	1.0	0.0	7.925865054130554e-06
4651.0	30.0	1.0	0.0	2.529535889625549e-05
4681.0	30.0	1.0	0.0	0.0002539162198702162
4711.0	30.0	1.0	0.0	0.00043744789759313
4741.0	30.0	1.0	0.0	0.00052786992390946
4771.0	30.0	1.0	0.0	0.0006228378295898032
4801.0	30.0	1.0	0.0	0.0013565228780110267
4831.0	30.0	1.0	0.0	0.00039128570556635676
4861.0	30.0	1.0	0.0	0.00024542592366532333
4891.0	30.0	1.0	0.0	8.98513793945083e-05
4921.0	30.0	1.0	0.0	2.5585428873697918e-05
4951.0	30.0	1.0	0.0	1.2449139356613164e-05
4981.0	30.0	1.0	0.0	7.920957406361473e-05
5011.0	30.0	1.0	0.0	1.5883620580037435e-05
5041.0	30.0	1.0	0.0	0.00046138867537176114
5071.0	30.0	1.0	0.0	0.0006252335230509034
5101.0	30.0	1.0	0.0	0.0004991720835367401
5131.0	30.0	1.0	0.0	0.0007176298777261899
5161.0	30.0	1.0	0.0	0.0006078386942545099
5191.0	30.0	1.0	0.0	0.0003432388305663667
5221.0	30.0	1.0	0.0	0.00021441116333003671
5251.0	30.0	1.0	0.0	0.00010239003499346396
5281.0	30.0	1.0	0.0	3.81512959798177e-05
5311.0	30.0	1.0	0.0	1.5202518304189043e-05
5341.0	30.0	1.0	0.0	1.1786456902821859e-05
5371.0	30.0	1.0	0.0	1.1994671821594238e-05
5401.0	30.0	1.0	0.0	5.4801376660658405e-05
5431.0	30.0	1.0	0.0	0.00027708775997158856
5461.0	30.0	1.0	0.0	0.0003562763532002267
5491.0	30.0	1.0	0.0	0.0011974110285440536
5521.0	30.0	1.0	0.0	0.0007166726430256732
5551.0	30.0	1.0	0.0	0.0003382647196451367
5581.0	30.0	1.0	0.0	0.00021768468221023998
5611.0	30.0	1.0	0.0	0.00013628540039058209
5641.0	30.0	1.0	0.0	9.704996744790979e-05
5671.0	30.0	1.0	0.0	5.5683773631846704e-05
5701.0	30.0	1.0	0.0	3.163217504819235e-05
5731.0	30.0	1.0	0.0	5.376345316568459e-05
5761.0	30.0	1.0	0.0	0.00015211060047147086
5791.0	30.0	1.0	0.0	0.00027377770741776
5821.0	30.0	1.0	0.0	0.0006455971399942633
5851.0	30.0	1.0	0.0	0.0006575141906737769
5881.0	30.0	1.0	0.0	0.0015603393554687
5911.0	30.0	1.0	0.0	0.0007206380208332833
5941.0	30.0	1.0	0.0	0.00030357055664058006
5971.0	30.0	1.0	0.0	9.574991861977208e-05
6001.0	30.0	1.0	0.0	7.381083170572416e-05
6031.0	30.0	1.0	0.0	6.314617867271064e-05
6061.0	30.0	1.0	0.0	2.263655985394996e-05
6091.0	30.0	1.0	0.0	1.113677422205607e-05
6121.0	30.0	1.0	0.0	0.00012433041731515056
6151.0	30.0	1.0	0.0	7.261501948037805e-05
6181.0	30.0	1.0	0.0	7.746044794717642e-05
6211.0	30.0	1.0	0.0	0.0001589267094929677
6241.0	30.0	1.0	0.0	0.00021062860488887331
6271.0	30.0	1.0	0.0	0.0001862767537434334
6301.0	30.0	1.0	0.0	0.00021064249674474338
6331.0	30.0	1.0	0.0	9.052492777504437e-05
6361.0	30.0	1.0	0.0	3.8938776652018216e-05
6391.0	30.0	1.0	0.0	0.00012686780293781665
6421.0	30.0	1.0	0.0	0.00014593123992283664
6451.0	30.0	1.0	0.0	3.03162415822347e-05
6481.0	30.0	1.0	0.0	3.260394732157262e-05
6511.0	30.0	1.0	0.0	0.00016879736582435946
6541.0	30.0	1.0	0.0	0.00017331492106115005
6571.0	30.0	1.0	0.0	0.0005327746073404434
6601.0	30.0	1.0	0.0	0.0011971290588378499
6631.0	30.0	1.0	0.0	0.0004887021382649233
6661.0	30.0	1.0	0.0	0.0002738187154133666
6691.0	30.0	1.0	0.0	0.00013803965250647776
6721.0	30.0	1.0	0.0	4.8791249593098963e-05
6751.0	30.0	1.0	0.0	2.2892761230468746e-05
6781.0	30.0	1.0	0.0	1.5160665909449258e-05
6811.0	30.0	1.0	0.0	9.095094601313274e-06
6841.0	30.0	1.0	0.0	5.839868386586506e-06
6871.0	30.0	1.0	0.0	7.184689442316166e-05
6901.0	30.0	1.0	0.0	0.00018217349052426353
6931.0	30.0	1.0	0.0	0.00011157178878780835
6961.0	30.0	1.0	0.0	0.0006254004796345566
6991.0	30.0	1.0	0.0	0.0008804238637287933
7021.0	30.0	1.0	0.0	0.00040171127319331667
7051.0	30.0	1.0	0.0	0.0001869560241698766
7081.0	30.0	1.0	0.0	6.338348388671334e-05
7111.0	30.0	1.0	0.0	4.085464477538521e-05
7141.0	30.0	1.0	0.0	1.3656806449095413e-05
7171.0	30.0	1.0	0.0	1.2763061622778579e-05
7201.0	30.0	1.0	0.0	1.720978617668152e-05
7231.0	30.0	1.0	0.0	0.00012706312338508122
7261.0	30.0	1.0	0.0	0.0005415733814238966
7291.0	30.0	1.0	0.0	0.0006513196309407033
7321.0	30.0	1.0	0.0	0.0008678699493407733
7351.0	30.0	1.0	0.0	0.0005018310546874632
7381.0	30.0	1.0	0.0	0.00042954050699865336
7411.0	30.0	1.0	0.0	0.0003193216959634934
7441.0	30.0	1.0	0.0	0.00015125376383459064
7471.0	30.0	1.0	0.0	4.574076334635418e-05
7501.0	30.0	1.0	0.0	2.0415038863817848e-05
7531.0	30.0	1.0	0.0	2.6206136743226093e-05
7561.0	30.0	1.0	0.0	1.2004709243774412e-05
7591.0	30.0	1.0	0.0	0.00013192034165062253
7621.0	30.0	1.0	0.0	0.0002112705548603998
7651.0	30.0	1.0	0.0	0.0005654902458190434
7681.0	30.0	1.0	0.0	0.0007314839680989033
7711.0	30.0	1.0	0.0	0.0006960146586099831
7741.0	30.0	1.0	0.0	0.0005589856465657067
7771.0	30.0	1.0	0.0	0.00045535914103185673
7801.0	30.0	1.0	0.0	0.0002027091979979917
7831.0	30.0	1.0	0.0	5.341720581054689e-05
7861.0	30.0	1.0	0.0	3.91274635990413e-05
7891.0	30.0	1.0	0.0	1.6330774128437044e-05
7921.0	30.0	1.0	0.0	4.795038501420864e-05
7951.0	30.0	1.0	0.0	1.9454375902811686e-05
7981.0	30.0	1.0	0.0	0.00017088185151415563
8011.0	30.0	1.0	0.0	0.0007750576019286635
8041.0	30.0	1.0	0.0	0.0004342086156208834
8071.0	30.0	1.0	0.0	0.0005325197855631066
8101.0	30.0	1.0	0.0	0.00054785207112625
8131.0	30.0	1.0	0.0	0.00023980789184566007
8161.0	30.0	1.0	0.0	6.990432739257128e-05
8191.0	30.0	1.0	0.0	4.986724853514917e-05
8221.0	30.0	1.0	0.0	2.782306410372132e-05
8251.0	30.0	1.0	0.0	1.3069820031523705e-05
8281.0	30.0	1.0	0.0	0.0001665688226620273
8311.0	30.0	1.0	0.0	2.7179161707560227e-05
8341.0	30.0	1.0	0.0	0.0007775139649708606
8371.0	30.0	1.0	0.0	0.0012258324305216002
8401.0	30.0	1.0	0.0	0.0013971794128417468
8431.0	30.0	1.0	0.0	0.0004628824869791132
8461.0	30.0	1.0	0.0	0.0010910174051920198
8491.0	30.0	1.0	0.0	0.0006270563761392767
8521.0	30.0	1.0	0.0	0.0001940684000650596
8551.0	30.0	1.0	0.0	5.3702290852864574e-05
8581.0	30.0	1.0	0.0	1.9480895996093753e-05
8611.0	30.0	1.0	0.0	1.1151199539502462e-05
8641.0	30.0	1.0	0.0	7.304075360298156e-06
8671.0	30.0	1.0	0.0	0.00014912230968474696
8701.0	30.0	1.0	0.0	0.00019531059265133092
8731.0	30.0	1.0	0.0	0.00075333318710322
8761.0	30.0	1.0	0.0	0.0009609570821125867
8791.0	30.0	1.0	0.0	0.0009674608866373266
8821.0	30.0	1.0	0.0	0.0009280044555663668
8851.0	30.0	1.0	0.0	0.0008795936584472133
8881.0	30.0	1.0	0.0	0.0006069163004556968
8911.0	30.0	1.0	0.0	0.00011857299804685122
8941.0	30.0	1.0	0.0	3.2061767578125e-05
8971.0	30.0	1.0	0.0	1.7361725370089215e-05
9001.0	30.0	1.0	0.0	1.3445251186688744e-05
9031.0	30.0	1.0	0.0	1.8003604809443156e-05
9061.0	30.0	1.0	0.0	7.901177008944677e-05
9091.0	30.0	1.0	0.0	0.0002787349224090103
9121.0	30.0	1.0	0.0	0.0003759185155232189
9151.0	30.0	1.0	0.0	0.0005827420552571166
9181.0	30.0	1.0	0.0	0.0004940823872883601
9211.0	30.0	1.0	0.0	0.00021532783508296002
9241.0	30.0	1.0	0.0	0.00011111615498857625
9271.0	30.0	1.0	0.0	4.245402018229166e-05
9301.0	30.0	1.0	0.0	1.7473093668619793e-05
9331.0	30.0	1.0	0.0	1.265128254890442e-05
9361.0	30.0	1.0	0.0	6.8525781234105406e-06
9391.0	30.0	1.0	0.0	6.622226039568583e-06
9421.0	30.0	1.0	0.0	0.00014385879437127377
9451.0	30.0	1.0	0.0	0.00019210096995031801
9481.0	30.0	1.0	0.0	0.00045203520456944997
9511.0	30.0	1.0	0.0	0.00038719565073643675
9541.0	30.0	1.0	0.0	0.00036888720194492664
9571.0	30.0	1.0	0.0	0.00021620394388829
9601.0	30.0	1.0	0.0	8.028513590493613e-05
9631.0	30.0	1.0	0.0	0.00016875546773273574
9661.0	30.0	1.0	0.0	3.930994669596354e-05
9691.0	30.0	1.0	0.0	1.6239315768082934e-05
9721.0	30.0	1.0	0.0	9.105545779069264e-06
9751.0	30.0	1.0	0.0	9.01581158240531e-05
9781.0	30.0	1.0	0.0	1.0471248626708983e-05
9811.0	30.0	1.0	0.0	0.00041388519604995964
9841.0	30.0	1.0	0.0	0.0008186100959777265
9871.0	30.0	1.0	0.0	0.0017862305959065233
9901.0	30.0	1.0	0.0	0.0004409464518228666
9931.0	30.0	1.0	0.0	0.00022016881306961665
9961.0	30.0	1.0	0.0	0.00031860834757481665
9991.0	30.0	1.0	0.0	0.00015690739949541187
10021.0	30.0	1.0	0.0	5.0062052408854155e-05
10051.0	30.0	1.0	0.0	1.954340711236e-05
10081.0	30.0	1.0	0.0	1.405121112863223e-05
10111.0	30.0	1.0	0.0	8.258702357610065e-06
10141.0	30.0	1.0	0.0	5.4996963342018576e-05
10171.0	30.0	1.0	0.0	6.633210182189022e-05
10201.0	30.0	1.0	0.0	0.0005426764806111165
10231.0	30.0	1.0	0.0	0.0009693389892577564
10261.0	30.0	1.0	0.0	0.0007165105183918733
10291.0	30.0	1.0	0.0	0.0003387992858886167
10321.0	30.0	1.0	0.0	0.00033680013020827667
10351.0	30.0	1.0	0.0	0.00010663731892900937
10381.0	30.0	1.0	0.0	3.159891764322917e-05
10411.0	30.0	1.0	0.0	1.4010303529600305e-05
10441.0	30.0	1.0	0.0	1.4704362240930403e-05
10471.0	30.0	1.0	0.0	2.9591889182723113e-05
10501.0	30.0	1.0	0.0	9.844725529352067e-05
10531.0	30.0	1.0	0.0	0.0003561397393544034
10561.0	30.0	1.0	0.0	0.00043961544036860673
10591.0	30.0	1.0	0.0	0.0011744412104288265
10621.0	30.0	1.0	0.0	0.0017449034372965103
10651.0	30.0	1.0	0.0	0.0009044273376464369
10681.0	30.0	1.0	0.0	0.00034583892822261336
10711.0	30.0	1.0	0.0	0.00020745697021479998
10741.0	30.0	1.0	0.0	0.00013632151285804166
10771.0	30.0	1.0	0.0	5.380503336588543e-05
10801.0	30.0	1.0	0.0	9.049470225969188e-05
10831.0	30.0	1.0	0.0	2.2828952471415204e-05
10861.0	30.0	1.0	0.0	4.9150832494096725e-05
10891.0	30.0	1.0	0.0	5.271944999694235e-05
10921.0	30.0	1.0	0.0	0.00030740798314406995
10951.0	30.0	1.0	0.0	0.00027388677597040993
10981.0	30.0	1.0	0.0	0.00040051676432286326
11011.0	30.0	1.0	0.0	0.00021870740254715336
11041.0	30.0	1.0	0.0	0.00012152086893712332
11071.0	30.0	1.0	0.0	0.0001725696563720357
11101.0	30.0	1.0	0.0	0.00012748985290523312
11131.0	30.0	1.0	0.0	4.718971252441406e-05
11161.0	30.0	1.0	0.0	1.898924211661021e-05
11191.0	30.0	1.0	0.0	2.0121776064236958e-05
11221.0	30.0	1.0	0.0	1.035076379776001e-05
11251.0	30.0	1.0	0.0	0.0004277163465817439
11281.0	30.0	1.0	0.0	0.0005360488255818231
11311.0	30.0	1.0	0.0	0.00107783559163407
11341.0	30.0	1.0	0.0	0.0021531224568684462
11371.0	30.0	1.0	0.0	0.0015813461303710468
11401.0	30.0	1.0	0.0	0.0007058029174804265
11431.0	30.0	1.0	0.0	0.00020346171061193333
11461.0	30.0	1.0	0.0	7.397562662759582e-05
11491.0	30.0	1.0	0.0	3.1862894694010414e-05
11521.0	30.0	1.0	0.0	2.3024061322212223e-05
11551.0	30.0	1.0	0.0	1.4116894205411274e-05
11581.0	30.0	1.0	0.0	6.383122801780068e-05
11611.0	30.0	1.0	0.0	0.0003022449096043647
11641.0	30.0	1.0	0.0	0.00077585433324173
11671.0	30.0	1.0	0.0	0.0012735937754312769
11701.0	30.0	1.0	0.0	0.0005650934855142768
11731.0	30.0	1.0	0.0	0.00033688863118484
11761.0	30.0	1.0	0.0	0.00019674758911127337
11791.0	30.0	1.0	0.0	0.00014218190511063332
11821.0	30.0	1.0	0.0	7.560831705727999e-05
11851.0	30.0	1.0	0.0	3.4040578206377715e-05
11881.0	30.0	1.0	0.0	1.1774487048387528e-05
11911.0	30.0	1.0	0.0	2.2298375020419472e-05
11941.0	30.0	1.0	0.0	6.705319881439208e-06
11971.0	30.0	1.0	0.0	2.3574477434158128e-05
12001.0	30.0	1.0	0.0	0.00017423675457634393
12031.0	30.0	1.0	0.0	0.0004366296132405167
12061.0	30.0	1.0	0.0	0.00036380653381342683
12091.0	30.0	1.0	0.0	0.00044993712107336
12121.0	30.0	1.0	0.0	0.00050491333007807
12151.0	30.0	1.0	0.0	0.0008583863576252699
12181.0	30.0	1.0	0.0	0.00022446823120112004
12211.0	30.0	1.0	0.0	6.160837809244792e-05
12241.0	30.0	1.0	0.0	2.2298754254976915e-05
12271.0	30.0	1.0	0.0	1.1768918236096701e-05
12301.0	30.0	1.0	0.0	1.6688172022501624e-05
12331.0	30.0	1.0	0.0	9.553088943162202e-05
12361.0	30.0	1.0	0.0	0.00018619827429451925
12391.0	30.0	1.0	0.0	0.00020361728668208566
12421.0	30.0	1.0	0.0	0.0004296682357787599
12451.0	30.0	1.0	0.0	0.0011404150009154768
12481.0	30.0	1.0	0.0	0.0006001110076903834
12511.0	30.0	1.0	0.0	0.00042905095418290336
12541.0	30.0	1.0	0.0	0.00019952418009434663
12571.0	30.0	1.0	0.0	6.98109944661429e-05
12601.0	30.0	1.0	0.0	2.858225504557292e-05
12631.0	30.0	1.0	0.0	1.320789655049642e-05
12661.0	30.0	1.0	0.0	2.3200221856432204e-05
12691.0	30.0	1.0	0.0	2.4023103713988278e-05
12721.0	30.0	1.0	0.0	0.0002664021531740589
12751.0	30.0	1.0	0.0	0.00096690619786575
12781.0	30.0	1.0	0.0	0.0014040623982746836
12811.0	30.0	1.0	0.0	0.0013832412719726103
12841.0	30.0	1.0	0.0	0.0010332506815592033
12871.0	30.0	1.0	0.0	0.0003326065063476167
12901.0	30.0	1.0	0.0	0.00010093943277993414
12931.0	30.0	1.0	0.0	4.18935139973925e-05
12961.0	30.0	1.0	0.0	1.3634745279947916e-05
12991.0	30.0	1.0	0.0	0.0002381377135713762
13021.0	30.0	1.0	0.0	2.6241230964657476e-05
13051.0	30.0	1.0	0.0	0.0001570890267689854
13081.0	30.0	1.0	0.0	0.00012555974324542226
13111.0	30.0	1.0	0.0	0.0004639767328897802
13141.0	30.0	1.0	0.0	0.001392535845438596
13171.0	30.0	1.0	0.0	0.00108286794026689
13201.0	30.0	1.0	0.0	0.0011467338562011265
13231.0	30.0	1.0	0.0	0.0006898305257161067
13261.0	30.0	1.0	0.0	0.00022053476969395998
13291.0	30.0	1.0	0.0	6.984252929686709e-05
13321.0	30.0	1.0	0.0	2.3777262369791674e-05
13351.0	30.0	1.0	0.0	1.2610928714275356e-05
13381.0	30.0	1.0	0.0	1.1254097521305087e-05
13411.0	30.0	1.0	0.0	2.0854022105532334e-05
13441.0	30.0	1.0	0.0	0.00012961147228874686
13471.0	30.0	1.0	0.0	9.690680503843927e-05
13501.0	30.0	1.0	0.0	0.000744766918818103
13531.0	30.0	1.0	0.0	0.00036664396921787663
13561.0	30.0	1.0	0.0	0.00029870071411128334
13591.0	30.0	1.0	0.0	0.00039532852172848335
13621.0	30.0	1.0	0.0	0.00016411031087234978
13651.0	30.0	1.0	0.0	6.244227091471355e-05
13681.0	30.0	1.0	0.0	2.9995473225911457e-05
13711.0	30.0	1.0	0.0	1.721463849147161e-05
13741.0	30.0	1.0	0.0	1.0079667468865709e-05
13771.0	30.0	1.0	0.0	4.844410419463696e-05
13801.0	30.0	1.0	0.0	0.00018773359060286413
13831.0	30.0	1.0	0.0	0.000786294349034586
13861.0	30.0	1.0	0.0	0.0013758297602335199
13891.0	30.0	1.0	0.0	0.0008243075052896665
13921.0	30.0	1.0	0.0	0.0004029383341470966
13951.0	30.0	1.0	0.0	0.00016837590535476337
13981.0	30.0	1.0	0.0	9.423624674477397e-05
14011.0	30.0	1.0	0.0	4.2432403564453126e-05
14041.0	30.0	1.0	0.0	1.7271677652994795e-05
14071.0	30.0	1.0	0.0	3.953024707734482e-05
14101.0	30.0	1.0	0.0	0.00019010033607482673
14131.0	30.0	1.0	0.0	0.00022169222831724798
14161.0	30.0	1.0	0.0	0.00014717896779375934
14191.0	30.0	1.0	0.0	0.0007596927007039
14221.0	30.0	1.0	0.0	0.002419970448811803
14251.0	30.0	1.0	0.0	0.0012646456400552933
14281.0	30.0	1.0	0.0	0.0009385431925455266
14311.0	30.0	1.0	0.0	0.0009363922119140233
14341.0	30.0	1.0	0.0	0.0003296951293944867
14371.0	30.0	1.0	0.0	8.124694824217792e-05
14401.0	30.0	1.0	0.0	3.147176106770834e-05
14431.0	30.0	1.0	0.0	7.249474599956464e-05
14461.0	30.0	1.0	0.0	1.8676745146512983e-05
14491.0	30.0	1.0	0.0	1.059048771858215e-05
14521.0	30.0	1.0	0.0	3.2594710588452425e-05
14551.0	30.0	1.0	0.0	0.000497646649678515
14581.0	30.0	1.0	0.0	0.00043578319549556334
14611.0	30.0	1.0	0.0	0.0007899244944254135
14641.0	30.0	1.0	0.0	0.0009191932678222133
14671.0	30.0	1.0	0.0	0.00043252360026036656
14701.0	30.0	1.0	0.0	0.0006158632914224734
14731.0	30.0	1.0	0.0	0.0005123776753742932
14761.0	30.0	1.0	0.0	0.00014446258544918708
14791.0	30.0	1.0	0.0	4.032592773437501e-05
14821.0	30.0	1.0	0.0	1.6229506333669027e-05
14851.0	30.0	1.0	0.0	9.269549449284873e-06
14881.0	30.0	1.0	0.0	6.80504043896993e-06
14911.0	30.0	1.0	0.0	9.29671128590743e-05
14941.0	30.0	1.0	0.0	0.00014624301592506254
14971.0	30.0	1.0	0.0	0.0003839055697122833
15001.0	30.0	1.0	0.0	0.00054898223876949
15031.0	30.0	1.0	0.0	0.00042649141947423674
15061.0	30.0	1.0	0.0	0.00016790835062658327
15091.0	30.0	1.0	0.0	7.203356424966645e-05
15121.0	30.0	1.0	0.0	3.1938044230143235e-05
15151.0	30.0	1.0	0.0	1.7867151896158856e-05
15181.0	30.0	1.0	0.0	8.589913447697958e-06
15211.0	30.0	1.0	0.0	5.824588735898335e-06
15241.0	30.0	1.0	0.0	2.8327543536821134e-05
15271.0	30.0	1.0	0.0	5.824850400287697e-05
15301.0	30.0	1.0	0.0	0.0004997870763142583
15331.0	30.0	1.0	0.0	0.0005451973597208166
15361.0	30.0	1.0	0.0	0.00034998461405431343
15391.0	30.0	1.0	0.0	0.0003581019083658334
15421.0	30.0	1.0	0.0	0.0004694238026936401
15451.0	30.0	1.0	0.0	0.00029917348225907004
15481.0	30.0	1.0	0.0	0.0001500404357909796
15511.0	30.0	1.0	0.0	4.156951904296875e-05
15541.0	30.0	1.0	0.0	1.784555514653524e-05
15571.0	30.0	1.0	0.0	6.119001110394409e-05
15601.0	30.0	1.0	0.0	1.1618113517761232e-05
15631.0	30.0	1.0	0.0	0.00011853547890979793
15661.0	30.0	1.0	0.0	0.0003815740585326666
15691.0	30.0	1.0	0.0	0.0007022173563638837
15721.0	30.0	1.0	0.0	0.0011076119740803566
15751.0	30.0	1.0	0.0	0.0016796742757160933
15781.0	30.0	1.0	0.0	0.00102678349812821
15811.0	30.0	1.0	0.0	0.0004033604939778234
15841.0	30.0	1.0	0.0	0.00011298929850257915
15871.0	30.0	1.0	0.0	4.0059916178385406e-05
15901.0	30.0	1.0	0.0	2.2141320506731666e-05
15931.0	30.0	1.0	0.0	1.3982533415158588e-05
15961.0	30.0	1.0	0.0	9.094085295995078e-06
15991.0	30.0	1.0	0.0	0.0004648577253023466
16021.0	30.0	1.0	0.0	0.00018957923253372334
16051.0	30.0	1.0	0.0	0.00100913213094071
16081.0	30.0	1.0	0.0	0.0013354721069335532
16111.0	30.0	1.0	0.0	0.0010773498535155764
16141.0	30.0	1.0	0.0	0.0006681788126627165
16171.0	30.0	1.0	0.0	0.00024373677571610337
16201.0	30.0	1.0	0.0	8.529866536457084e-05
16231.0	30.0	1.0	0.0	3.223368326822917e-05
16261.0	30.0	1.0	0.0	1.3779715200265249e-05
16291.0	30.0	1.0	0.0	8.343465626239778e-06
16321.0	30.0	1.0	0.0	4.966385165850323e-06
16351.0	30.0	1.0	0.0	3.107444246609757e-05
16381.0	30.0	1.0	0.0	6.351811885833054e-05
16411.0	30.0	1.0	0.0	8.964246908821932e-05
16441.0	30.0	1.0	0.0	0.0003785711606343133
16471.0	30.0	1.0	0.0	0.0005557623545328301
16501.0	30.0	1.0	0.0	0.0006315676371255933
16531.0	30.0	1.0	0.0	0.00018965771992996322
16561.0	30.0	1.0	0.0	7.308476765950315e-05
16591.0	30.0	1.0	0.0	4.352773030598678e-05
16621.0	30.0	1.0	0.0	1.885671025762955e-05
16651.0	30.0	1.0	0.0	9.239509639640648e-06
16681.0	30.0	1.0	0.0	5.640152096748352e-06
16711.0	30.0	1.0	0.0	0.0002563468456268097
16741.0	30.0	1.0	0.0	0.000396772480010951
16771.0	30.0	1.0	0.0	0.0006043806711832098
16801.0	30.0	1.0	0.0	0.0008465274810790633
16831.0	30.0	1.0	0.0	0.0005833829243977433
16861.0	30.0	1.0	0.0	0.00040827356974278676
16891.0	30.0	1.0	0.0	0.00013172047932939626
16921.0	30.0	1.0	0.0	4.9973042805989585e-05
16951.0	30.0	1.0	0.0	2.0931498209635412e-05
16981.0	30.0	1.0	0.0	2.9926300048824583e-05
17011.0	30.0	1.0	0.0	7.94037232796351e-06
17041.0	30.0	1.0	0.0	9.10870979229609e-06
17071.0	30.0	1.0	0.0	1.2504992882410687e-05
17101.0	30.0	1.0	0.0	0.00011992475787796892
17131.0	30.0	1.0	0.0	0.0005406655788421234
17161.0	30.0	1.0	0.0	0.00053278280893956
17191.0	30.0	1.0	0.0	0.0009727400461832134
17221.0	30.0	1.0	0.0	0.0007412244160969601
17251.0	30.0	1.0	0.0	0.0002021690368651842
17281.0	30.0	1.0	0.0	7.325820922851228e-05
17311.0	30.0	1.0	0.0	2.6403299967447916e-05
17341.0	30.0	1.0	0.0	1.7799377441406245e-05
17371.0	30.0	1.0	0.0	9.944696724414827e-06
17401.0	30.0	1.0	0.0	1.9347628454366478e-05
17431.0	30.0	1.0	0.0	7.552558978397852e-05
17461.0	30.0	1.0	0.0	0.0002624703884124491
17491.0	30.0	1.0	0.0	0.0006321647961933834
17521.0	30.0	1.0	0.0	0.0011196212768554202
17551.0	30.0	1.0	0.0	0.0012318269093830935
17581.0	30.0	1.0	0.0	0.0023546895345051668
17611.0	30.0	1.0	0.0	0.0013097661336262639
17641.0	30.0	1.0	0.0	0.0006223581949869231
17671.0	30.0	1.0	0.0	0.00012591349283850667
17701.0	30.0	1.0	0.0	3.8275146484374986e-05
17731.0	30.0	1.0	0.0	2.062118053436279e-05
17761.0	30.0	1.0	0.0	1.2783469756444296e-05
17791.0	30.0	1.0	0.0	1.9701490799585977e-05
17821.0	30.0	1.0	0.0	1.2673699855804447e-05
17851.0	30.0	1.0	0.0	0.00037484433253603527
17881.0	30.0	1.0	0.0	0.0005038159052530458
17911.0	30.0	1.0	0.0	0.0011220705668130969
17941.0	30.0	1.0	0.0	0.00081629753112787
17971.0	30.0	1.0	0.0	0.00043317286173496676
18001.0	30.0	1.0	0.0	0.0002470512390136233
18031.0	30.0	1.0	0.0	0.00010218251546222022
18061.0	30.0	1.0	0.0	3.828913370768228e-05
18091.0	30.0	1.0	0.0	1.828095118204753e-05
18121.0	30.0	1.0	0.0	8.41560463110606e-06
18151.0	30.0	1.0	0.0	5.614176392555237e-06
18181.0	30.0	1.0	0.0	2.8253551324202744e-05
18211.0	30.0	1.0	0.0	0.00018915312687553556
18241.0	22.0	1.0	0.0	0.0004938618703321546
