stress_period	sp_length	time_step	study (0 : TS or 1 : SS)	rech
0.0	1.0	1.0	1.0	0.00224415601329198
1.0	15.0	1.0	0.0	0.002360518391927046
16.0	15.0	1.0	0.0	0.00462286783854164
31.0	15.0	1.0	0.0	0.0044198099772135065
46.0	15.0	1.0	0.0	0.0069099527994791405
61.0	15.0	1.0	0.0	0.006935428873697891
76.0	15.0	1.0	0.0	0.003775785319010394
91.0	15.0	1.0	0.0	0.0048130493164062265
106.0	15.0	1.0	0.0	0.002927775065104127
121.0	15.0	1.0	0.0	0.0016563232421874733
136.0	15.0	1.0	0.0	0.0020167561848958133
151.0	15.0	1.0	0.0	0.0018994059244791402
166.0	15.0	1.0	0.0	0.005886543782552061
181.0	15.0	1.0	0.0	0.00326845703125
196.0	15.0	1.0	0.0	0.001964567057291667
211.0	15.0	1.0	0.0	0.0019349160512287936
226.0	15.0	1.0	0.0	0.0006812793731688934
241.0	15.0	1.0	0.0	0.0004403361002603666
256.0	15.0	1.0	0.0	0.00024501139322913334
271.0	15.0	1.0	0.0	0.0005124010721841933
286.0	15.0	1.0	0.0	0.0008063852945963067
301.0	15.0	1.0	0.0	0.0006670410156249467
316.0	15.0	1.0	0.0	0.0011286005655923865
331.0	15.0	1.0	0.0	0.0038056620279947463
346.0	15.0	1.0	0.0	0.0020987223307291267
361.0	15.0	1.0	0.0	0.005860048421223907
376.0	15.0	1.0	0.0	0.007765618896484332
391.0	15.0	1.0	0.0	0.004433221435546833
406.0	15.0	1.0	0.0	0.00324471842447914
421.0	15.0	1.0	0.0	0.0048603271484374795
436.0	15.0	1.0	0.0	0.0059036295572916404
451.0	15.0	1.0	0.0	0.004380078124999973
466.0	15.0	1.0	0.0	0.002264021809895813
481.0	15.0	1.0	0.0	0.0016620646158854
496.0	15.0	1.0	0.0	0.003338387044270814
511.0	15.0	1.0	0.0	0.0016820068359374668
526.0	15.0	1.0	0.0	0.00040156249999996667
541.0	15.0	1.0	0.0	0.00017971191406247332
556.0	15.0	1.0	0.0	0.00012364501953122668
571.0	15.0	1.0	0.0	0.0005222990989684667
586.0	15.0	1.0	0.0	0.0006594081560770266
601.0	15.0	1.0	0.0	0.0004862339019774866
616.0	15.0	1.0	0.0	0.00033865356445306666
631.0	15.0	1.0	0.0	0.001664311091105093
646.0	15.0	1.0	0.0	0.0023723559061685734
661.0	15.0	1.0	0.0	0.0025446899414062127
676.0	15.0	1.0	0.0	0.005788953653971294
691.0	15.0	1.0	0.0	0.005981653849283813
706.0	15.0	1.0	0.0	0.006590783691406222
721.0	15.0	1.0	0.0	0.006479553222656207
736.0	15.0	1.0	0.0	0.0018062276204426802
751.0	15.0	1.0	0.0	0.0007556477864583133
766.0	15.0	1.0	0.0	0.0014915730794270601
781.0	15.0	1.0	0.0	0.005466414388020813
796.0	15.0	1.0	0.0	0.005093949381510399
811.0	15.0	1.0	0.0	0.0021103515624999805
826.0	15.0	1.0	0.0	0.0024952840169270396
841.0	15.0	1.0	0.0	0.0017609659830728935
856.0	15.0	1.0	0.0	0.0010196818033853868
871.0	15.0	1.0	0.0	0.0014821980794270534
886.0	15.0	1.0	0.0	0.0005656697591145533
901.0	15.0	1.0	0.0	0.00031566569010415326
916.0	15.0	1.0	0.0	0.00013073730468748332
931.0	15.0	1.0	0.0	6.199746429920197e-05
946.0	15.0	1.0	0.0	5.006047983964285e-05
961.0	15.0	1.0	0.0	6.624013980228543e-05
976.0	15.0	1.0	0.0	5.469755331675212e-05
991.0	15.0	1.0	0.0	0.0001521691640217604
1006.0	15.0	1.0	0.0	0.0011704139391580865
1021.0	15.0	1.0	0.0	0.0011704013824462534
1036.0	15.0	1.0	0.0	0.004480327351887967
1051.0	15.0	1.0	0.0	0.006410324605305948
1066.0	15.0	1.0	0.0	0.0035708923339843397
1081.0	15.0	1.0	0.0	0.0023867085774739332
1096.0	15.0	1.0	0.0	0.00731852213541662
1111.0	15.0	1.0	0.0	0.0019985473632811997
1126.0	15.0	1.0	0.0	0.0013226867675780866
1141.0	15.0	1.0	0.0	0.0007262186686197467
1156.0	15.0	1.0	0.0	0.0018073343912759934
1171.0	15.0	1.0	0.0	0.004516361490885387
1186.0	15.0	1.0	0.0	0.0030309407552083062
1201.0	15.0	1.0	0.0	0.003187613932291647
1216.0	15.0	1.0	0.0	0.003316084798177067
1231.0	15.0	1.0	0.0	0.0030736287434895604
1246.0	15.0	1.0	0.0	0.00125978190104164
1261.0	15.0	1.0	0.0	0.0004645874023437267
1276.0	15.0	1.0	0.0	0.0002633056640624734
1291.0	15.0	1.0	0.0	0.00034501953124998
1306.0	15.0	1.0	0.0	0.0004769871711730533
1321.0	15.0	1.0	0.0	0.0002236371676126667
1336.0	15.0	1.0	0.0	0.00012749671936031386
1351.0	15.0	1.0	0.0	0.00012133426666257595
1366.0	15.0	1.0	0.0	0.00013836447397863337
1381.0	15.0	1.0	0.0	0.00035508143107092005
1396.0	15.0	1.0	0.0	0.0025391101837157737
1411.0	15.0	1.0	0.0	0.004016273498535106
1426.0	15.0	1.0	0.0	0.0018824849446614064
1441.0	15.0	1.0	0.0	0.0033259155273437074
1456.0	15.0	1.0	0.0	0.0033189219156900536
1471.0	15.0	1.0	0.0	0.0038636566162109066
1486.0	15.0	1.0	0.0	0.0022873962402343334
1501.0	15.0	1.0	0.0	0.0059944132486978805
1516.0	15.0	1.0	0.0	0.0038249674479166403
1531.0	15.0	1.0	0.0	0.00435760498046872
1546.0	15.0	1.0	0.0	0.00415342610677082
1561.0	15.0	1.0	0.0	0.004872615559895799
1576.0	15.0	1.0	0.0	0.0025425048828124743
1591.0	15.0	1.0	0.0	0.00128590901692706
1606.0	15.0	1.0	0.0	0.0006830647786457999
1621.0	15.0	1.0	0.0	0.0018861938476562267
1636.0	15.0	1.0	0.0	0.00129781901041664
1651.0	15.0	1.0	0.0	0.0006961018880208134
1666.0	15.0	1.0	0.0	0.00047970399856563995
1681.0	15.0	1.0	0.0	0.0002580623308816933
1696.0	15.0	1.0	0.0	0.00011066640218096078
1711.0	15.0	1.0	0.0	7.446943918863543e-05
1726.0	15.0	1.0	0.0	0.00011092548370359432
1741.0	15.0	1.0	0.0	0.00011778291066483333
1756.0	15.0	1.0	0.0	0.00031309839884434
1771.0	15.0	1.0	0.0	0.0020512339274088203
1786.0	15.0	1.0	0.0	0.00702514088948562
1801.0	15.0	1.0	0.0	0.006678684488932241
1816.0	15.0	1.0	0.0	0.0019941741943358933
1831.0	15.0	1.0	0.0	0.0009721557617187001
1846.0	15.0	1.0	0.0	0.004304028320312453
1861.0	15.0	1.0	0.0	0.0061290995279947545
1876.0	15.0	1.0	0.0	0.0026838073730468272
1891.0	15.0	1.0	0.0	0.002814052327473934
1906.0	15.0	1.0	0.0	0.00299932861328122
1921.0	15.0	1.0	0.0	0.0012855183919270668
1936.0	15.0	1.0	0.0	0.0008001831054687201
1951.0	15.0	1.0	0.0	0.0005868245442708134
1966.0	15.0	1.0	0.0	0.0007437744140624799
1981.0	15.0	1.0	0.0	0.00046115315755206
1996.0	15.0	1.0	0.0	0.0003153645833333066
2011.0	15.0	1.0	0.0	0.00014796549479165
2026.0	15.0	1.0	0.0	6.868057201306024e-05
2041.0	15.0	1.0	0.0	3.874452958504359e-05
2056.0	15.0	1.0	0.0	3.730332851409912e-05
2071.0	15.0	1.0	0.0	2.3288718859354656e-05
2086.0	15.0	1.0	0.0	0.00012170920372008024
2101.0	15.0	1.0	0.0	0.00019689846038813821
2116.0	15.0	1.0	0.0	0.0034675309181212933
2131.0	15.0	1.0	0.0	0.0060017280578612674
2146.0	15.0	1.0	0.0	0.005424578857421833
2161.0	15.0	1.0	0.0	0.003652559407552046
2176.0	15.0	1.0	0.0	0.0013820149739583
2191.0	15.0	1.0	0.0	0.00182888590494788
2206.0	15.0	1.0	0.0	0.00558906249999996
2221.0	15.0	1.0	0.0	0.006343469238281227
2236.0	15.0	1.0	0.0	0.004937481689453113
2251.0	15.0	1.0	0.0	0.0041998453776041335
2266.0	15.0	1.0	0.0	0.005957177734374973
2281.0	15.0	1.0	0.0	0.006159448242187473
2296.0	15.0	1.0	0.0	0.003701281738281227
2311.0	15.0	1.0	0.0	0.005088985188802061
2326.0	15.0	1.0	0.0	0.005821382649739566
2341.0	15.0	1.0	0.0	0.004843603515625
2356.0	15.0	1.0	0.0	0.0012671305338541668
2371.0	15.0	1.0	0.0	0.0003662434895833334
2386.0	15.0	1.0	0.0	0.0001819580078125
2401.0	15.0	1.0	0.0	0.00017421383062994
2416.0	15.0	1.0	0.0	0.00011882100900010781
2431.0	15.0	1.0	0.0	8.870245615640682e-05
2446.0	15.0	1.0	0.0	0.00010151433944700724
2461.0	15.0	1.0	0.0	0.00010594291687007332
2476.0	15.0	1.0	0.0	8.754526774088544e-05
2491.0	15.0	1.0	0.0	0.0010275807062784593
2506.0	15.0	1.0	0.0	0.010995273590087827
2521.0	15.0	1.0	0.0	0.004440758260091106
2536.0	15.0	1.0	0.0	0.0016020528157551798
2551.0	15.0	1.0	0.0	0.0032646667480468266
2566.0	15.0	1.0	0.0	0.0057641560872395406
2581.0	15.0	1.0	0.0	0.0030784179687499665
2596.0	15.0	1.0	0.0	0.0014030985514322531
2611.0	15.0	1.0	0.0	0.00165691731770828
2626.0	15.0	1.0	0.0	0.0017329528808593538
2641.0	15.0	1.0	0.0	0.0007105916341145467
2656.0	15.0	1.0	0.0	0.0007413533528645665
2671.0	15.0	1.0	0.0	0.002846065266927053
2686.0	15.0	1.0	0.0	0.0014893351236978868
2701.0	15.0	1.0	0.0	0.0007156575520833133
2716.0	15.0	1.0	0.0	0.00047543538411456
2731.0	15.0	1.0	0.0	0.00021054687499997998
2746.0	15.0	1.0	0.0	0.00013405354817704667
2761.0	15.0	1.0	0.0	7.541604439417522e-05
2776.0	15.0	1.0	0.0	7.313944101332874e-05
2791.0	15.0	1.0	0.0	5.5323139826456713e-05
2806.0	15.0	1.0	0.0	8.882851600646028e-05
2821.0	15.0	1.0	0.0	7.506670951843263e-05
2836.0	15.0	1.0	0.0	0.0003886116345722975
2851.0	15.0	1.0	0.0	0.0016520833969115667
2866.0	15.0	1.0	0.0	0.005586087799072206
2881.0	15.0	1.0	0.0	0.0026573018391926667
2896.0	15.0	1.0	0.0	0.006240785725911428
2911.0	15.0	1.0	0.0	0.0065726552327473745
2926.0	15.0	1.0	0.0	0.0031869852701822605
2941.0	15.0	1.0	0.0	0.0042186177571614
2956.0	15.0	1.0	0.0	0.0032855651855468334
2971.0	15.0	1.0	0.0	0.006390586344401014
2986.0	15.0	1.0	0.0	0.005218721516927053
3001.0	15.0	1.0	0.0	0.0056045247395833065
3016.0	15.0	1.0	0.0	0.006105326334635394
3031.0	15.0	1.0	0.0	0.005193900553385385
3046.0	15.0	1.0	0.0	0.004524206542968727
3061.0	15.0	1.0	0.0	0.003068343098958327
3076.0	15.0	1.0	0.0	0.0010492757161458333
3091.0	15.0	1.0	0.0	0.0004130533854166666
3106.0	15.0	1.0	0.0	0.00018202311197916668
3121.0	15.0	1.0	0.0	8.961376150449118e-05
3136.0	15.0	1.0	0.0	5.419647892316182e-05
3151.0	15.0	1.0	0.0	4.791203339894613e-05
3166.0	15.0	1.0	0.0	0.0001306952714919763
3181.0	15.0	1.0	0.0	9.71381187438898e-05
3196.0	15.0	1.0	0.0	9.25856590270996e-05
3211.0	15.0	1.0	0.0	0.0005095882733662376
3226.0	15.0	1.0	0.0	0.005516828346252386
3241.0	15.0	1.0	0.0	0.0026244099934895266
3256.0	15.0	1.0	0.0	0.006084944661458281
3271.0	15.0	1.0	0.0	0.002452768961588506
3286.0	15.0	1.0	0.0	0.00101838785807288
3301.0	15.0	1.0	0.0	0.0024421630859374536
3316.0	15.0	1.0	0.0	0.0014227335611978669
3331.0	15.0	1.0	0.0	0.0007291117350259935
3346.0	15.0	1.0	0.0	0.0020389363606770467
3361.0	15.0	1.0	0.0	0.003665706380208293
3376.0	15.0	1.0	0.0	0.0053468668619791335
3391.0	15.0	1.0	0.0	0.006515018717447881
3406.0	15.0	1.0	0.0	0.0028671997070312196
3421.0	15.0	1.0	0.0	0.0031133585611978925
3436.0	15.0	1.0	0.0	0.0016137125651041469
3451.0	15.0	1.0	0.0	0.0010545898437499801
3466.0	15.0	1.0	0.0	0.0003103190104166333
3481.0	15.0	1.0	0.0	0.00019024251302080663
3496.0	15.0	1.0	0.0	0.0002272419134775333
3511.0	15.0	1.0	0.0	0.0005575482527414532
3526.0	15.0	1.0	0.0	0.0010379447937011134
3541.0	15.0	1.0	0.0	0.0007854834238687602
3556.0	15.0	1.0	0.0	0.00045237859090164
3571.0	15.0	1.0	0.0	0.00023298594156895335
3586.0	15.0	1.0	0.0	0.00017487411499017333
3601.0	15.0	1.0	0.0	0.0002447202046711734
3616.0	15.0	1.0	0.0	0.0030924486796060735
3631.0	15.0	1.0	0.0	0.008942644755045527
3646.0	15.0	1.0	0.0	0.0030375671386718337
3661.0	15.0	1.0	0.0	0.004517156982421834
3676.0	15.0	1.0	0.0	0.008027339680989553
3691.0	15.0	1.0	0.0	0.006340995279947886
3706.0	15.0	1.0	0.0	0.0026527587890624736
3721.0	15.0	1.0	0.0	0.001058203124999973
3736.0	15.0	1.0	0.0	0.0025414103190103997
3751.0	15.0	1.0	0.0	0.0030478719075520667
3766.0	15.0	1.0	0.0	0.0037455281575520596
3781.0	15.0	1.0	0.0	0.00234366455078122
3796.0	15.0	1.0	0.0	0.0017073364257812265
3811.0	15.0	1.0	0.0	0.0007649536132812268
3826.0	15.0	1.0	0.0	0.0005420776367187335
3841.0	15.0	1.0	0.0	0.00030933024088538664
3856.0	15.0	1.0	0.0	0.00028493657112119337
3871.0	15.0	1.0	0.0	0.00015013677279148948
3886.0	15.0	1.0	0.0	6.985670725504558e-05
3901.0	15.0	1.0	0.0	3.9819558461507154e-05
3916.0	15.0	1.0	0.0	2.6544443766276044e-05
3931.0	15.0	1.0	0.0	1.9541041056315104e-05
3946.0	15.0	1.0	0.0	0.00015041068394975948
3961.0	15.0	1.0	0.0	0.0041559435526529465
3976.0	15.0	1.0	0.0	0.00488434549967442
3991.0	15.0	1.0	0.0	0.004650614420572866
4006.0	15.0	1.0	0.0	0.007413946533203086
4021.0	15.0	1.0	0.0	0.0019059285481770535
4036.0	15.0	1.0	0.0	0.0009814554850260133
4051.0	15.0	1.0	0.0	0.0020682576497395395
4066.0	15.0	1.0	0.0	0.00188132120768226
4081.0	15.0	1.0	0.0	0.0019120015462239265
4096.0	15.0	1.0	0.0	0.00633040771484372
4111.0	15.0	1.0	0.0	0.003338618977864547
4126.0	15.0	1.0	0.0	0.002580423990885393
4141.0	15.0	1.0	0.0	0.0009586059570312267
4156.0	15.0	1.0	0.0	0.0009082763671874733
4171.0	15.0	1.0	0.0	0.00332392171223956
4186.0	15.0	1.0	0.0	0.0009562703450520533
4201.0	15.0	1.0	0.0	0.00021475423177081331
4216.0	15.0	1.0	0.0	9.089762369790666e-05
4231.0	15.0	1.0	0.0	4.7972265879313135e-05
4246.0	15.0	1.0	0.0	4.053188165028326e-05
4261.0	15.0	1.0	0.0	2.3501086235046387e-05
4276.0	15.0	1.0	0.0	6.973883310953126e-05
4291.0	15.0	1.0	0.0	8.615001042682452e-05
4306.0	15.0	1.0	0.0	0.00012405974070228525
4321.0	15.0	1.0	0.0	0.0033407244046528535
4336.0	15.0	1.0	0.0	0.00564130961100256
4351.0	15.0	1.0	0.0	0.0033277872721353733
4366.0	15.0	1.0	0.0	0.005109996541341099
4381.0	15.0	1.0	0.0	0.0038880004882812067
4396.0	15.0	1.0	0.0	0.00482476806640622
4411.0	15.0	1.0	0.0	0.002156699625651
4426.0	15.0	1.0	0.0	0.00168803914388018
4441.0	15.0	1.0	0.0	0.005601489257812467
4456.0	15.0	1.0	0.0	0.0020397298177083066
4471.0	15.0	1.0	0.0	0.0012592936197916465
4486.0	15.0	1.0	0.0	0.0013629923502603933
4501.0	15.0	1.0	0.0	0.00123351643880206
4516.0	15.0	1.0	0.0	0.00107206217447914
4531.0	15.0	1.0	0.0	0.0036499145507812194
4546.0	15.0	1.0	0.0	0.004564965820312473
4561.0	15.0	1.0	0.0	0.0016629028320312264
4576.0	15.0	1.0	0.0	0.00039208984374997335
4591.0	15.0	1.0	0.0	0.00040178674062088006
4606.0	15.0	1.0	0.0	0.0007804652531941201
4621.0	15.0	1.0	0.0	0.0016161104838052864
4636.0	15.0	1.0	0.0	0.00081025288899734
4651.0	15.0	1.0	0.0	0.00044043960571284673
4666.0	15.0	1.0	0.0	0.0011297429402668735
4681.0	15.0	1.0	0.0	0.0062597468058267795
4696.0	15.0	1.0	0.0	0.004256305948893174
4711.0	15.0	1.0	0.0	0.0025407592773437067
4726.0	15.0	1.0	0.0	0.0038260762532551667
4741.0	15.0	1.0	0.0	0.003964064534505173
4756.0	15.0	1.0	0.0	0.0016202433268228801
4771.0	15.0	1.0	0.0	0.0010279073079426733
4786.0	15.0	1.0	0.0	0.0008058410644530933
4801.0	15.0	1.0	0.0	0.002441481526692666
4816.0	15.0	1.0	0.0	0.0049606363932291325
4831.0	15.0	1.0	0.0	0.0015157877604166398
4846.0	15.0	1.0	0.0	0.00227625325520832
4861.0	15.0	1.0	0.0	0.004509834798177047
4876.0	15.0	1.0	0.0	0.002781144205729133
4891.0	15.0	1.0	0.0	0.00117540690104162
4906.0	15.0	1.0	0.0	0.0005113403320312267
4921.0	15.0	1.0	0.0	0.00031444498697913995
4936.0	15.0	1.0	0.0	0.00047689615885414667
4951.0	15.0	1.0	0.0	0.00024709043105439335
4966.0	15.0	1.0	0.0	0.00013620952367778664
4981.0	15.0	1.0	0.0	9.90578651428209e-05
4996.0	15.0	1.0	0.0	9.167935053505743e-05
5011.0	15.0	1.0	0.0	0.00017658354441320515
5026.0	15.0	1.0	0.0	0.0002976978302001467
5041.0	15.0	1.0	0.0	0.0007287848790486133
5056.0	15.0	1.0	0.0	0.004013214365641226
5071.0	15.0	1.0	0.0	0.007194734700520781
5086.0	15.0	1.0	0.0	0.007435310872395793
5101.0	15.0	1.0	0.0	0.0025721374511718403
5116.0	15.0	1.0	0.0	0.005702097574869739
5131.0	15.0	1.0	0.0	0.006013934326171827
5146.0	15.0	1.0	0.0	0.0030302937825520604
5161.0	15.0	1.0	0.0	0.004979069010416641
5176.0	15.0	1.0	0.0	0.004997827148437475
5191.0	15.0	1.0	0.0	0.002399031575520806
5206.0	15.0	1.0	0.0	0.00148878580729164
5221.0	15.0	1.0	0.0	0.0032273030598958126
5236.0	15.0	1.0	0.0	0.004376000976562461
5251.0	15.0	1.0	0.0	0.0016615437825520535
5266.0	15.0	1.0	0.0	0.0008679239908854
5281.0	15.0	1.0	0.0	0.0004159220377603799
5296.0	15.0	1.0	0.0	0.00014051920572913336
5311.0	15.0	1.0	0.0	9.543863932291e-05
5326.0	15.0	1.0	0.0	6.607507864634195e-05
5341.0	15.0	1.0	0.0	5.445139408111572e-05
5356.0	15.0	1.0	0.0	5.741329193115107e-05
5371.0	15.0	1.0	0.0	5.428767204284486e-05
5386.0	15.0	1.0	0.0	0.00015228088696792716
5401.0	15.0	1.0	0.0	0.00051088498433426
5416.0	15.0	1.0	0.0	0.004989317893981887
5431.0	15.0	1.0	0.0	0.005960103861490847
5446.0	15.0	1.0	0.0	0.008504521687825473
5461.0	15.0	1.0	0.0	0.001972597249348934
5476.0	15.0	1.0	0.0	0.0022999593098957864
5491.0	15.0	1.0	0.0	0.00611046956380204
5506.0	15.0	1.0	0.0	0.00365307413736976
5521.0	15.0	1.0	0.0	0.0014947224934895597
5536.0	15.0	1.0	0.0	0.0009816080729166466
5551.0	15.0	1.0	0.0	0.006723050944010388
5566.0	15.0	1.0	0.0	0.009562491861979145
5581.0	15.0	1.0	0.0	0.004540230305989567
5596.0	15.0	1.0	0.0	0.003712052408854133
5611.0	15.0	1.0	0.0	0.0030389404296874796
5626.0	15.0	1.0	0.0	0.002106416829427067
5641.0	15.0	1.0	0.0	0.0015779663085937266
5656.0	15.0	1.0	0.0	0.0009972656249999932
5671.0	15.0	1.0	0.0	0.0003021809895833334
5686.0	15.0	1.0	0.0	0.00015738661289213337
5701.0	15.0	1.0	0.0	0.00012918735345197999
5716.0	15.0	1.0	0.0	0.00025510627428685696
5731.0	15.0	1.0	0.0	0.0015359421094258202
5746.0	15.0	1.0	0.0	0.0010685649871825667
5761.0	15.0	1.0	0.0	0.0013209671020507332
5776.0	15.0	1.0	0.0	0.0035741622924804267
5791.0	15.0	1.0	0.0	0.009815132649739548
5806.0	15.0	1.0	0.0	0.008592773437499967
5821.0	15.0	1.0	0.0	0.00426903686523434
5836.0	15.0	1.0	0.0	0.004792930094401013
5851.0	15.0	1.0	0.0	0.001807360839843727
5866.0	15.0	1.0	0.0	0.0033212361653645606
5881.0	15.0	1.0	0.0	0.009215043131510387
5896.0	15.0	1.0	0.0	0.005594340006510392
5911.0	15.0	1.0	0.0	0.006090970865885387
5926.0	15.0	1.0	0.0	0.0046833821614583
5941.0	15.0	1.0	0.0	0.003928731282552074
5956.0	15.0	1.0	0.0	0.0020468668619791665
5971.0	15.0	1.0	0.0	0.0015516682942708336
5986.0	15.0	1.0	0.0	0.0011195393880208335
6001.0	15.0	1.0	0.0	0.001865234375
6016.0	15.0	1.0	0.0	0.0009864908854166664
6031.0	15.0	1.0	0.0	0.0006951009114583333
6046.0	15.0	1.0	0.0	0.00033625156879424
6061.0	15.0	1.0	0.0	0.0001538954019546
6076.0	15.0	1.0	0.0	0.00011363956133523588
6091.0	15.0	1.0	0.0	9.803291956583138e-05
6106.0	15.0	1.0	0.0	0.00028113546371454664
6121.0	15.0	1.0	0.0	0.0003714332580566
6136.0	15.0	1.0	0.0	0.0005350903828938334
6151.0	15.0	1.0	0.0	0.00164426803588862
6166.0	15.0	1.0	0.0	0.004386941274007119
6181.0	15.0	1.0	0.0	0.0019551188151041266
6196.0	15.0	1.0	0.0	0.0017464843749999534
6211.0	15.0	1.0	0.0	0.0011823547363280999
6226.0	15.0	1.0	0.0	0.00258740030924474
6241.0	15.0	1.0	0.0	0.0032115142822265403
6256.0	15.0	1.0	0.0	0.001958479817708287
6271.0	15.0	1.0	0.0	0.004677775065104113
6286.0	15.0	1.0	0.0	0.007695064290364554
6301.0	15.0	1.0	0.0	0.004642496744791633
6316.0	15.0	1.0	0.0	0.003008125813802067
6331.0	15.0	1.0	0.0	0.0016774414062499731
6346.0	15.0	1.0	0.0	0.0035741333007812334
6361.0	15.0	1.0	0.0	0.004003515624999967
6376.0	15.0	1.0	0.0	0.0034236531575520595
6391.0	15.0	1.0	0.0	0.0007056925455728933
6406.0	15.0	1.0	0.0	0.0002035481770833067
6421.0	15.0	1.0	0.0	8.853542009988011e-05
6436.0	15.0	1.0	0.0	4.7061403592427574e-05
6451.0	15.0	1.0	0.0	2.8874468803405755e-05
6466.0	15.0	1.0	0.0	2.553626696268718e-05
6481.0	15.0	1.0	0.0	1.7997789382934575e-05
6496.0	15.0	1.0	0.0	6.934440930683732e-05
6511.0	15.0	1.0	0.0	0.00010187603632606118
6526.0	15.0	1.0	0.0	0.00020612697601313335
6541.0	15.0	1.0	0.0	0.0021171288172403533
6556.0	15.0	1.0	0.0	0.0029965728759765065
6571.0	15.0	1.0	0.0	0.0049993860880533335
6586.0	15.0	1.0	0.0	0.0047358795166015195
6601.0	15.0	1.0	0.0	0.0062363505045572604
6616.0	15.0	1.0	0.0	0.003176218668619753
6631.0	15.0	1.0	0.0	0.0014120910644530933
6646.0	15.0	1.0	0.0	0.0017482564290364202
6661.0	15.0	1.0	0.0	0.0024459106445312274
6676.0	15.0	1.0	0.0	0.0037339823404947464
6691.0	15.0	1.0	0.0	0.0010931355794270602
6706.0	15.0	1.0	0.0	0.0009529337565103867
6721.0	15.0	1.0	0.0	0.00124523111979164
6736.0	15.0	1.0	0.0	0.00038974202473955334
6751.0	15.0	1.0	0.0	0.00015709228515622
6766.0	15.0	1.0	0.0	8.843587239582666e-05
6781.0	15.0	1.0	0.0	5.5024298032124845e-05
6796.0	15.0	1.0	0.0	3.5836923122406004e-05
6811.0	15.0	1.0	0.0	2.6065830389658604e-05
6826.0	15.0	1.0	0.0	5.149035453795839e-05
6841.0	15.0	1.0	0.0	3.9912827809646575e-05
6856.0	15.0	1.0	0.0	0.0003139976024627244
6871.0	15.0	1.0	0.0	0.0021883337338765
6886.0	15.0	1.0	0.0	0.004700998687744086
6901.0	15.0	1.0	0.0	0.0024456873575846006
6916.0	15.0	1.0	0.0	0.0018660847981770467
6931.0	15.0	1.0	0.0	0.00174722086588536
6946.0	15.0	1.0	0.0	0.0029824381510416198
6961.0	15.0	1.0	0.0	0.00436992085774736
6976.0	15.0	1.0	0.0	0.004970564778645801
6991.0	15.0	1.0	0.0	0.005272912597656213
7006.0	15.0	1.0	0.0	0.006804176839192681
7021.0	15.0	1.0	0.0	0.003206831868489553
7036.0	15.0	1.0	0.0	0.0031724487304687406
7051.0	15.0	1.0	0.0	0.0023000081380208067
7066.0	15.0	1.0	0.0	0.0020348063151041464
7081.0	15.0	1.0	0.0	0.0006594523111978932
7096.0	15.0	1.0	0.0	0.0003089477539062267
7111.0	15.0	1.0	0.0	0.0005441487630208
7126.0	15.0	1.0	0.0	0.00027284749348956
7141.0	15.0	1.0	0.0	0.0001103312522172828
7156.0	15.0	1.0	0.0	5.875007013479868e-05
7171.0	15.0	1.0	0.0	4.31862990061442e-05
7186.0	15.0	1.0	0.0	0.00011141719818113504
7201.0	15.0	1.0	0.0	8.527161280314127e-05
7216.0	15.0	1.0	0.0	7.723229726155598e-05
7231.0	15.0	1.0	0.0	0.00010309689839678914
7246.0	15.0	1.0	0.0	0.0008154030164082266
7261.0	15.0	1.0	0.0	0.0026661706288655263
7276.0	15.0	1.0	0.0	0.0028836761474608998
7291.0	15.0	1.0	0.0	0.004057373555501253
7306.0	15.0	1.0	0.0	0.006333340454101521
7321.0	15.0	1.0	0.0	0.0025574910481770464
7336.0	15.0	1.0	0.0	0.004111191813150994
7351.0	15.0	1.0	0.0	0.0027244466145832868
7366.0	15.0	1.0	0.0	0.002939888509114547
7381.0	15.0	1.0	0.0	0.0030427591959635
7396.0	15.0	1.0	0.0	0.002524635823567667
7411.0	15.0	1.0	0.0	0.00269008382161456
7426.0	15.0	1.0	0.0	0.002686527506510394
7441.0	15.0	1.0	0.0	0.0009200968424478934
7456.0	15.0	1.0	0.0	0.0004317952473958
7471.0	15.0	1.0	0.0	0.0003215942382812333
7486.0	15.0	1.0	0.0	0.00022640380859371997
7501.0	15.0	1.0	0.0	0.00015720214843747334
7516.0	15.0	1.0	0.0	0.00011462527116135332
7531.0	15.0	1.0	0.0	9.620101451873171e-05
7546.0	15.0	1.0	0.0	8.988779385883696e-05
7561.0	15.0	1.0	0.0	6.857528686523438e-05
7576.0	15.0	1.0	0.0	5.741504033406576e-05
7591.0	15.0	1.0	0.0	4.13722038269043e-05
7606.0	15.0	1.0	0.0	5.0411478678375545e-05
7621.0	15.0	1.0	0.0	0.0006156889279683243
7636.0	15.0	1.0	0.0	0.008199604924519814
7651.0	15.0	1.0	0.0	0.0034970041910807
7666.0	15.0	1.0	0.0	0.0011164886474608865
7681.0	15.0	1.0	0.0	0.0021973185221353803
7696.0	15.0	1.0	0.0	0.0031292978922525735
7711.0	15.0	1.0	0.0	0.00250183512369788
7726.0	15.0	1.0	0.0	0.00581080525716142
7741.0	15.0	1.0	0.0	0.0017941182454426867
7756.0	15.0	1.0	0.0	0.0028407226562499666
7771.0	15.0	1.0	0.0	0.0049511169433593466
7786.0	15.0	1.0	0.0	0.010052152506510387
7801.0	15.0	1.0	0.0	0.0024416097005208063
7816.0	15.0	1.0	0.0	0.0016662434895833066
7831.0	15.0	1.0	0.0	0.0005055745442708
7846.0	15.0	1.0	0.0	0.0006534952799478933
7861.0	15.0	1.0	0.0	0.0005806437174478932
7876.0	15.0	1.0	0.0	0.0013029513041178068
7891.0	15.0	1.0	0.0	0.0006352076212564533
7906.0	15.0	1.0	0.0	0.00028259061177567335
7921.0	15.0	1.0	0.0	0.00015307985941563336
7936.0	15.0	1.0	0.0	0.00018002103169754668
7951.0	15.0	1.0	0.0	0.00039608039855951996
7966.0	15.0	1.0	0.0	0.0018055679321288536
7981.0	15.0	1.0	0.0	0.00914344126383458
7996.0	15.0	1.0	0.0	0.0041850789388020474
8011.0	15.0	1.0	0.0	0.005937068684895794
8026.0	15.0	1.0	0.0	0.00426762898763016
8041.0	15.0	1.0	0.0	0.0043338724772134995
8056.0	15.0	1.0	0.0	0.0025511454264322535
8071.0	15.0	1.0	0.0	0.001978267415364553
8086.0	15.0	1.0	0.0	0.004265169270833321
8101.0	15.0	1.0	0.0	0.007144274902343739
8116.0	15.0	1.0	0.0	0.003283256022135387
8131.0	15.0	1.0	0.0	0.003160298665364547
8146.0	15.0	1.0	0.0	0.0013915771484374734
8161.0	15.0	1.0	0.0	0.0015852172851562331
8176.0	15.0	1.0	0.0	0.00169952799479164
8191.0	15.0	1.0	0.0	0.0007491373697916399
8206.0	15.0	1.0	0.0	0.00030346679687497335
8221.0	15.0	1.0	0.0	0.00013367513020831002
8236.0	15.0	1.0	0.0	7.215348134438198e-05
8251.0	15.0	1.0	0.0	4.4771968821684514e-05
8266.0	15.0	1.0	0.0	3.637176752090454e-05
8281.0	15.0	1.0	0.0	4.98975435892641e-05
8296.0	15.0	1.0	0.0	6.59418582916233e-05
8311.0	15.0	1.0	0.0	4.178743362426758e-05
8326.0	15.0	1.0	0.0	4.327882130940755e-05
8341.0	15.0	1.0	0.0	4.221461613972982e-05
8356.0	15.0	1.0	0.0	0.0002458491007486755
8371.0	15.0	1.0	0.0	0.0017379330952961732
8386.0	15.0	1.0	0.0	0.003869946289062447
8401.0	15.0	1.0	0.0	0.006826266988118447
8416.0	15.0	1.0	0.0	0.00380696105957028
8431.0	15.0	1.0	0.0	0.0017948588053385067
8446.0	15.0	1.0	0.0	0.005351470947265594
8461.0	15.0	1.0	0.0	0.0042507751464843395
8476.0	15.0	1.0	0.0	0.0037298604329426663
8491.0	15.0	1.0	0.0	0.0050617716471353805
8506.0	15.0	1.0	0.0	0.005324100748697899
8521.0	15.0	1.0	0.0	0.0019308186848958136
8536.0	15.0	1.0	0.0	0.0007407714843749667
8551.0	15.0	1.0	0.0	0.0009316243489583001
8566.0	15.0	1.0	0.0	0.0004167480468749667
8581.0	15.0	1.0	0.0	0.00026571044921873334
8596.0	15.0	1.0	0.0	0.0002832885742187133
8611.0	15.0	1.0	0.0	0.0004924764315286867
8626.0	15.0	1.0	0.0	0.00031126451492304665
8641.0	15.0	1.0	0.0	0.00035198427836094
8656.0	15.0	1.0	0.0	0.0001781047821044467
8671.0	15.0	1.0	0.0	8.92248789469249e-05
8686.0	15.0	1.0	0.0	5.99389394124349e-05
8701.0	15.0	1.0	0.0	9.718093872068354e-05
8716.0	15.0	1.0	0.0	0.00025058453877762666
8731.0	15.0	1.0	0.0	0.008735864639282194
8746.0	15.0	1.0	0.0	0.004389479573567666
8761.0	15.0	1.0	0.0	0.0022389485677082933
8776.0	15.0	1.0	0.0	0.004406913248697879
8791.0	15.0	1.0	0.0	0.006384277343749959
8806.0	15.0	1.0	0.0	0.006261055501302033
8821.0	15.0	1.0	0.0	0.006796065266927066
8836.0	15.0	1.0	0.0	0.002740738932291647
8851.0	15.0	1.0	0.0	0.0016323852539062266
8866.0	15.0	1.0	0.0	0.006850170898437481
8881.0	15.0	1.0	0.0	0.004784448242187467
8896.0	15.0	1.0	0.0	0.005879239908854147
8911.0	15.0	1.0	0.0	0.0034257649739582933
8926.0	15.0	1.0	0.0	0.00089213053385414
8941.0	15.0	1.0	0.0	0.0003318074544270666
8956.0	15.0	1.0	0.0	0.00013863932291663332
8971.0	15.0	1.0	0.0	0.00012965609629944668
8986.0	15.0	1.0	0.0	0.0001547324935594733
9001.0	15.0	1.0	0.0	0.0004199240525563133
9016.0	15.0	1.0	0.0	0.00125329500834142
9031.0	15.0	1.0	0.0	0.0010114088694254
9046.0	15.0	1.0	0.0	0.0017777908325194733
9061.0	15.0	1.0	0.0	0.002881504821777293
9076.0	15.0	1.0	0.0	0.0022041554768879867
9091.0	15.0	1.0	0.0	0.005341730753580687
9106.0	15.0	1.0	0.0	0.002812054443359327
9121.0	15.0	1.0	0.0	0.006668017578124974
9136.0	15.0	1.0	0.0	0.004966628011067667
9151.0	15.0	1.0	0.0	0.004092657470703079
9166.0	15.0	1.0	0.0	0.0047742329915364335
9181.0	15.0	1.0	0.0	0.005541548665364553
9196.0	15.0	1.0	0.0	0.00427545979817706
9211.0	15.0	1.0	0.0	0.005943245442708306
9226.0	15.0	1.0	0.0	0.002564831542968733
9241.0	15.0	1.0	0.0	0.0017770222981770532
9256.0	15.0	1.0	0.0	0.0012215250651041465
9271.0	15.0	1.0	0.0	0.0006934977213541266
9286.0	15.0	1.0	0.0	0.0005262329101562266
9301.0	15.0	1.0	0.0	0.00019699707031247334
9316.0	15.0	1.0	0.0	0.00010993652343749331
9331.0	15.0	1.0	0.0	6.487999707460403e-05
9346.0	15.0	1.0	0.0	4.8036079108709606e-05
9361.0	15.0	1.0	0.0	3.20935606956482e-05
9376.0	15.0	1.0	0.0	7.359095414479077e-05
9391.0	15.0	1.0	0.0	6.185520490010579e-05
9406.0	15.0	1.0	0.0	6.666642824808757e-05
9421.0	15.0	1.0	0.0	0.00011493495305376775
9436.0	15.0	1.0	0.0	0.0006581829071044467
9451.0	15.0	1.0	0.0	0.0028570990880329803
9466.0	15.0	1.0	0.0	0.0015898061116536002
9481.0	15.0	1.0	0.0	0.005762278747558553
9496.0	15.0	1.0	0.0	0.0014448852539062132
9511.0	15.0	1.0	0.0	0.00311599833170568
9526.0	15.0	1.0	0.0	0.00134773356119786
9541.0	15.0	1.0	0.0	0.0010359598795572536
9556.0	15.0	1.0	0.0	0.005219555664062454
9571.0	15.0	1.0	0.0	0.0044586568196614135
9586.0	15.0	1.0	0.0	0.00324259440104164
9601.0	15.0	1.0	0.0	0.00308537190755204
9616.0	15.0	1.0	0.0	0.0009679036458333065
9631.0	15.0	1.0	0.0	0.00218229573567706
9646.0	15.0	1.0	0.0	0.005249955240885387
9661.0	15.0	1.0	0.0	0.0012614298502603932
9676.0	15.0	1.0	0.0	0.00023893229166663333
9691.0	15.0	1.0	0.0	9.272460937499666e-05
9706.0	15.0	1.0	0.0	7.57930199305143e-05
9721.0	15.0	1.0	0.0	4.3264206250508633e-05
9736.0	15.0	1.0	0.0	3.662151495615642e-05
9751.0	15.0	1.0	0.0	6.842935085295652e-05
9766.0	15.0	1.0	0.0	0.00012744429906206016
9781.0	15.0	1.0	0.0	0.00011105868021641334
9796.0	15.0	1.0	0.0	0.00013792711893715224
9811.0	15.0	1.0	0.0	0.0008728513717651068
9826.0	15.0	1.0	0.0	0.002893692143758093
9841.0	15.0	1.0	0.0	0.0035831436157226196
9856.0	15.0	1.0	0.0	0.0041273056030272995
9871.0	15.0	1.0	0.0	0.006520180257161414
9886.0	15.0	1.0	0.0	0.0062826436360676734
9901.0	15.0	1.0	0.0	0.0014555196126301597
9916.0	15.0	1.0	0.0	0.00100684000651038
9931.0	15.0	1.0	0.0	0.0012726420084635006
9946.0	15.0	1.0	0.0	0.0016666178385416333
9961.0	15.0	1.0	0.0	0.00436999918619788
9976.0	15.0	1.0	0.0	0.003901086425781227
9991.0	15.0	1.0	0.0	0.0025131022135416337
10006.0	15.0	1.0	0.0	0.0018658284505208135
10021.0	15.0	1.0	0.0	0.0004927571614583066
10036.0	15.0	1.0	0.0	0.00028252766927081333
10051.0	15.0	1.0	0.0	0.00020609130859374004
10066.0	15.0	1.0	0.0	0.0001342603246370467
10081.0	15.0	1.0	0.0	8.755095402399698e-05
10096.0	15.0	1.0	0.0	5.973854064941406e-05
10111.0	15.0	1.0	0.0	3.885080019632975e-05
10126.0	15.0	1.0	0.0	2.5719213485717774e-05
10141.0	15.0	1.0	0.0	7.849364280699988e-05
10156.0	15.0	1.0	0.0	0.0015312005043029485
10171.0	15.0	1.0	0.0	0.004046971257527614
10186.0	15.0	1.0	0.0	0.0076562408447265196
10201.0	15.0	1.0	0.0	0.010299402872721313
10216.0	15.0	1.0	0.0	0.005914080810546842
10231.0	15.0	1.0	0.0	0.004323817952473921
10246.0	15.0	1.0	0.0	0.006035280354817688
10261.0	15.0	1.0	0.0	0.00591137288411456
10276.0	15.0	1.0	0.0	0.003159427897135393
10291.0	15.0	1.0	0.0	0.0018321289062499797
10306.0	15.0	1.0	0.0	0.0008305745442708066
10321.0	15.0	1.0	0.0	0.002198999023437473
10336.0	15.0	1.0	0.0	0.00197768147786456
10351.0	15.0	1.0	0.0	0.0013203857421874804
10366.0	15.0	1.0	0.0	0.00043385416666664653
10381.0	15.0	1.0	0.0	0.0002076293945312333
10396.0	15.0	1.0	0.0	0.00015471598307288667
10411.0	15.0	1.0	0.0	0.00010321858723957332
10426.0	15.0	1.0	0.0	6.472754403948784e-05
10441.0	15.0	1.0	0.0	4.744594569007555e-05
10456.0	15.0	1.0	0.0	3.898457288742066e-05
10471.0	15.0	1.0	0.0	0.00014821055730181995
10486.0	15.0	1.0	0.0	0.00011029372215270211
10501.0	15.0	1.0	0.0	0.0002086900393167667
10516.0	15.0	1.0	0.0	0.00020959339141840664
10531.0	15.0	1.0	0.0	0.0021381270726521465
10546.0	15.0	1.0	0.0	0.0035484479268391334
10561.0	15.0	1.0	0.0	0.007383889261881473
10576.0	15.0	1.0	0.0	0.004662517293294225
10591.0	15.0	1.0	0.0	0.007009419759114553
10606.0	15.0	1.0	0.0	0.005834281412760375
10621.0	15.0	1.0	0.0	0.004478590901692679
10636.0	15.0	1.0	0.0	0.0016633382161458136
10651.0	15.0	1.0	0.0	0.0020545247395833063
10666.0	15.0	1.0	0.0	0.003190242513020814
10681.0	15.0	1.0	0.0	0.006338366699218734
10696.0	15.0	1.0	0.0	0.004593074544270807
10711.0	15.0	1.0	0.0	0.005963073730468726
10726.0	15.0	1.0	0.0	0.005896773274739553
10741.0	15.0	1.0	0.0	0.0025893595377603934
10756.0	15.0	1.0	0.0	0.00196439615885416
10771.0	15.0	1.0	0.0	0.0009593994140625
10786.0	15.0	1.0	0.0	0.00057373046875
10801.0	15.0	1.0	0.0	0.00019980328877761998
10816.0	15.0	1.0	0.0	9.022811253863438e-05
10831.0	15.0	1.0	0.0	4.9355475107828775e-05
10846.0	15.0	1.0	0.0	3.47477912902832e-05
10861.0	15.0	1.0	0.0	8.772856394447865e-05
10876.0	15.0	1.0	0.0	4.5297304789225254e-05
10891.0	15.0	1.0	0.0	6.617053349812426e-05
10906.0	15.0	1.0	0.0	0.00031937160491938
10921.0	15.0	1.0	0.0	0.00628193620045974
10936.0	15.0	1.0	0.0	0.004101569620768193
10951.0	15.0	1.0	0.0	0.0031276824951171397
10966.0	15.0	1.0	0.0	0.0018659667968749535
10981.0	15.0	1.0	0.0	0.00157893778483068
10996.0	15.0	1.0	0.0	0.0029001159667968466
11011.0	15.0	1.0	0.0	0.00134408569335934
11026.0	15.0	1.0	0.0	0.0014930664062499668
11041.0	15.0	1.0	0.0	0.002442380777994747
11056.0	15.0	1.0	0.0	0.0041263264973958
11071.0	15.0	1.0	0.0	0.0025222961425780868
11086.0	15.0	1.0	0.0	0.0037501180013020594
11101.0	15.0	1.0	0.0	0.0016688802083332933
11116.0	15.0	1.0	0.0	0.0007624837239583133
11131.0	15.0	1.0	0.0	0.0009597412109374734
11146.0	15.0	1.0	0.0	0.0012853393554687201
11161.0	15.0	1.0	0.0	0.00046785340309140006
11176.0	15.0	1.0	0.0	0.00015264800389604
11191.0	15.0	1.0	0.0	0.00010105808575946512
11206.0	15.0	1.0	0.0	0.00010283107757565196
11221.0	15.0	1.0	0.0	0.0001001442273457566
11236.0	15.0	1.0	0.0	9.459222157795414e-05
11251.0	15.0	1.0	0.0	0.0007039614359537434
11266.0	15.0	1.0	0.0	0.0031967337290445476
11281.0	15.0	1.0	0.0	0.0036241200764973464
11296.0	15.0	1.0	0.0	0.005228828938802054
11311.0	15.0	1.0	0.0	0.005110206095377567
11326.0	15.0	1.0	0.0	0.0079126057942708
11341.0	15.0	1.0	0.0	0.005335083007812466
11356.0	15.0	1.0	0.0	0.0037763203938801734
11371.0	15.0	1.0	0.0	0.0034376586914062206
11386.0	15.0	1.0	0.0	0.00465540771484372
11401.0	15.0	1.0	0.0	0.0028487752278645597
11416.0	15.0	1.0	0.0	0.0018405639648437133
11431.0	15.0	1.0	0.0	0.0014983683268228998
11446.0	15.0	1.0	0.0	0.0011472615559895802
11461.0	15.0	1.0	0.0	0.004051859537760387
11476.0	15.0	1.0	0.0	0.0012813517252603932
11491.0	15.0	1.0	0.0	0.0005435994466145601
11506.0	15.0	1.0	0.0	0.00019280192057289337
11521.0	15.0	1.0	0.0	0.00011820068359373334
11536.0	15.0	1.0	0.0	9.110771020253149e-05
11551.0	15.0	1.0	0.0	8.473357359567762e-05
11566.0	15.0	1.0	0.0	7.174622217813872e-05
11581.0	15.0	1.0	0.0	7.68775463104246e-05
11596.0	15.0	1.0	0.0	0.00030184955596918
11611.0	15.0	1.0	0.0	0.002001710446675566
11626.0	15.0	1.0	0.0	0.0025093355814615327
11641.0	15.0	1.0	0.0	0.0049449086507160935
11656.0	15.0	1.0	0.0	0.007649945068359347
11671.0	15.0	1.0	0.0	0.0058551208496093405
11686.0	15.0	1.0	0.0	0.003434588623046833
11701.0	15.0	1.0	0.0	0.0018913187662760067
11716.0	15.0	1.0	0.0	0.0010452351888020465
11731.0	15.0	1.0	0.0	0.0006193766276041333
11746.0	15.0	1.0	0.0	0.0005889851888020467
11761.0	15.0	1.0	0.0	0.0010125325520832934
11776.0	15.0	1.0	0.0	0.0016678853352864267
11791.0	15.0	1.0	0.0	0.003686222330729147
11806.0	15.0	1.0	0.0	0.00188358968098956
11821.0	15.0	1.0	0.0	0.0015294108072916406
11836.0	15.0	1.0	0.0	0.0012041137695312332
11851.0	15.0	1.0	0.0	0.00039931233723956
11866.0	15.0	1.0	0.0	0.00013588460286457
11881.0	15.0	1.0	0.0	7.508544921874668e-05
11896.0	15.0	1.0	0.0	5.05565901597341e-05
11911.0	15.0	1.0	0.0	3.8322709004084274e-05
11926.0	15.0	1.0	0.0	2.9228329658508298e-05
11941.0	15.0	1.0	0.0	2.4099636077880865e-05
11956.0	15.0	1.0	0.0	7.971553007759697e-05
11971.0	15.0	1.0	0.0	3.6700026194254554e-05
11986.0	15.0	1.0	0.0	0.00013140784899392648
12001.0	15.0	1.0	0.0	0.0010623973846435068
12016.0	15.0	1.0	0.0	0.0034131323496500196
12031.0	15.0	1.0	0.0	0.0081373621622721
12046.0	15.0	1.0	0.0	0.005579704793294232
12061.0	15.0	1.0	0.0	0.002174503580729127
12076.0	15.0	1.0	0.0	0.0027722859700520393
12091.0	15.0	1.0	0.0	0.007278574625651008
12106.0	15.0	1.0	0.0	0.004149999999999965
12121.0	15.0	1.0	0.0	0.003930603027343727
12136.0	15.0	1.0	0.0	0.003261299641927067
12151.0	15.0	1.0	0.0	0.0062002970377604
12166.0	15.0	1.0	0.0	0.00254642333984372
12181.0	15.0	1.0	0.0	0.0014573608398437269
12196.0	15.0	1.0	0.0	0.0008663818359374867
12211.0	15.0	1.0	0.0	0.0003514770507812333
12226.0	15.0	1.0	0.0	0.0002531372070312333
12241.0	15.0	1.0	0.0	0.00011210937499999
12256.0	15.0	1.0	0.0	0.00012358067830400975
12271.0	15.0	1.0	0.0	6.982462406158446e-05
12286.0	15.0	1.0	0.0	5.425191720326741e-05
12301.0	15.0	1.0	0.0	6.174818674722656e-05
12316.0	15.0	1.0	0.0	8.717900911965887e-05
12331.0	15.0	1.0	0.0	8.524904251098301e-05
12346.0	15.0	1.0	0.0	0.00043986587524409996
12361.0	15.0	1.0	0.0	0.0015717973709105865
12376.0	15.0	1.0	0.0	0.0011761116027831536
12391.0	15.0	1.0	0.0	0.003849602508544887
12406.0	15.0	1.0	0.0	0.003260824584960887
12421.0	15.0	1.0	0.0	0.00226096598307288
12436.0	15.0	1.0	0.0	0.003770369466145773
12451.0	15.0	1.0	0.0	0.005018054199218707
12466.0	15.0	1.0	0.0	0.005554506429036428
12481.0	15.0	1.0	0.0	0.00232482503255204
12496.0	15.0	1.0	0.0	0.003928281656900999
12511.0	15.0	1.0	0.0	0.004604482014973927
12526.0	15.0	1.0	0.0	0.003704117838541639
12541.0	15.0	1.0	0.0	0.00144493815104164
12556.0	15.0	1.0	0.0	0.00267655843098956
12571.0	15.0	1.0	0.0	0.0007599080403645601
12586.0	15.0	1.0	0.0	0.00230749511718748
12601.0	15.0	1.0	0.0	0.00051586100260414
12616.0	15.0	1.0	0.0	0.0001588948567708133
12631.0	15.0	1.0	0.0	7.289038499196373e-05
12646.0	15.0	1.0	0.0	4.363334973653157e-05
12661.0	15.0	1.0	0.0	3.7492124239597396e-05
12676.0	15.0	1.0	0.0	2.9261859258015956e-05
12691.0	15.0	1.0	0.0	2.8779157002766928e-05
12706.0	15.0	1.0	0.0	2.3180834452311203e-05
12721.0	15.0	1.0	0.0	4.722476005553118e-05
12736.0	15.0	1.0	0.0	0.00014323053359982868
12751.0	15.0	1.0	0.0	0.0029341115315754803
12766.0	15.0	1.0	0.0	0.004363415273030561
12781.0	15.0	1.0	0.0	0.00535464477539058
12796.0	15.0	1.0	0.0	0.00650111694335932
12811.0	15.0	1.0	0.0	0.005928312174479132
12826.0	15.0	1.0	0.0	0.005397031656901006
12841.0	15.0	1.0	0.0	0.003533675130208287
12856.0	15.0	1.0	0.0	0.0030460978190103996
12871.0	15.0	1.0	0.0	0.0012913167317708198
12886.0	15.0	1.0	0.0	0.0025617757161458133
12901.0	15.0	1.0	0.0	0.0009217773437499735
12916.0	15.0	1.0	0.0	0.00029666341145831335
12931.0	15.0	1.0	0.0	0.00012659098307289665
12946.0	15.0	1.0	0.0	6.918945312500001e-05
12961.0	15.0	1.0	0.0	4.3151855468749984e-05
12976.0	15.0	1.0	0.0	2.802327473958333e-05
12991.0	15.0	1.0	0.0	2.1555269757906598e-05
13006.0	15.0	1.0	0.0	1.4960514505704243e-05
13021.0	15.0	1.0	0.0	1.0762921969095867e-05
13036.0	15.0	1.0	0.0	0.00016247375806170567
13051.0	15.0	1.0	0.0	0.00042990214029942666
13066.0	15.0	1.0	0.0	0.0016969555536905463
13081.0	15.0	1.0	0.0	0.002908810170491487
13096.0	15.0	1.0	0.0	0.0035112091064452666
13111.0	15.0	1.0	0.0	0.0030316416422525596
13126.0	15.0	1.0	0.0	0.0030002034505207933
13141.0	15.0	1.0	0.0	0.006903021240234332
13156.0	15.0	1.0	0.0	0.008743359374999966
13171.0	15.0	1.0	0.0	0.004138741048177053
13186.0	15.0	1.0	0.0	0.004001647949218727
13201.0	15.0	1.0	0.0	0.006993701171874979
13216.0	15.0	1.0	0.0	0.003421993001302053
13231.0	15.0	1.0	0.0	0.002915157063802046
13246.0	15.0	1.0	0.0	0.0012078857421874668
13261.0	15.0	1.0	0.0	0.0018346638997395668
13276.0	15.0	1.0	0.0	0.00165485026041664
13291.0	15.0	1.0	0.0	0.0007298543294270532
13306.0	15.0	1.0	0.0	0.00030280354817705993
13321.0	15.0	1.0	0.0	0.00013529052734372667
13336.0	15.0	1.0	0.0	8.311360677083001e-05
13351.0	15.0	1.0	0.0	5.4916716615358986e-05
13366.0	15.0	1.0	0.0	0.00011829446852205216
13381.0	15.0	1.0	0.0	0.00010773141384122438
13396.0	15.0	1.0	0.0	0.00012948427200313334
13411.0	15.0	1.0	0.0	0.00011500740051264
13426.0	15.0	1.0	0.0	0.00015574350357051335
13441.0	15.0	1.0	0.0	0.0012400143941243
13456.0	15.0	1.0	0.0	0.002101648203531847
13471.0	15.0	1.0	0.0	0.006898953247070267
13486.0	15.0	1.0	0.0	0.003983624267578073
13501.0	15.0	1.0	0.0	0.006352516682942666
13516.0	15.0	1.0	0.0	0.0037913777669270465
13531.0	15.0	1.0	0.0	0.0015838521321614272
13546.0	15.0	1.0	0.0	0.0019063334147135
13561.0	15.0	1.0	0.0	0.0011786966959634936
13576.0	15.0	1.0	0.0	0.004264562988281207
13591.0	15.0	1.0	0.0	0.0028185852050781
13606.0	15.0	1.0	0.0	0.004841284179687467
13621.0	15.0	1.0	0.0	0.0023097656249999733
13636.0	15.0	1.0	0.0	0.002974121093749967
13651.0	15.0	1.0	0.0	0.006623140462239561
13666.0	15.0	1.0	0.0	0.0017353352864583067
13681.0	15.0	1.0	0.0	0.004651289876302052
13696.0	15.0	1.0	0.0	0.0022171671549478934
13711.0	15.0	1.0	0.0	0.00131890055338538
13726.0	15.0	1.0	0.0	0.0005851977030435666
13741.0	15.0	1.0	0.0	0.0007753770192463666
13756.0	15.0	1.0	0.0	0.0004343775431314534
13771.0	15.0	1.0	0.0	0.00015224011739091333
13786.0	15.0	1.0	0.0	0.00012583300272620387
13801.0	15.0	1.0	0.0	0.00018984082539871337
13816.0	15.0	1.0	0.0	0.0008217081705728733
13831.0	15.0	1.0	0.0	0.006435575358072866
13846.0	15.0	1.0	0.0	0.005652744547525986
13861.0	15.0	1.0	0.0	0.006069268798828092
13876.0	15.0	1.0	0.0	0.004598964436848919
13891.0	15.0	1.0	0.0	0.0024715881347655865
13906.0	15.0	1.0	0.0	0.0010719706217447533
13921.0	15.0	1.0	0.0	0.0006880269368489133
13936.0	15.0	1.0	0.0	0.0012901184082030868
13951.0	15.0	1.0	0.0	0.0013950439453124532
13966.0	15.0	1.0	0.0	0.0019212056477864265
13981.0	15.0	1.0	0.0	0.0018730631510416463
13996.0	15.0	1.0	0.0	0.0016596883138020602
14011.0	15.0	1.0	0.0	0.0011465209960937334
14026.0	15.0	1.0	0.0	0.0005211385091145533
14041.0	15.0	1.0	0.0	0.00022203369140623335
14056.0	15.0	1.0	0.0	9.460449218748999e-05
14071.0	15.0	1.0	0.0	6.249999999999667e-05
14086.0	15.0	1.0	0.0	4.005311330159505e-05
14101.0	15.0	1.0	0.0	3.065497080485026e-05
14116.0	15.0	1.0	0.0	4.331141312917073e-05
14131.0	15.0	1.0	0.0	4.1804750760392136e-05
14146.0	15.0	1.0	0.0	2.5415579477945967e-05
14161.0	15.0	1.0	0.0	3.370537757873536e-05
14176.0	15.0	1.0	0.0	7.053394317625904e-05
14191.0	15.0	1.0	0.0	0.0015007847627003597
14206.0	15.0	1.0	0.0	0.00352803459167476
14221.0	15.0	1.0	0.0	0.0095611663818359
14236.0	15.0	1.0	0.0	0.006798269653320267
14251.0	15.0	1.0	0.0	0.0065626586914062125
14266.0	15.0	1.0	0.0	0.004195434570312467
14281.0	15.0	1.0	0.0	0.0033483032226562194
14296.0	15.0	1.0	0.0	0.004679227701822893
14311.0	15.0	1.0	0.0	0.005064278157552065
14326.0	15.0	1.0	0.0	0.00550968831380206
14341.0	15.0	1.0	0.0	0.0017636108398437268
14356.0	15.0	1.0	0.0	0.0006925333658853999
14371.0	15.0	1.0	0.0	0.0007348999023437268
14386.0	15.0	1.0	0.0	0.0009777628580729
14401.0	15.0	1.0	0.0	0.00026370849609371995
14416.0	15.0	1.0	0.0	0.00018258870442706
14431.0	15.0	1.0	0.0	0.0001586710611978867
14446.0	15.0	1.0	0.0	9.989079634347885e-05
14461.0	15.0	1.0	0.0	6.45262320836385e-05
14476.0	15.0	1.0	0.0	4.1232077280680344e-05
14491.0	15.0	1.0	0.0	2.832366625467936e-05
14506.0	15.0	1.0	0.0	1.9658772150675458e-05
14521.0	15.0	1.0	0.0	2.088502248128255e-05
14536.0	15.0	1.0	0.0	2.6711940765380855e-05
14551.0	15.0	1.0	0.0	0.00027234937349952804
14566.0	15.0	1.0	0.0	0.0011675393422444001
14581.0	15.0	1.0	0.0	0.00430320447285966
14596.0	15.0	1.0	0.0	0.004237347412109333
14611.0	15.0	1.0	0.0	0.005538799031575479
14626.0	15.0	1.0	0.0	0.00613613382975256
14641.0	15.0	1.0	0.0	0.00364051717122392
14656.0	15.0	1.0	0.0	0.0027506774902343336
14671.0	15.0	1.0	0.0	0.0010382324218749601
14686.0	15.0	1.0	0.0	0.0015805989583333
14701.0	15.0	1.0	0.0	0.0026232706705728733
14716.0	15.0	1.0	0.0	0.004897780354817674
14731.0	15.0	1.0	0.0	0.0033191162109374728
14746.0	15.0	1.0	0.0	0.005152343749999973
14761.0	15.0	1.0	0.0	0.0013273722330728933
14776.0	15.0	1.0	0.0	0.00112267659505206
14791.0	15.0	1.0	0.0	0.0007750040690103866
14806.0	15.0	1.0	0.0	0.00026297607421872003
14821.0	15.0	1.0	0.0	0.00013422939777368932
14836.0	15.0	1.0	0.0	7.006483872731527e-05
14851.0	15.0	1.0	0.0	4.179126421610515e-05
14866.0	15.0	1.0	0.0	2.6497411727905276e-05
14881.0	15.0	1.0	0.0	8.178774515786471e-05
14896.0	15.0	1.0	0.0	6.919104258218154e-05
14911.0	15.0	1.0	0.0	7.61316935221331e-05
14926.0	15.0	1.0	0.0	0.0014966484387715002
14941.0	15.0	1.0	0.0	0.00768377291361486
14956.0	15.0	1.0	0.0	0.004671425374348906
14971.0	15.0	1.0	0.0	0.006043082682291628
14986.0	15.0	1.0	0.0	0.0029016337076822394
15001.0	15.0	1.0	0.0	0.003267783610026
15016.0	15.0	1.0	0.0	0.0049006469726562
15031.0	15.0	1.0	0.0	0.004154420979817672
15046.0	15.0	1.0	0.0	0.0009681559244791332
15061.0	15.0	1.0	0.0	0.0012896362304687266
15076.0	15.0	1.0	0.0	0.00170328776041664
15091.0	15.0	1.0	0.0	0.0007530436197916467
15106.0	15.0	1.0	0.0	0.0011102905273437267
15121.0	15.0	1.0	0.0	0.0005465779622395599
15136.0	15.0	1.0	0.0	0.00019474283854164001
15151.0	15.0	1.0	0.0	9.057210286457667e-05
15166.0	15.0	1.0	0.0	7.316894531249667e-05
15181.0	15.0	1.0	0.0	6.44259492556254e-05
15196.0	15.0	1.0	0.0	4.2965527375539146e-05
15211.0	15.0	1.0	0.0	3.7025499343872084e-05
15226.0	15.0	1.0	0.0	2.9465635617574057e-05
15241.0	15.0	1.0	0.0	9.776721000670926e-05
15256.0	15.0	1.0	0.0	0.0001648032029469438
15271.0	15.0	1.0	0.0	0.0011751409848530534
15286.0	15.0	1.0	0.0	0.0020544600168863536
15301.0	15.0	1.0	0.0	0.00262112299601232
15316.0	15.0	1.0	0.0	0.005952048238118446
15331.0	15.0	1.0	0.0	0.006471547444661419
15346.0	15.0	1.0	0.0	0.005677451578776
15361.0	15.0	1.0	0.0	0.006567537434895806
15376.0	15.0	1.0	0.0	0.00337683512369788
15391.0	15.0	1.0	0.0	0.00224104410807288
15406.0	15.0	1.0	0.0	0.002196122233072887
15421.0	15.0	1.0	0.0	0.007270922851562473
15436.0	15.0	1.0	0.0	0.005657173665364555
15451.0	15.0	1.0	0.0	0.003655196126302066
15466.0	15.0	1.0	0.0	0.005773156738281233
15481.0	15.0	1.0	0.0	0.003839152018229139
15496.0	15.0	1.0	0.0	0.0021541178385416537
15511.0	15.0	1.0	0.0	0.0006450480143228867
15526.0	15.0	1.0	0.0	0.0002190999348958
15541.0	15.0	1.0	0.0	9.472627143064134e-05
15556.0	15.0	1.0	0.0	5.319028000036875e-05
15571.0	15.0	1.0	0.0	3.2614664236704515e-05
15586.0	15.0	1.0	0.0	5.956004460652187e-05
15601.0	15.0	1.0	0.0	2.6135905583699547e-05
15616.0	15.0	1.0	0.0	8.171641031899715e-05
15631.0	15.0	1.0	0.0	8.581207593281024e-05
15646.0	15.0	1.0	0.0	0.0002695178667703667
15661.0	15.0	1.0	0.0	0.0060578506469726135
15676.0	15.0	1.0	0.0	0.007691456604003865
15691.0	15.0	1.0	0.0	0.004731566365559866
15706.0	15.0	1.0	0.0	0.0027148681640624737
15721.0	15.0	1.0	0.0	0.0028612813313801866
15736.0	15.0	1.0	0.0	0.00446308593749996
15751.0	15.0	1.0	0.0	0.008102048746744753
15766.0	15.0	1.0	0.0	0.00525057779947914
15781.0	15.0	1.0	0.0	0.003932023111979146
15796.0	15.0	1.0	0.0	0.003556604003906226
15811.0	15.0	1.0	0.0	0.004320601399739553
15826.0	15.0	1.0	0.0	0.006079597981770807
15841.0	15.0	1.0	0.0	0.005171964518229126
15856.0	15.0	1.0	0.0	0.0008405517578124733
15871.0	15.0	1.0	0.0	0.0003345458984374666
15886.0	15.0	1.0	0.0	0.0004318888346354
15901.0	15.0	1.0	0.0	0.0013514892578124801
15916.0	15.0	1.0	0.0	0.0005852670669555267
15931.0	15.0	1.0	0.0	0.0002489102681477333
15946.0	15.0	1.0	0.0	0.00015814946492508666
15961.0	15.0	1.0	0.0	0.00010637645721432201
15976.0	15.0	1.0	0.0	6.373716990152994e-05
15991.0	15.0	1.0	0.0	0.00010125230153399085
16006.0	15.0	1.0	0.0	0.0011506594340005933
16021.0	15.0	1.0	0.0	0.0023329424540201467
16036.0	15.0	1.0	0.0	0.001017568461100213
16051.0	15.0	1.0	0.0	0.0010088368733723533
16066.0	15.0	1.0	0.0	0.008741418457031193
16081.0	15.0	1.0	0.0	0.012222172037760378
16096.0	15.0	1.0	0.0	0.00375674031575516
16111.0	15.0	1.0	0.0	0.005627323404947873
16126.0	15.0	1.0	0.0	0.004989782714843726
16141.0	15.0	1.0	0.0	0.0072997517903645595
16156.0	15.0	1.0	0.0	0.00381954345703124
16171.0	15.0	1.0	0.0	0.0013044108072916398
16186.0	15.0	1.0	0.0	0.001318086751302053
16201.0	15.0	1.0	0.0	0.00049552001953122
16216.0	15.0	1.0	0.0	0.00019721272786456
16231.0	15.0	1.0	0.0	9.766845703123668e-05
16246.0	15.0	1.0	0.0	5.8170572916666664e-05
16261.0	15.0	1.0	0.0	3.52783203125e-05
16276.0	15.0	1.0	0.0	2.303149203459422e-05
16291.0	15.0	1.0	0.0	1.548936466375987e-05
16306.0	15.0	1.0	0.0	1.5062900384267172e-05
16321.0	15.0	1.0	0.0	9.736494223276775e-06
16336.0	15.0	1.0	0.0	7.4750661849975574e-06
16351.0	15.0	1.0	0.0	9.349045356112888e-05
16366.0	15.0	1.0	0.0	0.0004682020982106134
16381.0	15.0	1.0	0.0	0.00048514645894364
16396.0	15.0	1.0	0.0	0.0003188672383625866
16411.0	15.0	1.0	0.0	0.0019752108256021732
16426.0	15.0	1.0	0.0	0.0051319587707519074
16441.0	15.0	1.0	0.0	0.007140876770019493
16456.0	15.0	1.0	0.0	0.005776389567057255
16471.0	15.0	1.0	0.0	0.003082273356119753
16486.0	15.0	1.0	0.0	0.004402158610026001
16501.0	15.0	1.0	0.0	0.004135772705078087
16516.0	15.0	1.0	0.0	0.003365399169921847
16531.0	15.0	1.0	0.0	0.0012537272135416263
16546.0	15.0	1.0	0.0	0.0009726765950520667
16561.0	15.0	1.0	0.0	0.0026767903645833068
16576.0	15.0	1.0	0.0	0.00280690104166664
16591.0	15.0	1.0	0.0	0.0016104451497395667
16606.0	15.0	1.0	0.0	0.0006392211914062265
16621.0	15.0	1.0	0.0	0.00017159830729165338
16636.0	15.0	1.0	0.0	7.269006272157034e-05
16651.0	15.0	1.0	0.0	3.8788925607999164e-05
16666.0	15.0	1.0	0.0	4.4897723197931994e-05
16681.0	15.0	1.0	0.0	4.2402259508761924e-05
16696.0	15.0	1.0	0.0	2.0455098152160648e-05
16711.0	15.0	1.0	0.0	1.933279037475586e-05
16726.0	15.0	1.0	0.0	0.0003997607390085354
16741.0	15.0	1.0	0.0	0.0025458378473917067
16756.0	15.0	1.0	0.0	0.00364510904947912
16771.0	15.0	1.0	0.0	0.0027143157958983864
16786.0	15.0	1.0	0.0	0.002389536539713507
16801.0	15.0	1.0	0.0	0.007705846150716112
16816.0	15.0	1.0	0.0	0.004918857828776007
16831.0	15.0	1.0	0.0	0.0030080566406249535
16846.0	15.0	1.0	0.0	0.0021973164876301797
16861.0	15.0	1.0	0.0	0.00402097167968746
16876.0	15.0	1.0	0.0	0.00265304768880206
16891.0	15.0	1.0	0.0	0.0007910847981770667
16906.0	15.0	1.0	0.0	0.0006730305989583199
16921.0	15.0	1.0	0.0	0.0012537760416666403
16936.0	15.0	1.0	0.0	0.0011107381184895535
16951.0	15.0	1.0	0.0	0.00038554687499997326
16966.0	15.0	1.0	0.0	0.00011308593749998333
16981.0	15.0	1.0	0.0	5.254720052083333e-05
16996.0	15.0	1.0	0.0	3.3650716145833334e-05
17011.0	15.0	1.0	0.0	2.0667696992556258e-05
17026.0	15.0	1.0	0.0	1.6496043403943382e-05
17041.0	15.0	1.0	0.0	1.4630005757013958e-05
17056.0	15.0	1.0	0.0	0.0001203134735425125
17071.0	15.0	1.0	0.0	6.336967150369956e-05
17086.0	15.0	1.0	0.0	0.00018436481157933516
17101.0	15.0	1.0	0.0	0.00026106726328527333
17116.0	15.0	1.0	0.0	0.0035216692606607532
17131.0	15.0	1.0	0.0	0.006708040873209594
17146.0	15.0	1.0	0.0	0.007051925659179653
17161.0	15.0	1.0	0.0	0.011899967447916633
17176.0	15.0	1.0	0.0	0.0060855957031249654
17191.0	15.0	1.0	0.0	0.004497391764322887
17206.0	15.0	1.0	0.0	0.0030503540039062264
17221.0	15.0	1.0	0.0	0.003411157226562473
17236.0	15.0	1.0	0.0	0.0034008585611978934
17251.0	15.0	1.0	0.0	0.0014062581380208132
17266.0	15.0	1.0	0.0	0.00051298014322914
17281.0	15.0	1.0	0.0	0.00023123779296873337
17296.0	15.0	1.0	0.0	0.00012818196614582
17311.0	15.0	1.0	0.0	6.713053385416667e-05
17326.0	15.0	1.0	0.0	3.5791015624999995e-05
17341.0	15.0	1.0	0.0	7.644042968749e-05
17356.0	15.0	1.0	0.0	7.276204427083333e-05
17371.0	15.0	1.0	0.0	3.888776103655498e-05
17386.0	15.0	1.0	0.0	5.045980811118635e-05
17401.0	15.0	1.0	0.0	2.369342645009359e-05
17416.0	15.0	1.0	0.0	2.9781993230180744e-05
17431.0	15.0	1.0	0.0	0.00014828803539274229
17446.0	15.0	1.0	0.0	0.0001570960362751667
17461.0	15.0	1.0	0.0	0.00034123735427849997
17476.0	15.0	1.0	0.0	0.0027116570154825394
17491.0	15.0	1.0	0.0	0.00298116378784174
17506.0	15.0	1.0	0.0	0.007894578043619748
17521.0	15.0	1.0	0.0	0.009459147135416634
17536.0	15.0	1.0	0.0	0.004912235514322874
17551.0	15.0	1.0	0.0	0.002763297526041627
17566.0	15.0	1.0	0.0	0.00319242350260412
17581.0	15.0	1.0	0.0	0.007820007324218727
17596.0	15.0	1.0	0.0	0.004249112955729133
17611.0	15.0	1.0	0.0	0.00499777832031248
17626.0	15.0	1.0	0.0	0.004173116048177054
17641.0	15.0	1.0	0.0	0.0033367106119791467
17656.0	15.0	1.0	0.0	0.002354964192708306
17671.0	15.0	1.0	0.0	0.002519217936197887
17686.0	15.0	1.0	0.0	0.0009779418945312268
17701.0	15.0	1.0	0.0	0.0004379272460937133
17716.0	15.0	1.0	0.0	0.0002278483072916467
17731.0	15.0	1.0	0.0	0.00015944966574507337
17746.0	15.0	1.0	0.0	0.00022602833807464
17761.0	15.0	1.0	0.0	0.00017068727811172661
17776.0	15.0	1.0	0.0	8.830251693724303e-05
17791.0	15.0	1.0	0.0	6.346886952717766e-05
17806.0	15.0	1.0	0.0	3.749643961588541e-05
17821.0	15.0	1.0	0.0	2.965984344482422e-05
17836.0	15.0	1.0	0.0	0.0001818483988443711
17851.0	15.0	1.0	0.0	0.0007560376485188266
17866.0	15.0	1.0	0.0	0.00412404543558752
17881.0	15.0	1.0	0.0	0.0029389277140299
17896.0	15.0	1.0	0.0	0.005540353393554646
17911.0	15.0	1.0	0.0	0.00275738830566402
17926.0	15.0	1.0	0.0	0.001395127360026
17941.0	15.0	1.0	0.0	0.004536791992187453
17956.0	15.0	1.0	0.0	0.00468722127278642
17971.0	15.0	1.0	0.0	0.0026416198730468336
17986.0	15.0	1.0	0.0	0.0021480000813801667
18001.0	15.0	1.0	0.0	0.004578715006510394
18016.0	15.0	1.0	0.0	0.002125276692708307
18031.0	15.0	1.0	0.0	0.0012062988281249802
18046.0	15.0	1.0	0.0	0.0004736165364583066
18061.0	15.0	1.0	0.0	0.0001794352213541533
18076.0	15.0	1.0	0.0	8.385823567707666e-05
18091.0	15.0	1.0	0.0	4.370930989583334e-05
18106.0	15.0	1.0	0.0	3.6853444576263425e-05
18121.0	15.0	1.0	0.0	2.0681309700012205e-05
18136.0	15.0	1.0	0.0	1.5590012073516843e-05
18151.0	15.0	1.0	0.0	1.1680761973063152e-05
18166.0	15.0	1.0	0.0	9.296862284342447e-06
18181.0	15.0	1.0	0.0	9.794958432515462e-06
18196.0	15.0	1.0	0.0	0.00013731147448219476
18211.0	15.0	1.0	0.0	0.0008286288738250266
18226.0	15.0	1.0	0.0	0.008711283111572227
18241.0	15.0	1.0	0.0	0.00852233784993486
18256.0	7.0	1.0	0.0	0.0019701974051338712
