stress_period	sp_length	time_step	study (0 : TS or 1 : SS)	rech
0.0	1.0	1.0	1.0	0.0006184978156081998
1.0	21.0	1.0	0.0	0.001667371114095
22.0	21.0	1.0	0.0	0.002576891036260648
43.0	21.0	1.0	0.0	0.0029444194975352853
64.0	21.0	1.0	0.0	0.001975883847191181
85.0	21.0	1.0	0.0	0.0014090074811662478
106.0	21.0	1.0	0.0	0.0005450541178384906
127.0	21.0	1.0	0.0	0.00019983346121649052
148.0	21.0	1.0	0.0	0.00019607398623509642
169.0	21.0	1.0	0.0	9.416707356768808e-05
190.0	21.0	1.0	0.0	4.861740838913691e-05
211.0	21.0	1.0	0.0	5.151666629881689e-05
232.0	21.0	1.0	0.0	2.009625945772444e-05
253.0	21.0	1.0	0.0	1.8613264674232122e-05
274.0	21.0	1.0	0.0	9.714657352082337e-05
295.0	21.0	1.0	0.0	3.272845631554013e-05
316.0	21.0	1.0	0.0	0.0004747576486496331
337.0	21.0	1.0	0.0	0.0005555679230462429
358.0	21.0	1.0	0.0	0.002051345916021386
379.0	21.0	1.0	0.0	0.002324988592238604
400.0	21.0	1.0	0.0	0.0012681005568731046
421.0	21.0	1.0	0.0	0.001382318405877933
442.0	21.0	1.0	0.0	0.0011125517345609618
463.0	21.0	1.0	0.0	0.00040053667340953815
484.0	21.0	1.0	0.0	0.00017015148344490477
505.0	21.0	1.0	0.0	0.00015672520228791252
526.0	21.0	1.0	0.0	5.580502464657737e-05
547.0	21.0	1.0	0.0	2.4414789109002975e-05
568.0	21.0	1.0	0.0	1.344394967669532e-05
589.0	21.0	1.0	0.0	1.152260388646807e-05
610.0	21.0	1.0	0.0	6.7375571954818e-06
631.0	21.0	1.0	0.0	4.382937578927634e-05
652.0	21.0	1.0	0.0	0.00018791216328028362
673.0	21.0	1.0	0.0	0.00034116533824369514
694.0	21.0	1.0	0.0	0.0014553191775366907
715.0	21.0	1.0	0.0	0.0019949404398599763
736.0	21.0	1.0	0.0	0.0009427504766554667
757.0	21.0	1.0	0.0	0.0005117805117652143
778.0	21.0	1.0	0.0	0.0014531133742559095
799.0	21.0	1.0	0.0	0.0014958394368489044
820.0	21.0	1.0	0.0	0.0005295511881510048
841.0	21.0	1.0	0.0	0.00027765837169824766
862.0	21.0	1.0	0.0	0.00010436139787944586
883.0	21.0	1.0	0.0	9.341067359560596e-05
904.0	21.0	1.0	0.0	4.4125511532738085e-05
925.0	21.0	1.0	0.0	2.213131423507418e-05
946.0	21.0	1.0	0.0	1.4868971492562973e-05
967.0	21.0	1.0	0.0	1.8573424645832607e-05
988.0	21.0	1.0	0.0	8.750282582782563e-06
1009.0	21.0	1.0	0.0	5.0532522655657614e-05
1030.0	21.0	1.0	0.0	0.00018238226572669686
1051.0	21.0	1.0	0.0	0.0006070748056683761
1072.0	21.0	1.0	0.0	0.0003165880839029524
1093.0	21.0	1.0	0.0	0.0024336386181058856
1114.0	21.0	1.0	0.0	0.0009539126441591761
1135.0	21.0	1.0	0.0	0.0004905849638438953
1156.0	21.0	1.0	0.0	0.0006982396443684381
1177.0	21.0	1.0	0.0	0.0012413264683314286
1198.0	21.0	1.0	0.0	0.00045132300967258093
1219.0	21.0	1.0	0.0	0.0003195037841796477
1240.0	21.0	1.0	0.0	0.0001836351667131238
1261.0	21.0	1.0	0.0	8.555748349142857e-05
1282.0	21.0	1.0	0.0	4.017857142857143e-05
1303.0	21.0	1.0	0.0	2.1214631341752553e-05
1324.0	21.0	1.0	0.0	1.3097086123057772e-05
1345.0	21.0	1.0	0.0	9.489320573352632e-06
1366.0	21.0	1.0	0.0	7.940198693956648e-06
1387.0	21.0	1.0	0.0	4.149660042353647e-05
1408.0	21.0	1.0	0.0	5.851485048020685e-05
1429.0	21.0	1.0	0.0	0.00018645821298868525
1450.0	21.0	1.0	0.0	0.000842190220242419
1471.0	21.0	1.0	0.0	0.0006622050149099712
1492.0	21.0	1.0	0.0	0.0012270793006533335
1513.0	21.0	1.0	0.0	0.0016146004086448472
1534.0	21.0	1.0	0.0	0.0007389530000232001
1555.0	21.0	1.0	0.0	0.0005368982950845858
1576.0	21.0	1.0	0.0	0.00033261072067982387
1597.0	21.0	1.0	0.0	0.00014908490862161963
1618.0	21.0	1.0	0.0	5.922807965959823e-05
1639.0	21.0	1.0	0.0	3.014628092447917e-05
1660.0	21.0	1.0	0.0	3.821054952485161e-05
1681.0	21.0	1.0	0.0	1.4502864508401778e-05
1702.0	21.0	1.0	0.0	1.0386765003204344e-05
1723.0	21.0	1.0	0.0	1.4722704887390137e-05
1744.0	21.0	1.0	0.0	3.2923505419774104e-05
1765.0	21.0	1.0	0.0	0.00042806297824492056
1786.0	21.0	1.0	0.0	0.0009816112518310001
1807.0	21.0	1.0	0.0	0.0018331792922246428
1828.0	21.0	1.0	0.0	0.0017446234566824287
1849.0	21.0	1.0	0.0	0.0023128847394670382
1870.0	21.0	1.0	0.0	0.0015174153645832857
1891.0	21.0	1.0	0.0	0.0018616768973213765
1912.0	21.0	1.0	0.0	0.0007081168038504096
1933.0	21.0	1.0	0.0	0.00047917247953865226
1954.0	21.0	1.0	0.0	0.0002662687755766048
1975.0	21.0	1.0	0.0	0.0001114080519903095
1996.0	21.0	1.0	0.0	5.4805210658482155e-05
2017.0	21.0	1.0	0.0	3.10945056733631e-05
2038.0	21.0	1.0	0.0	1.8206927038374398e-05
2059.0	21.0	1.0	0.0	1.9645820061365767e-05
2080.0	21.0	1.0	0.0	2.3403031485421315e-05
2101.0	21.0	1.0	0.0	0.0001260879096530558
2122.0	21.0	1.0	0.0	0.0004347332091558001
2143.0	21.0	1.0	0.0	0.0011320611408778046
2164.0	21.0	1.0	0.0	0.0014649062383742047
2185.0	21.0	1.0	0.0	0.0033133007231212325
2206.0	21.0	1.0	0.0	0.003267315092540881
2227.0	21.0	1.0	0.0	0.0021231391543433432
2248.0	21.0	1.0	0.0	0.0014685014997209336
2269.0	21.0	1.0	0.0	0.0013953130812871712
2290.0	21.0	1.0	0.0	0.0009375566755022047
2311.0	21.0	1.0	0.0	0.000666653587704581
2332.0	21.0	1.0	0.0	0.0007398289271763047
2353.0	21.0	1.0	0.0	0.00022426350911453814
2374.0	21.0	1.0	0.0	6.38151622953857e-05
2395.0	21.0	1.0	0.0	0.00016595606292995897
2416.0	21.0	1.0	0.0	2.7288252399081274e-05
2437.0	21.0	1.0	0.0	1.75792205901373e-05
2458.0	21.0	1.0	0.0	1.1945310093107677e-05
2479.0	21.0	1.0	0.0	0.0001672583818435622
2500.0	21.0	1.0	0.0	0.0010767323176065619
2521.0	21.0	1.0	0.0	0.0007063159942626477
2542.0	21.0	1.0	0.0	0.000938834054129419
2563.0	21.0	1.0	0.0	0.0018433926900227472
2584.0	21.0	1.0	0.0	0.000866101582845
2605.0	21.0	1.0	0.0	0.0005795186360676667
2626.0	21.0	1.0	0.0	0.0003592115129742762
2647.0	21.0	1.0	0.0	0.00014949035644525713
2668.0	21.0	1.0	0.0	0.00011057826450888865
2689.0	21.0	1.0	0.0	7.249014718191965e-05
2710.0	21.0	1.0	0.0	3.565688360305059e-05
2731.0	21.0	1.0	0.0	2.5269281296502972e-05
2752.0	21.0	1.0	0.0	1.3845364252726238e-05
2773.0	21.0	1.0	0.0	1.2195453757331486e-05
2794.0	21.0	1.0	0.0	3.242378007797234e-05
2815.0	21.0	1.0	0.0	2.7520421005427603e-05
2836.0	21.0	1.0	0.0	7.487013794125512e-05
2857.0	21.0	1.0	0.0	0.00020902726763765713
2878.0	21.0	1.0	0.0	0.00045911014647706197
2899.0	21.0	1.0	0.0	0.002092215583437914
2920.0	21.0	1.0	0.0	0.0018533846537271712
2941.0	21.0	1.0	0.0	0.0014828614734467478
2962.0	21.0	1.0	0.0	0.0016122087751115665
2983.0	21.0	1.0	0.0	0.0012846178327287523
3004.0	21.0	1.0	0.0	0.0019616299583797947
3025.0	21.0	1.0	0.0	0.001004081362769657
3046.0	21.0	1.0	0.0	0.001466645740327338
3067.0	21.0	1.0	0.0	0.00048778424944192377
3088.0	21.0	1.0	0.0	0.0002496047247023476
3109.0	21.0	1.0	0.0	8.689807710192381e-05
3130.0	21.0	1.0	0.0	3.825852416810535e-05
3151.0	21.0	1.0	0.0	2.0887505440484912e-05
3172.0	21.0	1.0	0.0	1.3268408321198963e-05
3193.0	21.0	1.0	0.0	7.308459849583997e-05
3214.0	21.0	1.0	0.0	0.00019512986001512636
3235.0	21.0	1.0	0.0	0.00021766244797475715
3256.0	21.0	1.0	0.0	0.0007101738793508761
3277.0	21.0	1.0	0.0	0.0005412996382939904
3298.0	21.0	1.0	0.0	0.0012370231265113
3319.0	21.0	1.0	0.0	0.0008874938601538903
3340.0	21.0	1.0	0.0	0.0011879337855747335
3361.0	21.0	1.0	0.0	0.0017180488223120757
3382.0	21.0	1.0	0.0	0.0014732026599702
3403.0	21.0	1.0	0.0	0.00046022324335002866
3424.0	21.0	1.0	0.0	0.0002595214843749619
3445.0	21.0	1.0	0.0	8.750188918338929e-05
3466.0	21.0	1.0	0.0	3.743780226934524e-05
3487.0	21.0	1.0	0.0	7.935615451562438e-05
3508.0	21.0	1.0	0.0	1.613595868859972e-05
3529.0	21.0	1.0	0.0	2.5308796337667258e-05
3550.0	21.0	1.0	0.0	1.3323051588875906e-05
3571.0	21.0	1.0	0.0	0.00015545477185928479
3592.0	21.0	1.0	0.0	0.00018130499976017924
3613.0	21.0	1.0	0.0	0.0003189984730311285
3634.0	21.0	1.0	0.0	0.0007096452258881523
3655.0	21.0	1.0	0.0	0.0012741810934883712
3676.0	21.0	1.0	0.0	0.003581986200241767
3697.0	21.0	1.0	0.0	0.0015145946684337237
3718.0	21.0	1.0	0.0	0.0003762185232979476
3739.0	21.0	1.0	0.0	0.00041296241396945714
3760.0	21.0	1.0	0.0	0.0003526974632626048
3781.0	21.0	1.0	0.0	0.0001794113885788286
3802.0	21.0	1.0	0.0	7.575916108630001e-05
3823.0	21.0	1.0	0.0	3.3959524972098214e-05
3844.0	21.0	1.0	0.0	3.120204380580297e-05
3865.0	21.0	1.0	0.0	1.3311841658183508e-05
3886.0	21.0	1.0	0.0	8.87317174956912e-06
3907.0	21.0	1.0	0.0	6.4930660384041935e-06
3928.0	21.0	1.0	0.0	5.54516769590832e-06
3949.0	21.0	1.0	0.0	0.0002817941308021281
3970.0	21.0	1.0	0.0	0.0006696136565434952
3991.0	21.0	1.0	0.0	0.0020481401171002574
4012.0	21.0	1.0	0.0	0.002699291592552495
4033.0	21.0	1.0	0.0	0.0020264979771205
4054.0	21.0	1.0	0.0	0.0009539358956472857
4075.0	21.0	1.0	0.0	0.0010367874872116284
4096.0	21.0	1.0	0.0	0.00046505591982882376
4117.0	21.0	1.0	0.0	0.00031837172735299995
4138.0	21.0	1.0	0.0	0.00014012727283293274
4159.0	21.0	1.0	0.0	0.00023059445335746665
4180.0	21.0	1.0	0.0	0.00012243725004649404
4201.0	21.0	1.0	0.0	5.074055989583334e-05
4222.0	21.0	1.0	0.0	2.4045509951455254e-05
4243.0	21.0	1.0	0.0	0.00017371231317518893
4264.0	21.0	1.0	0.0	3.133525167192732e-05
4285.0	21.0	1.0	0.0	4.71829459780731e-05
4306.0	21.0	1.0	0.0	0.00018292243140080792
4327.0	21.0	1.0	0.0	0.0005499916076659667
4348.0	21.0	1.0	0.0	0.0011385072072346476
4369.0	21.0	1.0	0.0	0.0026668397812615757
4390.0	21.0	1.0	0.0	0.0033085185459681386
4411.0	21.0	1.0	0.0	0.0016328938802082904
4432.0	21.0	1.0	0.0	0.0018789621988931807
4453.0	21.0	1.0	0.0	0.0008350263323102189
4474.0	21.0	1.0	0.0	0.0003531247093563572
4495.0	21.0	1.0	0.0	0.00017933291480649996
4516.0	21.0	1.0	0.0	8.159819103422025e-05
4537.0	21.0	1.0	0.0	3.9911179315476196e-05
4558.0	21.0	1.0	0.0	2.1737234933035708e-05
4579.0	21.0	1.0	0.0	1.5426095752488997e-05
4600.0	21.0	1.0	0.0	1.338736429100945e-05
4621.0	21.0	1.0	0.0	8.021793195179531e-06
4642.0	21.0	1.0	0.0	7.22183216185797e-06
4663.0	21.0	1.0	0.0	5.395595800308099e-05
4684.0	21.0	1.0	0.0	8.310117608023446e-05
4705.0	21.0	1.0	0.0	0.0005397027106511672
4726.0	21.0	1.0	0.0	0.000992221378144719
4747.0	21.0	1.0	0.0	0.0009042365664527
4768.0	21.0	1.0	0.0	0.0010435309637160143
4789.0	21.0	1.0	0.0	0.0017642982119605141
4810.0	21.0	1.0	0.0	0.0019669639950706383
4831.0	21.0	1.0	0.0	0.0006324077787853047
4852.0	21.0	1.0	0.0	0.0006296510242280144
4873.0	21.0	1.0	0.0	0.0005676749093191523
4894.0	21.0	1.0	0.0	0.00015193684895829524
4915.0	21.0	1.0	0.0	4.700724283854166e-05
4936.0	21.0	1.0	0.0	2.251833961123512e-05
4957.0	21.0	1.0	0.0	1.3206657199632558e-05
4978.0	21.0	1.0	0.0	3.883846104144759e-05
4999.0	21.0	1.0	0.0	2.095140161967941e-05
5020.0	21.0	1.0	0.0	9.422733670189269e-06
5041.0	21.0	1.0	0.0	0.00015544097196485665
5062.0	21.0	1.0	0.0	0.00041484501248309995
5083.0	21.0	1.0	0.0	0.0016346074058895576
5104.0	21.0	1.0	0.0	0.0008594449361164905
5125.0	21.0	1.0	0.0	0.0011870513189406143
5146.0	21.0	1.0	0.0	0.001214335487002367
5167.0	21.0	1.0	0.0	0.0011166112990605905
5188.0	21.0	1.0	0.0	0.0007547803606305378
5209.0	21.0	1.0	0.0	0.0003821084158760618
5230.0	21.0	1.0	0.0	0.0003322020031156572
5251.0	21.0	1.0	0.0	0.0002288091750371571
5272.0	21.0	1.0	0.0	0.00012517511276968334
5293.0	21.0	1.0	0.0	4.473223005022321e-05
5314.0	21.0	1.0	0.0	2.1819226798557103e-05
5335.0	21.0	1.0	0.0	2.0232562507901876e-05
5356.0	21.0	1.0	0.0	1.1098637467338926e-05
5377.0	21.0	1.0	0.0	4.139755453381509e-05
5398.0	21.0	1.0	0.0	5.780810969215266e-05
5419.0	21.0	1.0	0.0	0.00022907133329477675
5440.0	21.0	1.0	0.0	0.001347667126428462
5461.0	21.0	1.0	0.0	0.0013914313543410095
5482.0	21.0	1.0	0.0	0.002348976135253857
5503.0	21.0	1.0	0.0	0.0020231054396855856
5524.0	21.0	1.0	0.0	0.0012737659272693048
5545.0	21.0	1.0	0.0	0.0008614022391182619
5566.0	21.0	1.0	0.0	0.0005535510835192953
5587.0	21.0	1.0	0.0	0.0006204289027622334
5608.0	21.0	1.0	0.0	0.0004394451323009238
5629.0	21.0	1.0	0.0	0.00026778302873880003
5650.0	21.0	1.0	0.0	0.00010143025716144287
5671.0	21.0	1.0	0.0	4.808843703497023e-05
5692.0	21.0	1.0	0.0	5.874767757596929e-05
5713.0	21.0	1.0	0.0	9.60466294061427e-05
5734.0	21.0	1.0	0.0	9.797012238274142e-05
5755.0	21.0	1.0	0.0	6.439138594127838e-05
5776.0	21.0	1.0	0.0	0.0002824609166099428
5797.0	21.0	1.0	0.0	0.0005283987862722714
5818.0	21.0	1.0	0.0	0.0017286425090970953
5839.0	21.0	1.0	0.0	0.0013161350431895955
5860.0	21.0	1.0	0.0	0.0021624606904528765
5881.0	21.0	1.0	0.0	0.0027988898867652044
5902.0	21.0	1.0	0.0	0.0013530026390438572
5923.0	21.0	1.0	0.0	0.0015901111421130574
5944.0	21.0	1.0	0.0	0.0007017066592261477
5965.0	21.0	1.0	0.0	0.00024373081752228088
5986.0	21.0	1.0	0.0	9.692092168896669e-05
6007.0	21.0	1.0	0.0	0.00010906982421874525
6028.0	21.0	1.0	0.0	3.984433128720238e-05
6049.0	21.0	1.0	0.0	3.531574919110135e-05
6070.0	21.0	1.0	0.0	1.866801295961653e-05
6091.0	21.0	1.0	0.0	1.8815483365740092e-05
6112.0	21.0	1.0	0.0	6.482923030852784e-05
6133.0	21.0	1.0	0.0	0.0002783048152923299
6154.0	21.0	1.0	0.0	0.0005755711055936858
6175.0	21.0	1.0	0.0	0.0008122390565417618
6196.0	21.0	1.0	0.0	0.000552811213902019
6217.0	21.0	1.0	0.0	0.0006197963896251333
6238.0	21.0	1.0	0.0	0.0011043076288131952
6259.0	21.0	1.0	0.0	0.0010137710571288569
6280.0	21.0	1.0	0.0	0.0005606961931500715
6301.0	21.0	1.0	0.0	0.0005041191464378286
6322.0	21.0	1.0	0.0	0.00027627999441959516
6343.0	21.0	1.0	0.0	0.00013869439987905714
6364.0	21.0	1.0	0.0	7.9730805896575e-05
6385.0	21.0	1.0	0.0	4.5229230608258926e-05
6406.0	21.0	1.0	0.0	8.283717078821463e-05
6427.0	21.0	1.0	0.0	5.083067289419699e-05
6448.0	21.0	1.0	0.0	1.9446832793099543e-05
6469.0	21.0	1.0	0.0	3.029067743392218e-05
6490.0	21.0	1.0	0.0	4.591192517961084e-05
6511.0	21.0	1.0	0.0	0.00016487493969142612
6532.0	21.0	1.0	0.0	0.00017798421496433023
6553.0	21.0	1.0	0.0	0.0002806156703403429
6574.0	21.0	1.0	0.0	0.0005974100203740571
6595.0	21.0	1.0	0.0	0.0014530222756521571
6616.0	21.0	1.0	0.0	0.0011422558739071238
6637.0	21.0	1.0	0.0	0.001426871890113424
6658.0	21.0	1.0	0.0	0.0006418039231072906
6679.0	21.0	1.0	0.0	0.0005418701171874476
6700.0	21.0	1.0	0.0	0.0001878858293805428
6721.0	21.0	1.0	0.0	0.00010004752022876668
6742.0	21.0	1.0	0.0	4.511006673177083e-05
6763.0	21.0	1.0	0.0	2.3388817196800596e-05
6784.0	21.0	1.0	0.0	1.4079953942980086e-05
6805.0	21.0	1.0	0.0	1.2231071790059407e-05
6826.0	21.0	1.0	0.0	8.25046073822748e-06
6847.0	21.0	1.0	0.0	6.950744560786656e-06
6868.0	21.0	1.0	0.0	5.4379647686358656e-05
6889.0	21.0	1.0	0.0	2.825572944822765e-05
6910.0	21.0	1.0	0.0	0.00041843113445095236
6931.0	21.0	1.0	0.0	0.0002660221826462
6952.0	21.0	1.0	0.0	0.0005559193747383715
6973.0	21.0	1.0	0.0	0.0007609372820172477
6994.0	21.0	1.0	0.0	0.002257012685139933
7015.0	21.0	1.0	0.0	0.0014892105829147479
7036.0	21.0	1.0	0.0	0.0006301407586960095
7057.0	21.0	1.0	0.0	0.00025594729468931903
7078.0	21.0	1.0	0.0	9.809802827379048e-05
7099.0	21.0	1.0	0.0	3.897167387462797e-05
7120.0	21.0	1.0	0.0	4.188319614954584e-05
7141.0	21.0	1.0	0.0	1.4428237009616126e-05
7162.0	21.0	1.0	0.0	2.6448344545701717e-05
7183.0	21.0	1.0	0.0	1.720383621397473e-05
7204.0	21.0	1.0	0.0	1.1684519904000421e-05
7225.0	21.0	1.0	0.0	1.2285334723336356e-05
7246.0	21.0	1.0	0.0	0.00011858071032022554
7267.0	21.0	1.0	0.0	0.0003202969914390524
7288.0	21.0	1.0	0.0	0.00027964846293125715
7309.0	21.0	1.0	0.0	0.000959925061180424
7330.0	21.0	1.0	0.0	0.0009857764471144334
7351.0	21.0	1.0	0.0	0.0006277691069102952
7372.0	21.0	1.0	0.0	0.0004996109008788667
7393.0	21.0	1.0	0.0	0.00039177049909315715
7414.0	21.0	1.0	0.0	0.0002506103515624476
7435.0	21.0	1.0	0.0	0.00015902273995530472
7456.0	21.0	1.0	0.0	7.078879220144851e-05
7477.0	21.0	1.0	0.0	3.6237444196428574e-05
7498.0	21.0	1.0	0.0	0.0001236606766247917
7519.0	21.0	1.0	0.0	1.9581693889839306e-05
7540.0	21.0	1.0	0.0	1.2304987226213724e-05
7561.0	21.0	1.0	0.0	8.662663754962739e-06
7582.0	21.0	1.0	0.0	7.125062601906913e-06
7603.0	21.0	1.0	0.0	0.00011394387199764028
7624.0	21.0	1.0	0.0	0.0009210528419130915
7645.0	21.0	1.0	0.0	0.0025960192907423718
7666.0	21.0	1.0	0.0	0.0017571672712053002
7687.0	21.0	1.0	0.0	0.002341536022367895
7708.0	21.0	1.0	0.0	0.0015148402622767478
7729.0	21.0	1.0	0.0	0.001442177908761119
7750.0	21.0	1.0	0.0	0.0013475690569196
7771.0	21.0	1.0	0.0	0.000827788580031581
7792.0	21.0	1.0	0.0	0.0008715050106956473
7813.0	21.0	1.0	0.0	0.0003080342610676714
7834.0	21.0	1.0	0.0	0.00010313633510043332
7855.0	21.0	1.0	0.0	5.998447963169641e-05
7876.0	21.0	1.0	0.0	3.924996796108427e-05
7897.0	21.0	1.0	0.0	9.865975096110852e-05
7918.0	21.0	1.0	0.0	3.9602302369617284e-05
7939.0	21.0	1.0	0.0	6.274701300120808e-05
7960.0	21.0	1.0	0.0	3.6859716687883655e-05
7981.0	21.0	1.0	0.0	0.00031090298153100084
8002.0	21.0	1.0	0.0	0.0006034681683494523
8023.0	21.0	1.0	0.0	0.0014972983769007521
8044.0	21.0	1.0	0.0	0.0014419254121325862
8065.0	21.0	1.0	0.0	0.0010144606090726808
8086.0	21.0	1.0	0.0	0.0017575262160527759
8107.0	21.0	1.0	0.0	0.0010516459147134904
8128.0	21.0	1.0	0.0	0.0006568516322544239
8149.0	21.0	1.0	0.0	0.00020508611769899995
8170.0	21.0	1.0	0.0	8.238874162945653e-05
8191.0	21.0	1.0	0.0	4.6356201171875004e-05
8212.0	21.0	1.0	0.0	2.55526588076637e-05
8233.0	21.0	1.0	0.0	4.0842245022453464e-05
8254.0	21.0	1.0	0.0	1.938467508270627e-05
8275.0	21.0	1.0	0.0	3.9798114980964787e-05
8296.0	21.0	1.0	0.0	0.00017270347617919188
8317.0	21.0	1.0	0.0	3.263721011933826e-05
8338.0	21.0	1.0	0.0	0.0002915720485505282
8359.0	21.0	1.0	0.0	0.0013839713051205143
8380.0	21.0	1.0	0.0	0.0017096506754556763
8401.0	21.0	1.0	0.0	0.0030852188836960046
8422.0	21.0	1.0	0.0	0.0011883668445405093
8443.0	21.0	1.0	0.0	0.0011278839111327763
8464.0	21.0	1.0	0.0	0.001409088134765581
8485.0	21.0	1.0	0.0	0.0008889501662480955
8506.0	21.0	1.0	0.0	0.0005066346668061237
8527.0	21.0	1.0	0.0	0.00020242527553009047
8548.0	21.0	1.0	0.0	7.809230259486308e-05
8569.0	21.0	1.0	0.0	3.55864025297619e-05
8590.0	21.0	1.0	0.0	1.8949236188616073e-05
8611.0	21.0	1.0	0.0	1.4388647728732651e-05
8632.0	21.0	1.0	0.0	3.460056866917643e-05
8653.0	21.0	1.0	0.0	8.96511191413516e-06
8674.0	21.0	1.0	0.0	3.417688324337827e-05
8695.0	21.0	1.0	0.0	0.00011041477180660779
8716.0	21.0	1.0	0.0	0.0002529663358415764
8737.0	21.0	1.0	0.0	0.0009748749051774761
8758.0	21.0	1.0	0.0	0.0015993534269786477
8779.0	21.0	1.0	0.0	0.0028115951901389862
8800.0	21.0	1.0	0.0	0.002097622462681318
8821.0	21.0	1.0	0.0	0.0014544081914992094
8842.0	21.0	1.0	0.0	0.0008591446649460047
8863.0	21.0	1.0	0.0	0.0008146972656249572
8884.0	21.0	1.0	0.0	0.0005063156854538192
8905.0	21.0	1.0	0.0	0.00019699169340584287
8926.0	21.0	1.0	0.0	7.731701078868274e-05
8947.0	21.0	1.0	0.0	4.207502092633809e-05
8968.0	21.0	1.0	0.0	2.649901594434466e-05
8989.0	21.0	1.0	0.0	1.9510760193779353e-05
9010.0	21.0	1.0	0.0	1.4146688438597182e-05
9031.0	21.0	1.0	0.0	0.00020929996740248015
9052.0	21.0	1.0	0.0	8.95341237385999e-05
9073.0	21.0	1.0	0.0	0.0002615888005210921
9094.0	21.0	1.0	0.0	0.0006868063154674141
9115.0	21.0	1.0	0.0	0.0013141155242919426
9136.0	21.0	1.0	0.0	0.001969773973737395
9157.0	21.0	1.0	0.0	0.002266496930803538
9178.0	21.0	1.0	0.0	0.0028337743849980957
9199.0	21.0	1.0	0.0	0.0009623558407737716
9220.0	21.0	1.0	0.0	0.000507614135742138
9241.0	21.0	1.0	0.0	0.00024780636741997145
9262.0	21.0	1.0	0.0	0.00011048162551150657
9283.0	21.0	1.0	0.0	5.0345284598214285e-05
9304.0	21.0	1.0	0.0	2.5870913550967264e-05
9325.0	21.0	1.0	0.0	1.4990816957184247e-05
9346.0	21.0	1.0	0.0	1.0849059603753544e-05
9367.0	21.0	1.0	0.0	1.1079396520342143e-05
9388.0	21.0	1.0	0.0	9.981390975770495e-06
9409.0	21.0	1.0	0.0	2.614108153751918e-05
9430.0	21.0	1.0	0.0	0.00035505284581863
9451.0	21.0	1.0	0.0	0.0004920797802152618
9472.0	21.0	1.0	0.0	0.0019012374877929285
9493.0	21.0	1.0	0.0	0.001879688444591667
9514.0	21.0	1.0	0.0	0.000747491382417176
9535.0	21.0	1.0	0.0	0.00046495419456840474
9556.0	21.0	1.0	0.0	0.0008527010963076285
9577.0	21.0	1.0	0.0	0.000529570806594081
9598.0	21.0	1.0	0.0	0.0002466183617001095
9619.0	21.0	1.0	0.0	0.0001095137823195482
9640.0	21.0	1.0	0.0	0.00024144926525294103
9661.0	21.0	1.0	0.0	0.000113128662109353
9682.0	21.0	1.0	0.0	4.091607956659227e-05
9703.0	21.0	1.0	0.0	2.09685776914869e-05
9724.0	21.0	1.0	0.0	1.3579702093487696e-05
9745.0	21.0	1.0	0.0	9.422920999072848e-06
9766.0	21.0	1.0	0.0	2.0914387135278614e-05
9787.0	21.0	1.0	0.0	1.603985400426955e-05
9808.0	21.0	1.0	0.0	0.0007996442885625566
9829.0	21.0	1.0	0.0	0.0014673807961599616
9850.0	21.0	1.0	0.0	0.003927411760602628
9871.0	21.0	1.0	0.0	0.005013548351469438
9892.0	21.0	1.0	0.0	0.0011781616210937045
9913.0	21.0	1.0	0.0	0.0004902925037201954
9934.0	21.0	1.0	0.0	0.0002859366280691572
9955.0	21.0	1.0	0.0	0.0005549505324590429
9976.0	21.0	1.0	0.0	0.0004362618582588857
9997.0	21.0	1.0	0.0	0.00020190575009297143
10018.0	21.0	1.0	0.0	8.16737583705226e-05
10039.0	21.0	1.0	0.0	3.3406575520833334e-05
10060.0	21.0	1.0	0.0	1.794807222627458e-05
10081.0	21.0	1.0	0.0	2.18960206423487e-05
10102.0	21.0	1.0	0.0	9.29467167173113e-06
10123.0	21.0	1.0	0.0	6.69900860105242e-06
10144.0	21.0	1.0	0.0	0.00014391957578203718
10165.0	21.0	1.0	0.0	0.00015819342931108876
10186.0	21.0	1.0	0.0	0.0007968174843560572
10207.0	21.0	1.0	0.0	0.0023178858075822623
10228.0	21.0	1.0	0.0	0.0028738875616163857
10249.0	21.0	1.0	0.0	0.0018340330578031523
10270.0	21.0	1.0	0.0	0.0013310009184337335
10291.0	21.0	1.0	0.0	0.0006841634114582857
10312.0	21.0	1.0	0.0	0.00036650666736417613
10333.0	21.0	1.0	0.0	0.000275503249395419
10354.0	21.0	1.0	0.0	0.00012759617396760237
10375.0	21.0	1.0	0.0	4.75950695219494e-05
10396.0	21.0	1.0	0.0	2.3789905366443456e-05
10417.0	21.0	1.0	0.0	1.4767601376488093e-05
10438.0	21.0	1.0	0.0	1.1605203151702881e-05
10459.0	21.0	1.0	0.0	1.310839681398301e-05
10480.0	21.0	1.0	0.0	1.0614297219685147e-05
10501.0	21.0	1.0	0.0	6.729980309804281e-06
10522.0	21.0	1.0	0.0	0.0002381901968092928
10543.0	21.0	1.0	0.0	0.00046918780463078093
10564.0	21.0	1.0	0.0	0.0006806072961715905
10585.0	21.0	1.0	0.0	0.0009571108136857715
10606.0	21.0	1.0	0.0	0.0014922834123883427
10627.0	21.0	1.0	0.0	0.0016237396966842902
10648.0	21.0	1.0	0.0	0.0014191229684011716
10669.0	21.0	1.0	0.0	0.0006684381394158905
10690.0	21.0	1.0	0.0	0.0003940277099608905
10711.0	21.0	1.0	0.0	0.0003151107061476476
10732.0	21.0	1.0	0.0	0.00037869480678008095
10753.0	21.0	1.0	0.0	0.00023775518508179996
10774.0	21.0	1.0	0.0	9.059506370905772e-05
10795.0	21.0	1.0	0.0	6.179915155683153e-05
10816.0	21.0	1.0	0.0	4.11669867379282e-05
10837.0	21.0	1.0	0.0	2.788305282592774e-05
10858.0	21.0	1.0	0.0	3.966239520481504e-05
10879.0	21.0	1.0	0.0	1.5844538098289857e-05
10900.0	21.0	1.0	0.0	0.00018427572931559088
10921.0	21.0	1.0	0.0	0.0007686942418415809
10942.0	21.0	1.0	0.0	0.0011331782568068287
10963.0	21.0	1.0	0.0	0.000922229403541157
10984.0	21.0	1.0	0.0	0.0016910509381975092
11005.0	21.0	1.0	0.0	0.0008410103207542284
11026.0	21.0	1.0	0.0	0.00034090677897131907
11047.0	21.0	1.0	0.0	0.0006016111828031523
11068.0	21.0	1.0	0.0	0.00042326209658664275
11089.0	21.0	1.0	0.0	0.0004388151622953475
11110.0	21.0	1.0	0.0	0.00016289047967816666
11131.0	21.0	1.0	0.0	5.8866228376116075e-05
11152.0	21.0	1.0	0.0	2.8738823852368763e-05
11173.0	21.0	1.0	0.0	1.5480868695747285e-05
11194.0	21.0	1.0	0.0	4.290662493024418e-05
11215.0	21.0	1.0	0.0	2.671329180399294e-05
11236.0	21.0	1.0	0.0	0.00010560870738255417
11257.0	21.0	1.0	0.0	0.0006114523297263907
11278.0	21.0	1.0	0.0	0.0006455178033737382
11299.0	21.0	1.0	0.0	0.003084227244059195
11320.0	21.0	1.0	0.0	0.002018573579334038
11341.0	21.0	1.0	0.0	0.0015798296247209428
11362.0	21.0	1.0	0.0	0.001463822137741776
11383.0	21.0	1.0	0.0	0.0016780816941033903
11404.0	21.0	1.0	0.0	0.0013397870744977286
11425.0	21.0	1.0	0.0	0.0004171157110304761
11446.0	21.0	1.0	0.0	0.0002105829148065143
11467.0	21.0	1.0	0.0	0.00010702514648435119
11488.0	21.0	1.0	0.0	5.293637230282739e-05
11509.0	21.0	1.0	0.0	3.054954892113094e-05
11530.0	21.0	1.0	0.0	1.850547818910508e-05
11551.0	21.0	1.0	0.0	1.2661926803134736e-05
11572.0	21.0	1.0	0.0	3.304919174738831e-05
11593.0	21.0	1.0	0.0	0.00016224851494742545
11614.0	21.0	1.0	0.0	0.00016573290597820877
11635.0	21.0	1.0	0.0	0.0011642616816928953
11656.0	21.0	1.0	0.0	0.0037661517915271144
11677.0	21.0	1.0	0.0	0.0032605968656993574
11698.0	21.0	1.0	0.0	0.0011471768333797905
11719.0	21.0	1.0	0.0	0.0008733564104352239
11740.0	21.0	1.0	0.0	0.0004460194905598476
11761.0	21.0	1.0	0.0	0.0002701735723585856
11782.0	21.0	1.0	0.0	0.000185555594308
11803.0	21.0	1.0	0.0	0.0001587437220981762
11824.0	21.0	1.0	0.0	8.107648577008154e-05
11845.0	21.0	1.0	0.0	9.028407505579821e-05
11866.0	21.0	1.0	0.0	2.6072910853794638e-05
11887.0	21.0	1.0	0.0	1.5204604892503649e-05
11908.0	21.0	1.0	0.0	1.1977187934375944e-05
11929.0	21.0	1.0	0.0	9.530146916707358e-06
11950.0	21.0	1.0	0.0	8.980189050946917e-06
11971.0	21.0	1.0	0.0	3.041632686342192e-05
11992.0	21.0	1.0	0.0	3.791507085164016e-05
12013.0	21.0	1.0	0.0	0.00037529409499392416
12034.0	21.0	1.0	0.0	0.001563423837934171
12055.0	21.0	1.0	0.0	0.001459430331275538
12076.0	21.0	1.0	0.0	0.0009054107666015049
12097.0	21.0	1.0	0.0	0.0016482700166247568
12118.0	21.0	1.0	0.0	0.001264484223865281
12139.0	21.0	1.0	0.0	0.0012350376674106667
12160.0	21.0	1.0	0.0	0.0011387627011253236
12181.0	21.0	1.0	0.0	0.0004297790527343238
12202.0	21.0	1.0	0.0	0.00018205915178567622
12223.0	21.0	1.0	0.0	6.763421921502975e-05
12244.0	21.0	1.0	0.0	2.9643467494419645e-05
12265.0	21.0	1.0	0.0	3.564704599833943e-05
12286.0	21.0	1.0	0.0	1.5479808761959983e-05
12307.0	21.0	1.0	0.0	1.2014247122265043e-05
12328.0	21.0	1.0	0.0	8.18587484813872e-06
12349.0	21.0	1.0	0.0	0.0002739353690828229
12370.0	21.0	1.0	0.0	9.397892724898212e-05
12391.0	21.0	1.0	0.0	0.0003310265768141572
12412.0	21.0	1.0	0.0	0.0003177997952415334
12433.0	21.0	1.0	0.0	0.0021076143355596238
12454.0	21.0	1.0	0.0	0.0019075277419316856
12475.0	21.0	1.0	0.0	0.0010306193033853665
12496.0	21.0	1.0	0.0	0.0011115250360397477
12517.0	21.0	1.0	0.0	0.0005311758858816382
12538.0	21.0	1.0	0.0	0.00027513195219489516
12559.0	21.0	1.0	0.0	0.00012867518833701547
12580.0	21.0	1.0	0.0	5.630129859561014e-05
12601.0	21.0	1.0	0.0	2.8666904994419644e-05
12622.0	21.0	1.0	0.0	1.5796764975502376e-05
12643.0	21.0	1.0	0.0	1.025339961051941e-05
12664.0	21.0	1.0	0.0	0.0002030533722468686
12685.0	21.0	1.0	0.0	1.1439073653448193e-05
12706.0	21.0	1.0	0.0	7.008545739309667e-05
12727.0	21.0	1.0	0.0	0.0002756108783539715
12748.0	21.0	1.0	0.0	0.0012052057357061
12769.0	21.0	1.0	0.0	0.0011013664972213905
12790.0	21.0	1.0	0.0	0.0028117009117489236
12811.0	21.0	1.0	0.0	0.0029647689092726424
12832.0	21.0	1.0	0.0	0.0031062200637090288
12853.0	21.0	1.0	0.0	0.001706776210239914
12874.0	21.0	1.0	0.0	0.0006600545247395476
12895.0	21.0	1.0	0.0	0.0003916713169642476
12916.0	21.0	1.0	0.0	0.00010227021716887618
12937.0	21.0	1.0	0.0	3.919619605654761e-05
12958.0	21.0	1.0	0.0	1.968529110863095e-05
12979.0	21.0	1.0	0.0	0.000111388321433739
13000.0	21.0	1.0	0.0	1.5867693083626883e-05
13021.0	21.0	1.0	0.0	1.0460826612654187e-05
13042.0	21.0	1.0	0.0	0.00015143069482983118
13063.0	21.0	1.0	0.0	4.4718719664074117e-05
13084.0	21.0	1.0	0.0	6.37767201378185e-05
13105.0	21.0	1.0	0.0	0.00011017374765304122
13126.0	21.0	1.0	0.0	0.0006183245068504184
13147.0	21.0	1.0	0.0	0.003116079693748791
13168.0	21.0	1.0	0.0	0.0025616556803385046
13189.0	21.0	1.0	0.0	0.0021636650448753334
13210.0	21.0	1.0	0.0	0.0019508347284225857
13231.0	21.0	1.0	0.0	0.001735625494094081
13252.0	21.0	1.0	0.0	0.0007834341866629144
13273.0	21.0	1.0	0.0	0.00023548089890249044
13294.0	21.0	1.0	0.0	9.050496419269643e-05
13315.0	21.0	1.0	0.0	4.175967261904762e-05
13336.0	21.0	1.0	0.0	2.0390101841517857e-05
13357.0	21.0	1.0	0.0	1.2684658879325505e-05
13378.0	21.0	1.0	0.0	1.2242335648763748e-05
13399.0	21.0	1.0	0.0	7.134508518945604e-06
13420.0	21.0	1.0	0.0	1.7517895925612675e-05
13441.0	21.0	1.0	0.0	0.00019885182948337115
13462.0	21.0	1.0	0.0	0.00034748951594032245
13483.0	21.0	1.0	0.0	0.00035186413356230956
13504.0	21.0	1.0	0.0	0.0012165477389380571
13525.0	21.0	1.0	0.0	0.0008421752566382478
13546.0	21.0	1.0	0.0	0.0004391657511392763
13567.0	21.0	1.0	0.0	0.0004340126400901667
13588.0	21.0	1.0	0.0	0.0004399283272879
13609.0	21.0	1.0	0.0	0.00039128403436564763
13630.0	21.0	1.0	0.0	0.00019006057012644286
13651.0	21.0	1.0	0.0	8.661942254928063e-05
13672.0	21.0	1.0	0.0	0.0008862758818126552
13693.0	21.0	1.0	0.0	0.0007796162196567619
13714.0	21.0	1.0	0.0	0.0002559497753778666
13735.0	21.0	1.0	0.0	0.0001618080082393238
13756.0	21.0	1.0	0.0	6.685779208228371e-05
13777.0	21.0	1.0	0.0	5.677516119820278e-05
13798.0	21.0	1.0	0.0	4.611287798199758e-05
13819.0	21.0	1.0	0.0	0.00029315303620833813
13840.0	21.0	1.0	0.0	0.0009985166277203716
13861.0	21.0	1.0	0.0	0.0025850147065661615
13882.0	21.0	1.0	0.0	0.0022417475382486528
13903.0	21.0	1.0	0.0	0.0010150495256696047
13924.0	21.0	1.0	0.0	0.0006695818219865666
13945.0	21.0	1.0	0.0	0.0002699250720795714
13966.0	21.0	1.0	0.0	0.00014586530412941904
13987.0	21.0	1.0	0.0	9.270876929872799e-05
14008.0	21.0	1.0	0.0	5.996849423363095e-05
14029.0	21.0	1.0	0.0	3.3223470052083333e-05
14050.0	21.0	1.0	0.0	1.9261678059895833e-05
14071.0	21.0	1.0	0.0	1.3870239257812504e-05
14092.0	21.0	1.0	0.0	0.00013057524852808737
14113.0	21.0	1.0	0.0	5.332708358763884e-05
14134.0	21.0	1.0	0.0	1.8088499704996745e-05
14155.0	21.0	1.0	0.0	0.00019306938988819302
14176.0	21.0	1.0	0.0	0.0001577774229503534
14197.0	21.0	1.0	0.0	0.0008073349907284239
14218.0	21.0	1.0	0.0	0.00383063634236649
14239.0	21.0	1.0	0.0	0.002836512247721309
14260.0	21.0	1.0	0.0	0.002089861188616024
14281.0	21.0	1.0	0.0	0.0027488308861141667
14302.0	21.0	1.0	0.0	0.002765665690104133
14323.0	21.0	1.0	0.0	0.002185440790085528
14344.0	21.0	1.0	0.0	0.0007609340122767573
14365.0	21.0	1.0	0.0	0.00021724737258180956
14386.0	21.0	1.0	0.0	8.865211123510952e-05
14407.0	21.0	1.0	0.0	3.9637974330357145e-05
14428.0	21.0	1.0	0.0	4.1011265345977386e-05
14449.0	21.0	1.0	0.0	3.372490264120556e-05
14470.0	21.0	1.0	0.0	2.2073727278482348e-05
14491.0	21.0	1.0	0.0	1.354910362334478e-05
14512.0	21.0	1.0	0.0	7.302516982667865e-05
14533.0	21.0	1.0	0.0	1.5874635605585007e-05
14554.0	21.0	1.0	0.0	0.00020418389638260283
14575.0	21.0	1.0	0.0	0.00043031869615822857
14596.0	21.0	1.0	0.0	0.001201485315958605
14617.0	21.0	1.0	0.0	0.0015128420875185566
14638.0	21.0	1.0	0.0	0.0013347218831379663
14659.0	21.0	1.0	0.0	0.0008146671113513285
14680.0	21.0	1.0	0.0	0.0006624319893972811
14701.0	21.0	1.0	0.0	0.001072070167178157
14722.0	21.0	1.0	0.0	0.0011576051257904956
14743.0	21.0	1.0	0.0	0.0008434891473678858
14764.0	21.0	1.0	0.0	0.00027689179920010955
14785.0	21.0	1.0	0.0	0.00010958063034782143
14806.0	21.0	1.0	0.0	4.178907296487263e-05
14827.0	21.0	1.0	0.0	2.1052617757093338e-05
14848.0	21.0	1.0	0.0	1.315314429146903e-05
14869.0	21.0	1.0	0.0	9.422770568302702e-06
14890.0	21.0	1.0	0.0	1.1011345045907155e-05
14911.0	21.0	1.0	0.0	2.2105813026428224e-05
14932.0	21.0	1.0	0.0	0.00045140435014447394
14953.0	21.0	1.0	0.0	0.0004762625013078429
14974.0	21.0	1.0	0.0	0.0014050999596004951
14995.0	21.0	1.0	0.0	0.0009207182384672143
15016.0	21.0	1.0	0.0	0.0012262863885788237
15037.0	21.0	1.0	0.0	0.0004959898449125239
15058.0	21.0	1.0	0.0	0.00020377458844860952
15079.0	21.0	1.0	0.0	0.00011807432628808987
15100.0	21.0	1.0	0.0	6.558191208611904e-05
15121.0	21.0	1.0	0.0	3.6318824404761905e-05
15142.0	21.0	1.0	0.0	1.937139601934524e-05
15163.0	21.0	1.0	0.0	0.00026774669828866877
15184.0	21.0	1.0	0.0	2.476422275815691e-05
15205.0	21.0	1.0	0.0	1.4103168532961892e-05
15226.0	21.0	1.0	0.0	0.0001913457966985874
15247.0	21.0	1.0	0.0	0.00034104458491002946
15268.0	21.0	1.0	0.0	0.0003449462254841619
15289.0	21.0	1.0	0.0	0.0003055958520798001
15310.0	21.0	1.0	0.0	0.0019044764382498104
15331.0	21.0	1.0	0.0	0.002518151782807805
15352.0	21.0	1.0	0.0	0.0019742598760695237
15373.0	21.0	1.0	0.0	0.0011956016903831382
15394.0	21.0	1.0	0.0	0.0006124318440754764
15415.0	21.0	1.0	0.0	0.0014900265648251
15436.0	21.0	1.0	0.0	0.0017129952566963902
15457.0	21.0	1.0	0.0	0.0009232177734374715
15478.0	21.0	1.0	0.0	0.0007290998186383523
15499.0	21.0	1.0	0.0	0.00024449375697540947
15520.0	21.0	1.0	0.0	7.223510742186788e-05
15541.0	21.0	1.0	0.0	3.115615390595935e-05
15562.0	21.0	1.0	0.0	4.0821393330889764e-05
15583.0	21.0	1.0	0.0	6.608445303779661e-05
15604.0	21.0	1.0	0.0	3.428666932241821e-05
15625.0	21.0	1.0	0.0	0.00015364554950167026
15646.0	21.0	1.0	0.0	0.0005199262528192027
15667.0	21.0	1.0	0.0	0.0019983187175931813
15688.0	21.0	1.0	0.0	0.0016436326163155237
15709.0	21.0	1.0	0.0	0.0017507909138996859
15730.0	21.0	1.0	0.0	0.0026414526076543425
15751.0	21.0	1.0	0.0	0.0042016950334820904
15772.0	21.0	1.0	0.0	0.00158214024135041
15793.0	21.0	1.0	0.0	0.0009837210518972954
15814.0	21.0	1.0	0.0	0.000604374476841481
15835.0	21.0	1.0	0.0	0.00039800153459817626
15856.0	21.0	1.0	0.0	0.000119482131231381
15877.0	21.0	1.0	0.0	4.2525518508184526e-05
15898.0	21.0	1.0	0.0	2.582659040178571e-05
15919.0	21.0	1.0	0.0	2.51828290167309e-05
15940.0	21.0	1.0	0.0	1.819510970796857e-05
15961.0	21.0	1.0	0.0	1.2852123805454798e-05
15982.0	21.0	1.0	0.0	0.00010595952329179658
16003.0	21.0	1.0	0.0	9.797651427131288e-05
16024.0	21.0	1.0	0.0	5.4476351965041386e-05
16045.0	21.0	1.0	0.0	5.313861937749955e-05
16066.0	21.0	1.0	0.0	0.0013761544681730215
16087.0	21.0	1.0	0.0	0.003260934920537999
16108.0	21.0	1.0	0.0	0.0014170365106491282
16129.0	21.0	1.0	0.0	0.0011690543038504002
16150.0	21.0	1.0	0.0	0.0013512209937685522
16171.0	21.0	1.0	0.0	0.00045046633765806194
16192.0	21.0	1.0	0.0	0.00020808773949029046
16213.0	21.0	1.0	0.0	6.763785226004047e-05
16234.0	21.0	1.0	0.0	2.8920491536458326e-05
16255.0	21.0	1.0	0.0	1.5715099516369047e-05
16276.0	21.0	1.0	0.0	9.519838151477633e-06
16297.0	21.0	1.0	0.0	6.680068515595936e-06
16318.0	21.0	1.0	0.0	4.877161412012011e-06
16339.0	21.0	1.0	0.0	3.7039135183606835e-06
16360.0	21.0	1.0	0.0	3.861480241729832e-05
16381.0	21.0	1.0	0.0	3.49806036267932e-05
16402.0	21.0	1.0	0.0	4.924148604982614e-05
16423.0	21.0	1.0	0.0	0.00019002679416107256
16444.0	21.0	1.0	0.0	0.001116888591221362
16465.0	21.0	1.0	0.0	0.000916872024536076
16486.0	21.0	1.0	0.0	0.002189076196579657
16507.0	21.0	1.0	0.0	0.0019036872500464575
16528.0	21.0	1.0	0.0	0.0007259645007905047
16549.0	21.0	1.0	0.0	0.00029529680524550007
16570.0	21.0	1.0	0.0	0.00016837637765062857
16591.0	21.0	1.0	0.0	0.00010449800037200118
16612.0	21.0	1.0	0.0	4.488481794084822e-05
16633.0	21.0	1.0	0.0	2.1953216975643525e-05
16654.0	21.0	1.0	0.0	8.506514735164353e-05
16675.0	21.0	1.0	0.0	1.774594329652332e-05
16696.0	21.0	1.0	0.0	6.456775892347923e-05
16717.0	21.0	1.0	0.0	0.00028649306297297923
16738.0	21.0	1.0	0.0	0.0006089812233333906
16759.0	21.0	1.0	0.0	0.0009442383902413049
16780.0	21.0	1.0	0.0	0.0018481499808174712
16801.0	21.0	1.0	0.0	0.0021002338954380193
16822.0	21.0	1.0	0.0	0.0014546181815010763
16843.0	21.0	1.0	0.0	0.0010081452869233096
16864.0	21.0	1.0	0.0	0.0007170141310918524
16885.0	21.0	1.0	0.0	0.00031355576288127614
16906.0	21.0	1.0	0.0	0.00011300949823285298
16927.0	21.0	1.0	0.0	6.59056163969494e-05
16948.0	21.0	1.0	0.0	3.512718563988096e-05
16969.0	21.0	1.0	0.0	2.0591372535342262e-05
16990.0	21.0	1.0	0.0	1.5622820172991074e-05
17011.0	21.0	1.0	0.0	8.619358851796106e-06
17032.0	21.0	1.0	0.0	6.046979909851437e-06
17053.0	21.0	1.0	0.0	1.7387778986068e-05
17074.0	21.0	1.0	0.0	1.4585080600920178e-05
17095.0	21.0	1.0	0.0	1.2492225283668155e-05
17116.0	21.0	1.0	0.0	0.000490006781759687
17137.0	21.0	1.0	0.0	0.0008380002521332618
17158.0	21.0	1.0	0.0	0.0026071798233758426
17179.0	21.0	1.0	0.0	0.002253812154134072
17200.0	21.0	1.0	0.0	0.0021943679082960855
17221.0	21.0	1.0	0.0	0.0011778273809523285
17242.0	21.0	1.0	0.0	0.0007229970296223477
17263.0	21.0	1.0	0.0	0.00021523684547055234
17284.0	21.0	1.0	0.0	8.248247419084047e-05
17305.0	21.0	1.0	0.0	3.7718999953497026e-05
17326.0	21.0	1.0	0.0	1.8288748604910715e-05
17347.0	21.0	1.0	0.0	1.1793590727306549e-05
17368.0	21.0	1.0	0.0	7.539849373556318e-06
17389.0	21.0	1.0	0.0	5.381158242623012e-06
17410.0	21.0	1.0	0.0	5.8207703488213685e-06
17431.0	21.0	1.0	0.0	1.5002352850777762e-05
17452.0	21.0	1.0	0.0	5.8435837427767524e-05
17473.0	21.0	1.0	0.0	0.0003017861616043531
17494.0	21.0	1.0	0.0	0.0011703149704705572
17515.0	21.0	1.0	0.0	0.003102700551350871
17536.0	21.0	1.0	0.0	0.0024439155941917193
17557.0	21.0	1.0	0.0	0.0016870625813801758
17578.0	21.0	1.0	0.0	0.004051176525297577
17599.0	21.0	1.0	0.0	0.0025768345424106763
17620.0	21.0	1.0	0.0	0.0018084397088913282
17641.0	21.0	1.0	0.0	0.0009008658272879144
17662.0	21.0	1.0	0.0	0.00024893333798359517
17683.0	21.0	1.0	0.0	0.00010653831845236427
17704.0	21.0	1.0	0.0	4.6253022693452375e-05
17725.0	21.0	1.0	0.0	2.2377652515258107e-05
17746.0	21.0	1.0	0.0	2.101392715814568e-05
17767.0	21.0	1.0	0.0	9.86878928684053e-06
17788.0	21.0	1.0	0.0	1.804925430388678e-05
17809.0	21.0	1.0	0.0	5.144009136018004e-05
17830.0	21.0	1.0	0.0	1.7871675037202384e-05
17851.0	21.0	1.0	0.0	0.00010656608854018612
17872.0	21.0	1.0	0.0	0.00019453366597487623
17893.0	21.0	1.0	0.0	0.0011122210366384857
17914.0	21.0	1.0	0.0	0.0011024480547223287
17935.0	21.0	1.0	0.0	0.0022237283615838483
17956.0	21.0	1.0	0.0	0.0009873253958565381
17977.0	21.0	1.0	0.0	0.000524967011951219
17998.0	21.0	1.0	0.0	0.0004958183651878334
18019.0	21.0	1.0	0.0	0.00029269699823285245
18040.0	21.0	1.0	0.0	0.00013822573707214942
18061.0	21.0	1.0	0.0	5.34457252139137e-05
18082.0	21.0	1.0	0.0	2.512323288690476e-05
18103.0	21.0	1.0	0.0	1.5361160039901735e-05
18124.0	21.0	1.0	0.0	9.424863826660882e-06
18145.0	21.0	1.0	0.0	6.508182911645798e-06
18166.0	21.0	1.0	0.0	4.878166176023938e-06
18187.0	21.0	1.0	0.0	4.987632092974957e-05
18208.0	21.0	1.0	0.0	0.00020781626020156455
18229.0	21.0	1.0	0.0	0.0010543981052579764
18250.0	13.0	1.0	0.0	0.0008328544910136999
