stress_period	sp_length	time_step	study (0 : TS or 1 : SS)	rech
0.0	1.0	1.0	1.0	0.00019278781999037598
1.0	15.0	1.0	0.0	0.00048204065958654
16.0	15.0	1.0	0.0	0.0004344258626301601
31.0	15.0	1.0	0.0	0.0004783236185709133
46.0	15.0	1.0	0.0	0.0005629028320312001
61.0	15.0	1.0	0.0	0.0003807907104491666
76.0	15.0	1.0	0.0	0.00020769246419266002
91.0	15.0	1.0	0.0	0.00012565307617182664
106.0	15.0	1.0	0.0	8.129882812499042e-05
121.0	15.0	1.0	0.0	4.205830891927083e-05
136.0	15.0	1.0	0.0	2.3498026529947917e-05
151.0	15.0	1.0	0.0	0.00024835001627602127
166.0	15.0	1.0	0.0	5.2748107910156245e-05
181.0	15.0	1.0	0.0	2.891998291015625e-05
196.0	15.0	1.0	0.0	2.123667399088542e-05
211.0	15.0	1.0	0.0	1.548080543677012e-05
226.0	15.0	1.0	0.0	9.38230057557424e-06
241.0	15.0	1.0	0.0	6.872598330179849e-06
256.0	15.0	1.0	0.0	5.261685450871787e-06
271.0	15.0	1.0	0.0	1.2777650356292727e-05
286.0	15.0	1.0	0.0	5.018484592437745e-06
301.0	15.0	1.0	0.0	3.758080800374349e-06
316.0	15.0	1.0	0.0	3.276360034942627e-06
331.0	15.0	1.0	0.0	3.584929307301839e-06
346.0	15.0	1.0	0.0	9.338484605152459e-05
361.0	15.0	1.0	0.0	5.046753883361059e-05
376.0	15.0	1.0	0.0	7.20267772674542e-05
391.0	15.0	1.0	0.0	0.00014908075332637174
406.0	15.0	1.0	0.0	0.00019705740610753334
421.0	15.0	1.0	0.0	0.00013192424774166248
436.0	15.0	1.0	0.0	7.95140584309896e-05
451.0	15.0	1.0	0.0	7.464771270751553e-05
466.0	15.0	1.0	0.0	4.625943501790364e-05
481.0	15.0	1.0	0.0	2.5818188985188805e-05
496.0	15.0	1.0	0.0	0.00031174132029211595
511.0	15.0	1.0	0.0	4.559783935546875e-05
526.0	15.0	1.0	0.0	2.1622848510742185e-05
541.0	15.0	1.0	0.0	1.271540323893229e-05
556.0	15.0	1.0	0.0	1.1340332031249998e-05
571.0	15.0	1.0	0.0	7.007711629072826e-06
586.0	15.0	1.0	0.0	5.2589481075604765e-06
601.0	15.0	1.0	0.0	4.15159265200297e-06
616.0	15.0	1.0	0.0	5.151508251825969e-06
631.0	15.0	1.0	0.0	4.913051923115029e-05
646.0	15.0	1.0	0.0	6.0814968744902314e-05
661.0	15.0	1.0	0.0	0.00023066546122230263
676.0	15.0	1.0	0.0	8.447764714557648e-05
691.0	15.0	1.0	0.0	3.678528467814128e-05
706.0	15.0	1.0	0.0	0.00023735357920324625
721.0	15.0	1.0	0.0	0.00017944501241042002
736.0	15.0	1.0	0.0	0.00010597101847328348
751.0	15.0	1.0	0.0	7.430559794108074e-05
766.0	15.0	1.0	0.0	5.240580240885417e-05
781.0	15.0	1.0	0.0	0.0004744040171305075
796.0	15.0	1.0	0.0	0.0005598587036132267
811.0	15.0	1.0	0.0	0.00025720952351882665
826.0	15.0	1.0	0.0	0.00011157430013017936
841.0	15.0	1.0	0.0	6.275965372721353e-05
856.0	15.0	1.0	0.0	3.3400980631510414e-05
871.0	15.0	1.0	0.0	1.953404744466146e-05
886.0	15.0	1.0	0.0	1.213531494140625e-05
901.0	15.0	1.0	0.0	8.171081542968751e-06
916.0	15.0	1.0	0.0	5.8929443359375e-06
931.0	15.0	1.0	0.0	6.911930255591869e-06
946.0	15.0	1.0	0.0	4.118485438326995e-06
961.0	15.0	1.0	0.0	3.768665343522153e-05
976.0	15.0	1.0	0.0	4.941288630167642e-06
991.0	15.0	1.0	0.0	3.385096391041243e-05
1006.0	15.0	1.0	0.0	0.0001922959566115979
1021.0	15.0	1.0	0.0	1.0438092549641926e-05
1036.0	15.0	1.0	0.0	8.906205495198566e-06
1051.0	15.0	1.0	0.0	1.690190633138021e-05
1066.0	15.0	1.0	0.0	1.2613964080810546e-05
1081.0	15.0	1.0	0.0	1.192951202392578e-05
1096.0	15.0	1.0	0.0	3.2495848337809234e-05
1111.0	15.0	1.0	0.0	2.297630310058594e-05
1126.0	15.0	1.0	0.0	3.114144007364909e-05
1141.0	15.0	1.0	0.0	2.3009236653645834e-05
1156.0	15.0	1.0	0.0	1.878379185994466e-05
1171.0	15.0	1.0	0.0	9.212621053057272e-05
1186.0	15.0	1.0	0.0	3.315029144287109e-05
1201.0	15.0	1.0	0.0	2.27508544921875e-05
1216.0	15.0	1.0	0.0	1.6337966918945315e-05
1231.0	15.0	1.0	0.0	1.160157521565755e-05
1246.0	15.0	1.0	0.0	8.304405212402344e-06
1261.0	15.0	1.0	0.0	5.950228373209636e-06
1276.0	15.0	1.0	0.0	5.181312561035157e-06
1291.0	15.0	1.0	0.0	3.763389587402343e-06
1306.0	15.0	1.0	0.0	2.9525910814603167e-06
1321.0	15.0	1.0	0.0	2.4549752473831175e-06
1336.0	15.0	1.0	0.0	2.07754522562027e-06
1351.0	15.0	1.0	0.0	1.8048624197642008e-06
1366.0	15.0	1.0	0.0	1.7354756593704222e-06
1381.0	15.0	1.0	0.0	1.665768027305603e-06
1396.0	15.0	1.0	0.0	3.9307687679916146e-05
1411.0	15.0	1.0	0.0	1.4951356252034506e-05
1426.0	15.0	1.0	0.0	9.44661100705404e-05
1441.0	15.0	1.0	0.0	4.7560230890898433e-05
1456.0	15.0	1.0	0.0	0.00011663778622943484
1471.0	15.0	1.0	0.0	7.165044148761973e-05
1486.0	15.0	1.0	0.0	3.697690963745117e-05
1501.0	15.0	1.0	0.0	6.25066439310591e-05
1516.0	15.0	1.0	0.0	6.679487228393555e-05
1531.0	15.0	1.0	0.0	4.572073618570964e-05
1546.0	15.0	1.0	0.0	7.585519154865531e-05
1561.0	15.0	1.0	0.0	0.0004909196853637142
1576.0	15.0	1.0	0.0	0.00014830462137854083
1591.0	15.0	1.0	0.0	6.081924438476562e-05
1606.0	15.0	1.0	0.0	2.8670247395833333e-05
1621.0	15.0	1.0	0.0	0.00011890118916828201
1636.0	15.0	1.0	0.0	1.8859736124674478e-05
1651.0	15.0	1.0	0.0	1.319122314453125e-05
1666.0	15.0	1.0	0.0	8.825452129046123e-06
1681.0	15.0	1.0	0.0	6.3929816087086996e-06
1696.0	15.0	1.0	0.0	4.893893996874491e-06
1711.0	15.0	1.0	0.0	4.317965110143026e-06
1726.0	15.0	1.0	0.0	0.00025901544292765525
1741.0	15.0	1.0	0.0	0.00020038115183510636
1756.0	15.0	1.0	0.0	0.0001645023345946931
1771.0	15.0	1.0	0.0	9.858099619544895e-05
1786.0	15.0	1.0	0.0	0.00010494111378984207
1801.0	15.0	1.0	0.0	0.00011635169982905333
1816.0	15.0	1.0	0.0	8.729057312011198e-05
1831.0	15.0	1.0	0.0	6.379858652750651e-05
1846.0	15.0	1.0	0.0	0.0006062460581461286
1861.0	15.0	1.0	0.0	0.0012273448944091396
1876.0	15.0	1.0	0.0	0.00047498448689774
1891.0	15.0	1.0	0.0	0.00025354359944657333
1906.0	15.0	1.0	0.0	0.00016980463663731997
1921.0	15.0	1.0	0.0	0.00010327021280922148
1936.0	15.0	1.0	0.0	6.624094645182292e-05
1951.0	15.0	1.0	0.0	3.9663441975911466e-05
1966.0	15.0	1.0	0.0	2.485936482747396e-05
1981.0	15.0	1.0	0.0	1.5056355794270835e-05
1996.0	15.0	1.0	0.0	1.00921630859375e-05
2011.0	15.0	1.0	0.0	9.393564860026039e-06
2026.0	15.0	1.0	0.0	5.736872429649035e-06
2041.0	15.0	1.0	0.0	4.3538576612869896e-06
2056.0	15.0	1.0	0.0	3.652116159598033e-06
2071.0	15.0	1.0	0.0	2.9384215672810876e-06
2086.0	15.0	1.0	0.0	1.797367135683063e-05
2101.0	15.0	1.0	0.0	6.0833569367712617e-05
2116.0	15.0	1.0	0.0	0.0006193319082259806
2131.0	15.0	1.0	0.0	0.00020635776519769335
2146.0	15.0	1.0	0.0	0.00042569236755366006
2161.0	15.0	1.0	0.0	0.0002668127695719067
2176.0	15.0	1.0	0.0	0.00017643534342443333
2191.0	15.0	1.0	0.0	0.00011974614461259999
2206.0	15.0	1.0	0.0	0.00022751846313472668
2221.0	15.0	1.0	0.0	0.00040870564778641336
2236.0	15.0	1.0	0.0	0.0015433199564615335
2251.0	15.0	1.0	0.0	0.0009821606953938334
2266.0	15.0	1.0	0.0	0.0003417973836262466
2281.0	15.0	1.0	0.0	0.00026280721028641333
2296.0	15.0	1.0	0.0	0.00021379089355464
2311.0	15.0	1.0	0.0	0.00022139282226557334
2326.0	15.0	1.0	0.0	0.0006850713094074934
2341.0	15.0	1.0	0.0	0.00028852640787755996
2356.0	15.0	1.0	0.0	0.0001231333414713304
2371.0	15.0	1.0	0.0	4.915110270182292e-05
2386.0	15.0	1.0	0.0	2.5567118326822923e-05
2401.0	15.0	1.0	0.0	1.5753644704818726e-05
2416.0	15.0	1.0	0.0	1.0418073336283365e-05
2431.0	15.0	1.0	0.0	7.467055320739747e-06
2446.0	15.0	1.0	0.0	5.6232353051503495e-06
2461.0	15.0	1.0	0.0	1.3397439320882162e-05
2476.0	15.0	1.0	0.0	8.033565680185954e-06
2491.0	15.0	1.0	0.0	8.564325173695882e-06
2506.0	15.0	1.0	0.0	0.00040503548781075966
2521.0	15.0	1.0	0.0	0.00015985177357989396
2536.0	15.0	1.0	0.0	5.612208048502604e-05
2551.0	15.0	1.0	0.0	5.82799911499014e-05
2566.0	15.0	1.0	0.0	0.00029782683054602
2581.0	15.0	1.0	0.0	0.00018510004679358
2596.0	15.0	1.0	0.0	0.0001054885864257502
2611.0	15.0	1.0	0.0	6.589876810709636e-05
2626.0	15.0	1.0	0.0	4.1242853800455726e-05
2641.0	15.0	1.0	0.0	3.897387186685937e-05
2656.0	15.0	1.0	0.0	2.233924865722656e-05
2671.0	15.0	1.0	0.0	1.764640808105469e-05
2686.0	15.0	1.0	0.0	1.256383260091146e-05
2701.0	15.0	1.0	0.0	8.669535319010416e-06
2716.0	15.0	1.0	0.0	6.18133544921875e-06
2731.0	15.0	1.0	0.0	4.627609252929687e-06
2746.0	15.0	1.0	0.0	3.656768798828125e-06
2761.0	15.0	1.0	0.0	2.9461001356442768e-06
2776.0	15.0	1.0	0.0	7.721574281651709e-05
2791.0	15.0	1.0	0.0	6.493099530537924e-06
2806.0	15.0	1.0	0.0	5.614145596822102e-06
2821.0	15.0	1.0	0.0	2.8155326843261724e-06
2836.0	15.0	1.0	0.0	4.3056535720818126e-05
2851.0	15.0	1.0	0.0	0.0006081693967183194
2866.0	15.0	1.0	0.0	0.0008518115997313935
2881.0	15.0	1.0	0.0	0.00094909362792964
2896.0	15.0	1.0	0.0	0.0005486017862955266
2911.0	15.0	1.0	0.0	0.0009177469889322332
2926.0	15.0	1.0	0.0	0.002008410644531207
2941.0	15.0	1.0	0.0	0.0008569854736327533
2956.0	15.0	1.0	0.0	0.0006061670939127067
2971.0	15.0	1.0	0.0	0.0011074269612629667
2986.0	15.0	1.0	0.0	0.00038717651367184663
3001.0	15.0	1.0	0.0	0.0004584615071614068
3016.0	15.0	1.0	0.0	0.0003317921956379867
3031.0	15.0	1.0	0.0	0.0006434600830077732
3046.0	15.0	1.0	0.0	0.00033454691569006004
3061.0	15.0	1.0	0.0	0.0001408203124999725
3076.0	15.0	1.0	0.0	5.638834635416667e-05
3091.0	15.0	1.0	0.0	3.236592610677083e-05
3106.0	15.0	1.0	0.0	1.8574015299479167e-05
3121.0	15.0	1.0	0.0	2.084415499120951e-05
3136.0	15.0	1.0	0.0	1.9388183516760668e-05
3151.0	15.0	1.0	0.0	7.975548505783081e-06
3166.0	15.0	1.0	0.0	5.979839960734051e-06
3181.0	15.0	1.0	0.0	5.970923105874483e-05
3196.0	15.0	1.0	0.0	1.8633206685384112e-05
3211.0	15.0	1.0	0.0	7.030995686848958e-06
3226.0	15.0	1.0	0.0	1.7955032984415692e-05
3241.0	15.0	1.0	0.0	0.001073730882008831
3256.0	15.0	1.0	0.0	0.0016147841135660268
3271.0	15.0	1.0	0.0	0.0010541071573892734
3286.0	15.0	1.0	0.0	0.001226674397786407
3301.0	15.0	1.0	0.0	0.0014613830566405869
3316.0	15.0	1.0	0.0	0.0015304189046223468
3331.0	15.0	1.0	0.0	0.0006660288492837999
3346.0	15.0	1.0	0.0	0.0009620849609374467
3361.0	15.0	1.0	0.0	0.0014224029541015266
3376.0	15.0	1.0	0.0	0.0016050689697265199
3391.0	15.0	1.0	0.0	0.0006270070393879734
3406.0	15.0	1.0	0.0	0.00018312581380204002
3421.0	15.0	1.0	0.0	7.417805989582751e-05
3436.0	15.0	1.0	0.0	3.5880533854166666e-05
3451.0	15.0	1.0	0.0	2.0714314778645832e-05
3466.0	15.0	1.0	0.0	1.477559407552083e-05
3481.0	15.0	1.0	0.0	9.8663330078125e-06
3496.0	15.0	1.0	0.0	7.070248325665791e-06
3511.0	15.0	1.0	0.0	5.411070585250854e-06
3526.0	15.0	1.0	0.0	5.7768424352010104e-06
3541.0	15.0	1.0	0.0	9.206458926200869e-06
3556.0	15.0	1.0	0.0	4.627827803293865e-06
3571.0	15.0	1.0	0.0	0.0002850282589594266
3586.0	15.0	1.0	0.0	0.00010867582956948166
3601.0	15.0	1.0	0.0	2.3394171396891278e-05
3616.0	15.0	1.0	0.0	8.375514348344919e-05
3631.0	15.0	1.0	0.0	7.20843950907389e-05
3646.0	15.0	1.0	0.0	8.710886637367494e-05
3661.0	15.0	1.0	0.0	0.0002632483164468939
3676.0	15.0	1.0	0.0	0.00018613363901768
3691.0	15.0	1.0	0.0	0.0008194910685220932
3706.0	15.0	1.0	0.0	0.0006241947174071801
3721.0	15.0	1.0	0.0	0.0013302892049153199
3736.0	15.0	1.0	0.0	0.0015083824157714398
3751.0	15.0	1.0	0.0	0.0004156895955403067
3766.0	15.0	1.0	0.0	0.00019395243326817335
3781.0	15.0	1.0	0.0	9.395395914711541e-05
3796.0	15.0	1.0	0.0	4.34295654296875e-05
3811.0	15.0	1.0	0.0	2.228597005208334e-05
3826.0	15.0	1.0	0.0	1.3581848144531252e-05
3841.0	15.0	1.0	0.0	9.08355712890625e-06
3856.0	15.0	1.0	0.0	6.562016035119692e-06
3871.0	15.0	1.0	0.0	4.97670757273833e-06
3886.0	15.0	1.0	0.0	3.915947178999583e-06
3901.0	15.0	1.0	0.0	3.2034893830617267e-06
3916.0	15.0	1.0	0.0	2.6873479286829625e-06
3931.0	15.0	1.0	0.0	2.301226059595744e-06
3946.0	15.0	1.0	0.0	2.0083169142405193e-06
3961.0	15.0	1.0	0.0	3.348235289255778e-06
3976.0	15.0	1.0	0.0	0.00038403595288590003
3991.0	15.0	1.0	0.0	0.0003522590319315238
4006.0	15.0	1.0	0.0	0.0003902741114298067
4021.0	15.0	1.0	0.0	0.0005874936421711666
4036.0	15.0	1.0	0.0	0.00033755823771153336
4051.0	15.0	1.0	0.0	0.00018364651997878668
4066.0	15.0	1.0	0.0	0.00010957082112626815
4081.0	15.0	1.0	0.0	7.076695760091146e-05
4096.0	15.0	1.0	0.0	4.259923299153646e-05
4111.0	15.0	1.0	0.0	2.776641845703125e-05
4126.0	15.0	1.0	0.0	5.154495239257188e-05
4141.0	15.0	1.0	0.0	1.933924357096354e-05
4156.0	15.0	1.0	0.0	1.3048044840494793e-05
4171.0	15.0	1.0	0.0	9.477488199869791e-06
4186.0	15.0	1.0	0.0	6.576283772786459e-06
4201.0	15.0	1.0	0.0	4.857381184895834e-06
4216.0	15.0	1.0	0.0	3.8037618001302087e-06
4231.0	15.0	1.0	0.0	3.0918392042318974e-06
4246.0	15.0	1.0	0.0	2.889928470055262e-06
4261.0	15.0	1.0	0.0	2.370989819367727e-06
4276.0	15.0	1.0	0.0	1.984038949012756e-06
4291.0	15.0	1.0	0.0	2.52301295598348e-06
4306.0	15.0	1.0	0.0	2.3345641295109763e-05
4321.0	15.0	1.0	0.0	6.748342514038085e-06
4336.0	15.0	1.0	0.0	7.587317625681558e-06
4351.0	15.0	1.0	0.0	0.0005518174529075273
4366.0	15.0	1.0	0.0	0.00025041968027745334
4381.0	15.0	1.0	0.0	0.0007044890085855667
4396.0	15.0	1.0	0.0	0.0007104169209797666
4411.0	15.0	1.0	0.0	0.00052119242350256
4426.0	15.0	1.0	0.0	0.00029706726074214
4441.0	15.0	1.0	0.0	0.00017390594482416668
4456.0	15.0	1.0	0.0	0.00017358881632482668
4471.0	15.0	1.0	0.0	0.0001587773640950067
4486.0	15.0	1.0	0.0	0.0001704610188801796
4501.0	15.0	1.0	0.0	0.0001047004699706652
4516.0	15.0	1.0	0.0	5.133590698242188e-05
4531.0	15.0	1.0	0.0	2.774327596028646e-05
4546.0	15.0	1.0	0.0	1.8017069498697918e-05
4561.0	15.0	1.0	0.0	1.2055460611979165e-05
4576.0	15.0	1.0	0.0	8.13725789388021e-06
4591.0	15.0	1.0	0.0	6.142658740282059e-06
4606.0	15.0	1.0	0.0	4.7761859993139916e-06
4621.0	15.0	1.0	0.0	4.025461276372274e-06
4636.0	15.0	1.0	0.0	3.1756887833277387e-06
4651.0	15.0	1.0	0.0	2.6343782742818196e-06
4666.0	15.0	1.0	0.0	2.294943730036417e-06
4681.0	15.0	1.0	0.0	7.433721820512323e-05
4696.0	15.0	1.0	0.0	0.0006677234172820533
4711.0	15.0	1.0	0.0	0.00014252490997309332
4726.0	15.0	1.0	0.0	0.0016044389088948066
4741.0	15.0	1.0	0.0	0.0016199737548827466
4756.0	15.0	1.0	0.0	0.0005987406412759932
4771.0	15.0	1.0	0.0	0.00033413340250648
4786.0	15.0	1.0	0.0	0.00051663309733068
4801.0	15.0	1.0	0.0	0.00090125020345048
4816.0	15.0	1.0	0.0	0.0009782745361327733
4831.0	15.0	1.0	0.0	0.00026152598063146
4846.0	15.0	1.0	0.0	0.0009128280639648066
4861.0	15.0	1.0	0.0	0.00098403320312496
4876.0	15.0	1.0	0.0	0.00030485534667965334
4891.0	15.0	1.0	0.0	0.00015130411783849997
4906.0	15.0	1.0	0.0	7.186787923176917e-05
4921.0	15.0	1.0	0.0	3.7200927734375e-05
4936.0	15.0	1.0	0.0	2.0842488606770835e-05
4951.0	15.0	1.0	0.0	1.3141430666049323e-05
4966.0	15.0	1.0	0.0	9.040339539448422e-06
4981.0	15.0	1.0	0.0	6.723698973655702e-06
4996.0	15.0	1.0	0.0	5.548955003420193e-05
5011.0	15.0	1.0	0.0	1.0448940594991049e-05
5026.0	15.0	1.0	0.0	8.011269569396975e-06
5041.0	15.0	1.0	0.0	9.357285499572753e-06
5056.0	15.0	1.0	0.0	7.095828056334661e-05
5071.0	15.0	1.0	0.0	0.00027263886133826814
5086.0	15.0	1.0	0.0	4.5138041178385436e-05
5101.0	15.0	1.0	0.0	3.307682673136393e-05
5116.0	15.0	1.0	0.0	0.0001620191256205093
5131.0	15.0	1.0	0.0	0.00038488413492832665
5146.0	15.0	1.0	0.0	0.0003108221689859467
5161.0	15.0	1.0	0.0	0.00015016098022456665
5176.0	15.0	1.0	0.0	0.00022721595764154003
5191.0	15.0	1.0	0.0	0.00031604512532546673
5206.0	15.0	1.0	0.0	0.00013153050740556918
5221.0	15.0	1.0	0.0	6.478551228841146e-05
5236.0	15.0	1.0	0.0	3.838424682617187e-05
5251.0	15.0	1.0	0.0	2.2982279459635413e-05
5266.0	15.0	1.0	0.0	1.5244038899739585e-05
5281.0	15.0	1.0	0.0	9.899139404296877e-06
5296.0	15.0	1.0	0.0	6.953684488932292e-06
5311.0	15.0	1.0	0.0	7.625071207682291e-06
5326.0	15.0	1.0	0.0	4.400408019622167e-06
5341.0	15.0	1.0	0.0	3.458330283562342e-06
5356.0	15.0	1.0	0.0	2.843470374743144e-06
5371.0	15.0	1.0	0.0	2.407703797022502e-06
5386.0	15.0	1.0	0.0	2.2243102391560874e-06
5401.0	15.0	1.0	0.0	0.00020556842684742025
5416.0	15.0	1.0	0.0	0.00011619305610653946
5431.0	15.0	1.0	0.0	0.0002944438934326046
5446.0	15.0	1.0	0.0	0.0003054745356241466
5461.0	15.0	1.0	0.0	0.0004665615081786534
5476.0	15.0	1.0	0.0	0.0019980074564615465
5491.0	15.0	1.0	0.0	0.001728470102945913
5506.0	15.0	1.0	0.0	0.0016285659790038532
5521.0	15.0	1.0	0.0	0.0008346069335937001
5536.0	15.0	1.0	0.0	0.00062184346516924
5551.0	15.0	1.0	0.0	0.00023846995035802665
5566.0	15.0	1.0	0.0	0.000102541097005195
5581.0	15.0	1.0	0.0	7.540079752604167e-05
5596.0	15.0	1.0	0.0	6.163024902343e-05
5611.0	15.0	1.0	0.0	3.713480631510417e-05
5626.0	15.0	1.0	0.0	2.4151611328124996e-05
5641.0	15.0	1.0	0.0	1.5528361002604167e-05
5656.0	15.0	1.0	0.0	1.0050455729166668e-05
5671.0	15.0	1.0	0.0	2.8927612304686665e-05
5686.0	15.0	1.0	0.0	6.9973106185595196e-06
5701.0	15.0	1.0	0.0	4.869956274827322e-06
5716.0	15.0	1.0	0.0	3.82390817006429e-06
5731.0	15.0	1.0	0.0	0.00013163821498552144
5746.0	15.0	1.0	0.0	0.00028753522237139664
5761.0	15.0	1.0	0.0	1.8394724527994794e-05
5776.0	15.0	1.0	0.0	1.6554037729899088e-05
5791.0	15.0	1.0	0.0	0.00012185767491656119
5806.0	15.0	1.0	0.0	3.2321675618489585e-05
5821.0	15.0	1.0	0.0	3.484452565511068e-05
5836.0	15.0	1.0	0.0	3.046449025472006e-05
5851.0	15.0	1.0	0.0	2.5433731079101563e-05
5866.0	15.0	1.0	0.0	9.997126261392833e-05
5881.0	15.0	1.0	0.0	0.0003426321029662601
5896.0	15.0	1.0	0.0	0.0005056786855061267
5911.0	15.0	1.0	0.0	0.00032382837931310666
5926.0	15.0	1.0	0.0	0.00016859079996740006
5941.0	15.0	1.0	0.0	9.777501424150812e-05
5956.0	15.0	1.0	0.0	5.1283518473307287e-05
5971.0	15.0	1.0	0.0	2.7729034423828125e-05
5986.0	15.0	1.0	0.0	2.828089396158771e-05
6001.0	15.0	1.0	0.0	3.506164550780708e-05
6016.0	15.0	1.0	0.0	1.0658772786458333e-05
6031.0	15.0	1.0	0.0	1.2450408935546878e-05
6046.0	15.0	1.0	0.0	6.283683702349663e-06
6061.0	15.0	1.0	0.0	4.663655037681262e-06
6076.0	15.0	1.0	0.0	4.344583551088969e-06
6091.0	15.0	1.0	0.0	3.3504575490951536e-06
6106.0	15.0	1.0	0.0	2.757594982783e-06
6121.0	15.0	1.0	0.0	2.4142384529113772e-06
6136.0	15.0	1.0	0.0	3.301159540812175e-06
6151.0	15.0	1.0	0.0	6.157349348067021e-05
6166.0	15.0	1.0	0.0	0.00020428795814510817
6181.0	15.0	1.0	0.0	1.6597970326741534e-05
6196.0	15.0	1.0	0.0	8.97242228190104e-06
6211.0	15.0	1.0	0.0	7.837549845377604e-06
6226.0	15.0	1.0	0.0	7.152684529622395e-06
6241.0	15.0	1.0	0.0	6.471633911132812e-06
6256.0	15.0	1.0	0.0	5.788008371988932e-06
6271.0	15.0	1.0	0.0	5.147520701090494e-06
6286.0	15.0	1.0	0.0	4.595311482747395e-06
6301.0	15.0	1.0	0.0	4.050159454345703e-06
6316.0	15.0	1.0	0.0	3.463363647460938e-06
6331.0	15.0	1.0	0.0	4.990450541178386e-06
6346.0	15.0	1.0	0.0	2.8004010518391924e-06
6361.0	15.0	1.0	0.0	1.2973531087239557e-05
6376.0	15.0	1.0	0.0	4.4743855794270835e-06
6391.0	15.0	1.0	0.0	2.3023287455240885e-06
6406.0	15.0	1.0	0.0	1.7299969991048175e-06
6421.0	15.0	1.0	0.0	1.4440459509690604e-06
6436.0	15.0	1.0	0.0	1.2630139787991844e-06
6451.0	15.0	1.0	0.0	1.1323764920234683e-06
6466.0	15.0	1.0	0.0	1.0296074052651727e-06
6481.0	15.0	1.0	0.0	9.433671832084655e-07
6496.0	15.0	1.0	0.0	8.925979336102803e-07
6511.0	15.0	1.0	0.0	6.715321938196074e-05
6526.0	15.0	1.0	0.0	9.595109621683092e-05
6541.0	15.0	1.0	0.0	9.86591815948443e-05
6556.0	15.0	1.0	0.0	0.00016014378865556082
6571.0	15.0	1.0	0.0	0.0008822236378987082
6586.0	15.0	1.0	0.0	0.0007039534250894867
6601.0	15.0	1.0	0.0	0.003985992177327441
6616.0	15.0	1.0	0.0	0.0021050593058267665
6631.0	15.0	1.0	0.0	0.0009084594726561934
6646.0	15.0	1.0	0.0	0.00040456949869788
6661.0	15.0	1.0	0.0	0.00021858927408850004
6676.0	15.0	1.0	0.0	0.00011001688639320833
6691.0	15.0	1.0	0.0	5.10955810546875e-05
6706.0	15.0	1.0	0.0	2.7565511067708337e-05
6721.0	15.0	1.0	0.0	1.66015625e-05
6736.0	15.0	1.0	0.0	1.064453125e-05
6751.0	15.0	1.0	0.0	7.414754231770833e-06
6766.0	15.0	1.0	0.0	1.3830566406249998e-05
6781.0	15.0	1.0	0.0	5.97789982954661e-06
6796.0	15.0	1.0	0.0	4.044379790623983e-06
6811.0	15.0	1.0	0.0	3.1690239906311036e-06
6826.0	15.0	1.0	0.0	6.199212869008382e-06
6841.0	15.0	1.0	0.0	5.403316318987464e-05
6856.0	15.0	1.0	0.0	0.00044107544422147045
6871.0	15.0	1.0	0.0	0.00033093277613318375
6886.0	15.0	1.0	0.0	0.0002740694681802933
6901.0	15.0	1.0	0.0	0.0001588494618733267
6916.0	15.0	1.0	0.0	0.00011980374654128665
6931.0	15.0	1.0	0.0	9.306615193683302e-05
6946.0	15.0	1.0	0.0	8.488731384277209e-05
6961.0	15.0	1.0	0.0	0.0012287643432616732
6976.0	15.0	1.0	0.0	0.0010913960774739067
6991.0	15.0	1.0	0.0	0.0019107220967610268
7006.0	15.0	1.0	0.0	0.0017128677368163604
7021.0	15.0	1.0	0.0	0.0005218587239582933
7036.0	15.0	1.0	0.0	0.00024340108235671332
7051.0	15.0	1.0	0.0	0.00014407501220699333
7066.0	15.0	1.0	0.0	7.398732503254584e-05
7081.0	15.0	1.0	0.0	3.427378336588542e-05
7096.0	15.0	1.0	0.0	1.8794759114583337e-05
7111.0	15.0	1.0	0.0	1.2117513020833334e-05
7126.0	15.0	1.0	0.0	8.206176757812501e-06
7141.0	15.0	1.0	0.0	6.020208323995272e-06
7156.0	15.0	1.0	0.0	4.649448270599047e-06
7171.0	15.0	1.0	0.0	2.6918433109916775e-05
7186.0	15.0	1.0	0.0	6.09326163927714e-06
7201.0	15.0	1.0	0.0	3.7240783373514807e-06
7216.0	15.0	1.0	0.0	2.84260908762614e-06
7231.0	15.0	1.0	0.0	2.4475057919820146e-06
7246.0	15.0	1.0	0.0	3.597243626912434e-06
7261.0	15.0	1.0	0.0	2.8451069196065265e-05
7276.0	15.0	1.0	0.0	2.76618480682373e-05
7291.0	15.0	1.0	0.0	0.00021190211772917342
7306.0	15.0	1.0	0.0	0.00027668310801182665
7321.0	15.0	1.0	0.0	9.581082661944922e-05
7336.0	15.0	1.0	0.0	0.0006834793090819862
7351.0	15.0	1.0	0.0	0.00036742388407383993
7366.0	15.0	1.0	0.0	0.0002365331013996933
7381.0	15.0	1.0	0.0	0.00016737200419103334
7396.0	15.0	1.0	0.0	0.00013623936971023332
7411.0	15.0	1.0	0.0	7.568461100260168e-05
7426.0	15.0	1.0	0.0	3.994852701822917e-05
7441.0	15.0	1.0	0.0	2.2831980387369786e-05
7456.0	15.0	1.0	0.0	1.3823191324869789e-05
7471.0	15.0	1.0	0.0	9.55810546875e-06
7486.0	15.0	1.0	0.0	7.38677978515625e-06
7501.0	15.0	1.0	0.0	5.201975504557292e-06
7516.0	15.0	1.0	0.0	4.682995875676473e-06
7531.0	15.0	1.0	0.0	3.6561772227287295e-06
7546.0	15.0	1.0	0.0	2.9719963669776914e-06
7561.0	15.0	1.0	0.0	2.4506449699401857e-06
7576.0	15.0	1.0	0.0	2.112663785616557e-06
7591.0	15.0	1.0	0.0	1.8352458874384564e-06
7606.0	15.0	1.0	0.0	4.528031746545475e-05
7621.0	15.0	1.0	0.0	0.00014801714022950297
7636.0	15.0	1.0	0.0	0.0002060179074604962
7651.0	15.0	1.0	0.0	4.118283589680989e-05
7666.0	15.0	1.0	0.0	3.8723500569661454e-05
7681.0	15.0	1.0	0.0	3.299112319946289e-05
7696.0	15.0	1.0	0.0	2.9835891723632812e-05
7711.0	15.0	1.0	0.0	2.5286992390950522e-05
7726.0	15.0	1.0	0.0	2.1521759033203125e-05
7741.0	15.0	1.0	0.0	1.8929227193196613e-05
7756.0	15.0	1.0	0.0	2.9272015889485677e-05
7771.0	15.0	1.0	0.0	2.116686503092448e-05
7786.0	15.0	1.0	0.0	2.3519452412923184e-05
7801.0	15.0	1.0	0.0	8.60684076944785e-05
7816.0	15.0	1.0	0.0	2.701740264892578e-05
7831.0	15.0	1.0	0.0	1.2165196736653645e-05
7846.0	15.0	1.0	0.0	1.4457893371582031e-05
7861.0	15.0	1.0	0.0	6.940269470214844e-06
7876.0	15.0	1.0	0.0	4.954695204893749e-06
7891.0	15.0	1.0	0.0	3.859418630599975e-06
7906.0	15.0	1.0	0.0	3.1070197621981307e-06
7921.0	15.0	1.0	0.0	2.639384071032207e-06
7936.0	15.0	1.0	0.0	1.2367615103721618e-05
7951.0	15.0	1.0	0.0	3.6710798740386966e-06
7966.0	15.0	1.0	0.0	1.1597736676534017e-05
7981.0	15.0	1.0	0.0	0.00017128056685126685
7996.0	15.0	1.0	0.0	4.2456467946370436e-05
8011.0	15.0	1.0	0.0	0.00020121564865109305
8026.0	15.0	1.0	0.0	8.002255757647875e-05
8041.0	15.0	1.0	0.0	6.318378448486328e-05
8056.0	15.0	1.0	0.0	4.901936848958334e-05
8071.0	15.0	1.0	0.0	3.530197143554687e-05
8086.0	15.0	1.0	0.0	3.1203651428222656e-05
8101.0	15.0	1.0	0.0	0.00032839736938472405
8116.0	15.0	1.0	0.0	0.00013992290496820747
8131.0	15.0	1.0	0.0	7.141990661621093e-05
8146.0	15.0	1.0	0.0	3.8415908813476566e-05
8161.0	15.0	1.0	0.0	2.227198282877604e-05
8176.0	15.0	1.0	0.0	1.4376703898111979e-05
8191.0	15.0	1.0	0.0	9.725570678710938e-06
8206.0	15.0	1.0	0.0	6.564585367838543e-06
8221.0	15.0	1.0	0.0	6.545257568359375e-06
8236.0	15.0	1.0	0.0	2.0049937814472147e-05
8251.0	15.0	1.0	0.0	8.887426058451335e-06
8266.0	15.0	1.0	0.0	3.5284757614135742e-06
8281.0	15.0	1.0	0.0	4.1619916756947835e-06
8296.0	15.0	1.0	0.0	7.47195661067826e-05
8311.0	15.0	1.0	0.0	1.1442915598551436e-05
8326.0	15.0	1.0	0.0	3.1967401504516604e-06
8341.0	15.0	1.0	0.0	2.839843432108561e-06
8356.0	15.0	1.0	0.0	9.139275550842286e-06
8371.0	15.0	1.0	0.0	5.9791278839093895e-05
8386.0	15.0	1.0	0.0	0.00011673096021014692
8401.0	15.0	1.0	0.0	2.6501496632893883e-05
8416.0	15.0	1.0	0.0	1.5175724029541016e-05
8431.0	15.0	1.0	0.0	1.0683536529541018e-05
8446.0	15.0	1.0	0.0	4.3558343251544374e-05
8461.0	15.0	1.0	0.0	9.101327260334031e-05
8476.0	15.0	1.0	0.0	3.852717081705729e-05
8491.0	15.0	1.0	0.0	2.7653185526529944e-05
8506.0	15.0	1.0	0.0	2.044709523518881e-05
8521.0	15.0	1.0	0.0	1.4063326517740885e-05
8536.0	15.0	1.0	0.0	9.2376708984375e-06
8551.0	15.0	1.0	0.0	6.4928690592447915e-06
8566.0	15.0	1.0	0.0	4.631678263346355e-06
8581.0	15.0	1.0	0.0	3.52471669514974e-06
8596.0	15.0	1.0	0.0	2.8851191202799474e-06
8611.0	15.0	1.0	0.0	1.5600697199503577e-05
8626.0	15.0	1.0	0.0	3.861335913340251e-06
8641.0	15.0	1.0	0.0	2.7597884337107344e-06
8656.0	15.0	1.0	0.0	1.9847750663757324e-06
8671.0	15.0	1.0	0.0	4.430230259894261e-05
8686.0	15.0	1.0	0.0	1.050323247909546e-05
8701.0	15.0	1.0	0.0	1.9673705101013183e-05
8716.0	15.0	1.0	0.0	4.830721219380284e-05
8731.0	15.0	1.0	0.0	0.00013830869992570948
8746.0	15.0	1.0	0.0	0.00013361301422116755
8761.0	15.0	1.0	0.0	0.00031334409713741537
8776.0	15.0	1.0	0.0	0.0004809370040893133
8791.0	15.0	1.0	0.0	0.00038133659362788667
8806.0	15.0	1.0	0.0	0.00025800717671707336
8821.0	15.0	1.0	0.0	0.00020598767598465994
8836.0	15.0	1.0	0.0	0.00012732353210444876
8851.0	15.0	1.0	0.0	6.916478474934895e-05
8866.0	15.0	1.0	0.0	0.00017086690266924126
8881.0	15.0	1.0	0.0	0.00011879730224605083
8896.0	15.0	1.0	0.0	5.9823099772135425e-05
8911.0	15.0	1.0	0.0	3.974024454752604e-05
8926.0	15.0	1.0	0.0	2.7836863199869794e-05
8941.0	15.0	1.0	0.0	1.4247894287109376e-05
8956.0	15.0	1.0	0.0	9.460703531901042e-06
8971.0	15.0	1.0	0.0	6.858301411072413e-06
8986.0	15.0	1.0	0.0	5.201628555854162e-06
9001.0	15.0	1.0	0.0	4.513301452000935e-06
9016.0	15.0	1.0	0.0	3.5511364539464316e-06
9031.0	15.0	1.0	0.0	3.528618812561035e-06
9046.0	15.0	1.0	0.0	0.00015815136830010047
9061.0	15.0	1.0	0.0	0.00033234553337093363
9076.0	15.0	1.0	0.0	0.00020207217534379333
9091.0	15.0	1.0	0.0	0.0013948794682820224
9106.0	15.0	1.0	0.0	0.0019481287638345867
9121.0	15.0	1.0	0.0	0.003911662292480407
9136.0	15.0	1.0	0.0	0.0027486943562825207
9151.0	15.0	1.0	0.0	0.0014134338378905798
9166.0	15.0	1.0	0.0	0.0006394093831379735
9181.0	15.0	1.0	0.0	0.00036823018391922657
9196.0	15.0	1.0	0.0	0.00017302856445308666
9211.0	15.0	1.0	0.0	8.948669433592833e-05
9226.0	15.0	1.0	0.0	6.683349609374998e-05
9241.0	15.0	1.0	0.0	4.444478352864584e-05
9256.0	15.0	1.0	0.0	2.8577677408854167e-05
9271.0	15.0	1.0	0.0	1.8253580729166665e-05
9286.0	15.0	1.0	0.0	1.13739013671875e-05
9301.0	15.0	1.0	0.0	7.633463541666668e-06
9316.0	15.0	1.0	0.0	5.553181966145834e-06
9331.0	15.0	1.0	0.0	4.394249618053437e-06
9346.0	15.0	1.0	0.0	3.4950857361157743e-06
9361.0	15.0	1.0	0.0	2.891031404336294e-06
9376.0	15.0	1.0	0.0	1.508751660585385e-05
9391.0	15.0	1.0	0.0	3.4993151823679608e-06
9406.0	15.0	1.0	0.0	7.938327391942343e-06
9421.0	15.0	1.0	0.0	3.7228504816691084e-06
9436.0	15.0	1.0	0.0	2.4497079849243167e-05
9451.0	15.0	1.0	0.0	0.00012773030201591792
9466.0	15.0	1.0	0.0	6.057952245076497e-05
9481.0	15.0	1.0	0.0	0.00010291552543637098
9496.0	15.0	1.0	0.0	0.00010943072636920315
9511.0	15.0	1.0	0.0	6.301393508911131e-05
9526.0	15.0	1.0	0.0	4.5419247945149736e-05
9541.0	15.0	1.0	0.0	3.2529640197753906e-05
9556.0	15.0	1.0	0.0	2.3146375020345055e-05
9571.0	15.0	1.0	0.0	1.6695404052734374e-05
9586.0	15.0	1.0	0.0	1.2627347310384116e-05
9601.0	15.0	1.0	0.0	9.495226542154947e-06
9616.0	15.0	1.0	0.0	1.9613901774088538e-05
9631.0	15.0	1.0	0.0	8.393198649087553e-05
9646.0	15.0	1.0	0.0	0.00017135524749752496
9661.0	15.0	1.0	0.0	1.3806533813476562e-05
9676.0	15.0	1.0	0.0	8.688863118489584e-06
9691.0	15.0	1.0	0.0	6.342697143554687e-06
9706.0	15.0	1.0	0.0	4.985986401637395e-06
9721.0	15.0	1.0	0.0	3.951336691776911e-06
9736.0	15.0	1.0	0.0	8.615575234095256e-06
9751.0	15.0	1.0	0.0	5.532048145929971e-06
9766.0	15.0	1.0	0.0	0.00010650853912034405
9781.0	15.0	1.0	0.0	1.2455463409423827e-05
9796.0	15.0	1.0	0.0	2.2774553298945285e-05
9811.0	15.0	1.0	0.0	0.0001544248263040839
9826.0	15.0	1.0	0.0	4.9258804321289064e-05
9841.0	15.0	1.0	0.0	4.016618728637696e-05
9856.0	15.0	1.0	0.0	4.0135606129964194e-05
9871.0	15.0	1.0	0.0	0.00014007771809892942
9886.0	15.0	1.0	0.0	9.303894042967749e-05
9901.0	15.0	1.0	0.0	5.677445729573568e-05
9916.0	15.0	1.0	0.0	3.812739054361979e-05
9931.0	15.0	1.0	0.0	2.6747894287109372e-05
9946.0	15.0	1.0	0.0	2.2024091084798183e-05
9961.0	15.0	1.0	0.0	1.8842124938964844e-05
9976.0	15.0	1.0	0.0	1.486066182454427e-05
9991.0	15.0	1.0	0.0	1.1372184753417969e-05
10006.0	15.0	1.0	0.0	8.398183186848958e-06
10021.0	15.0	1.0	0.0	5.873552958170573e-06
10036.0	15.0	1.0	0.0	4.505538940429688e-06
10051.0	15.0	1.0	0.0	3.51721445719401e-06
10066.0	15.0	1.0	0.0	2.910030881563822e-06
10081.0	15.0	1.0	0.0	2.464594940344493e-06
10096.0	15.0	1.0	0.0	2.0665759841601053e-06
10111.0	15.0	1.0	0.0	1.77879532178243e-06
10126.0	15.0	1.0	0.0	1.56148374080658e-06
10141.0	15.0	1.0	0.0	7.660760482152304e-06
10156.0	15.0	1.0	0.0	0.00022374578515684904
10171.0	15.0	1.0	0.0	7.479904492694869e-05
10186.0	15.0	1.0	0.0	0.0002670835812886412
10201.0	15.0	1.0	0.0	0.0009376668930053334
10216.0	15.0	1.0	0.0	0.0012971506754556736
10231.0	15.0	1.0	0.0	0.0012816111246744335
10246.0	15.0	1.0	0.0	0.00048001403808588673
10261.0	15.0	1.0	0.0	0.00025950419108068673
10276.0	15.0	1.0	0.0	0.0001754460652668867
10291.0	15.0	1.0	0.0	0.00012175598144526542
10306.0	15.0	1.0	0.0	7.039082845052083e-05
10321.0	15.0	1.0	0.0	4.130808512369792e-05
10336.0	15.0	1.0	0.0	2.73223876953125e-05
10351.0	15.0	1.0	0.0	1.796468098958333e-05
10366.0	15.0	1.0	0.0	1.1193339029947919e-05
10381.0	15.0	1.0	0.0	7.552591959635417e-06
10396.0	15.0	1.0	0.0	5.501810709635416e-06
10411.0	15.0	1.0	0.0	4.195149739583333e-06
10426.0	15.0	1.0	0.0	3.334143214548628e-06
10441.0	15.0	1.0	0.0	2.7337601253141964e-06
10456.0	15.0	1.0	0.0	2.303345004717509e-06
10471.0	15.0	1.0	0.0	2.412988742192587e-06
10486.0	15.0	1.0	0.0	6.0271419584746395e-05
10501.0	15.0	1.0	0.0	0.00013872444629667736
10516.0	15.0	1.0	0.0	5.704847971598308e-06
10531.0	15.0	1.0	0.0	3.969097137451172e-06
10546.0	15.0	1.0	0.0	1.2518278757731119e-05
10561.0	15.0	1.0	0.0	1.1806885401407875e-05
10576.0	15.0	1.0	0.0	3.0239677429199216e-05
10591.0	15.0	1.0	0.0	0.0002867309252420788
10606.0	15.0	1.0	0.0	0.00012199878692622001
10621.0	15.0	1.0	0.0	0.0002526793162027466
10636.0	15.0	1.0	0.0	0.00017569281260166667
10651.0	15.0	1.0	0.0	0.00013049583435053335
10666.0	15.0	1.0	0.0	0.00012713877360022522
10681.0	15.0	1.0	0.0	6.944834391275594e-05
10696.0	15.0	1.0	0.0	6.014773050944011e-05
10711.0	15.0	1.0	0.0	3.658472696940104e-05
10726.0	15.0	1.0	0.0	2.3529307047526037e-05
10741.0	15.0	1.0	0.0	1.529706319173177e-05
10756.0	15.0	1.0	0.0	9.822336832682292e-06
10771.0	15.0	1.0	0.0	7.0660909016927085e-06
10786.0	15.0	1.0	0.0	5.119832356770834e-06
10801.0	15.0	1.0	0.0	3.945115953683854e-06
10816.0	15.0	1.0	0.0	3.172859301169713e-06
10831.0	15.0	1.0	0.0	2.6372278730074557e-06
10846.0	15.0	1.0	0.0	7.610934972763061e-06
10861.0	15.0	1.0	0.0	2.705372373263041e-06
10876.0	15.0	1.0	0.0	2.2620956103007e-06
10891.0	15.0	1.0	0.0	5.493559439977009e-06
10906.0	15.0	1.0	0.0	3.569970528284709e-06
10921.0	15.0	1.0	0.0	3.978975613911946e-06
10936.0	15.0	1.0	0.0	1.8160223960876468e-05
10951.0	15.0	1.0	0.0	0.0002454869111378724
10966.0	15.0	1.0	0.0	5.417238871256471e-05
10981.0	15.0	1.0	0.0	0.0006957740783691097
10996.0	15.0	1.0	0.0	0.0004098347345987467
11011.0	15.0	1.0	0.0	0.0008003463745116666
11026.0	15.0	1.0	0.0	0.00120066401163732
11041.0	15.0	1.0	0.0	0.00028674443562820003
11056.0	15.0	1.0	0.0	0.00014576288859044666
11071.0	15.0	1.0	0.0	7.424011230468749e-05
11086.0	15.0	1.0	0.0	5.2218882242838545e-05
11101.0	15.0	1.0	0.0	4.92632548014275e-05
11116.0	15.0	1.0	0.0	2.3661041259765626e-05
11131.0	15.0	1.0	0.0	6.472981770832333e-05
11146.0	15.0	1.0	0.0	1.4045969645182291e-05
11161.0	15.0	1.0	0.0	9.366889049609502e-06
11176.0	15.0	1.0	0.0	6.894019991159439e-06
11191.0	15.0	1.0	0.0	8.09696614742279e-06
11206.0	15.0	1.0	0.0	5.6148231029510505e-06
11221.0	15.0	1.0	0.0	3.981063763300577e-06
11236.0	15.0	1.0	0.0	0.0002758162140845914
11251.0	15.0	1.0	0.0	4.3445809682210285e-05
11266.0	15.0	1.0	0.0	1.9684346516927084e-05
11281.0	15.0	1.0	0.0	0.00011828006108600752
11296.0	15.0	1.0	0.0	0.00015188938776649737
11311.0	15.0	1.0	0.0	0.00010276489257809678
11326.0	15.0	1.0	0.0	0.00020996971130366
11341.0	15.0	1.0	0.0	0.0012354718526203933
11356.0	15.0	1.0	0.0	0.0012887700398762601
11371.0	15.0	1.0	0.0	0.0005840197245279399
11386.0	15.0	1.0	0.0	0.00040267003377275336
11401.0	15.0	1.0	0.0	0.00021325683593746
11416.0	15.0	1.0	0.0	0.00012188669840490916
11431.0	15.0	1.0	0.0	6.793670654296875e-05
11446.0	15.0	1.0	0.0	3.653971354166667e-05
11461.0	15.0	1.0	0.0	2.141469319661458e-05
11476.0	15.0	1.0	0.0	1.3802591959635414e-05
11491.0	15.0	1.0	0.0	9.086100260416667e-06
11506.0	15.0	1.0	0.0	6.445821126302084e-06
11521.0	15.0	1.0	0.0	6.637064615885416e-06
11536.0	15.0	1.0	0.0	4.23961083094279e-06
11551.0	15.0	1.0	0.0	3.543751935164134e-06
11566.0	15.0	1.0	0.0	5.365624527136484e-06
11581.0	15.0	1.0	0.0	2.9286752144495645e-06
11596.0	15.0	1.0	0.0	3.0406624078750613e-06
11611.0	15.0	1.0	0.0	2.9257277647654215e-06
11626.0	15.0	1.0	0.0	1.1366496483484905e-05
11641.0	15.0	1.0	0.0	5.637709299723308e-06
11656.0	15.0	1.0	0.0	8.337686856587051e-05
11671.0	15.0	1.0	0.0	4.298758506774902e-05
11686.0	15.0	1.0	0.0	1.2207921346028649e-05
11701.0	15.0	1.0	0.0	5.9622780481962946e-05
11716.0	15.0	1.0	0.0	2.0211664835611975e-05
11731.0	15.0	1.0	0.0	1.44562562306722e-05
11746.0	15.0	1.0	0.0	1.2841224670410158e-05
11761.0	15.0	1.0	0.0	1.106729507446289e-05
11776.0	15.0	1.0	0.0	8.8958740234375e-06
11791.0	15.0	1.0	0.0	7.170391082763673e-06
11806.0	15.0	1.0	0.0	5.6480407714843755e-06
11821.0	15.0	1.0	0.0	6.296284993489583e-06
11836.0	15.0	1.0	0.0	3.951676686604817e-06
11851.0	15.0	1.0	0.0	3.0298550923665367e-06
11866.0	15.0	1.0	0.0	2.4543444315592445e-06
11881.0	15.0	1.0	0.0	2.0603179931640626e-06
11896.0	15.0	1.0	0.0	1.7672695219516755e-06
11911.0	15.0	1.0	0.0	1.5849115947882334e-06
11926.0	15.0	1.0	0.0	1.4001739521821338e-06
11941.0	15.0	1.0	0.0	1.2432667116324108e-06
11956.0	15.0	1.0	0.0	1.1256297429402667e-06
11971.0	15.0	1.0	0.0	1.0286713639895123e-06
11986.0	15.0	1.0	0.0	0.0002059583360950121
12001.0	15.0	1.0	0.0	0.00038400025367731826
12016.0	15.0	1.0	0.0	9.48506673177001e-05
12031.0	15.0	1.0	0.0	0.0001425721486409
12046.0	15.0	1.0	0.0	0.0006381121317545065
12061.0	15.0	1.0	0.0	0.0004040669759114067
12076.0	15.0	1.0	0.0	0.00023211517333979328
12091.0	15.0	1.0	0.0	0.0001517733256021667
12106.0	15.0	1.0	0.0	0.00018083445231115332
12121.0	15.0	1.0	0.0	0.00019209976196284
12136.0	15.0	1.0	0.0	0.00011739323933914002
12151.0	15.0	1.0	0.0	0.0001542101542154448
12166.0	15.0	1.0	0.0	0.00012114537556963482
12181.0	15.0	1.0	0.0	5.3719329833984376e-05
12196.0	15.0	1.0	0.0	2.665939331054687e-05
12211.0	15.0	1.0	0.0	1.4712015787760418e-05
12226.0	15.0	1.0	0.0	9.39788818359375e-06
12241.0	15.0	1.0	0.0	6.699371337890624e-06
12256.0	15.0	1.0	0.0	5.158810218174793e-05
12271.0	15.0	1.0	0.0	7.146978378295898e-06
12286.0	15.0	1.0	0.0	4.307969411214193e-06
12301.0	15.0	1.0	0.0	0.00010741536219913783
12316.0	15.0	1.0	0.0	1.0788361231486002e-05
12331.0	15.0	1.0	0.0	4.155413309733072e-06
12346.0	15.0	1.0	0.0	3.670422236124674e-06
12361.0	15.0	1.0	0.0	1.281437873840332e-05
12376.0	15.0	1.0	0.0	5.7307402292887385e-06
12391.0	15.0	1.0	0.0	6.807864507038495e-05
12406.0	15.0	1.0	0.0	1.2074104944864906e-05
12421.0	15.0	1.0	0.0	7.050371170043945e-06
12436.0	15.0	1.0	0.0	7.526642481484914e-05
12451.0	15.0	1.0	0.0	0.00018076117833450112
12466.0	15.0	1.0	0.0	0.00011903692881263661
12481.0	15.0	1.0	0.0	7.061258951822583e-05
12496.0	15.0	1.0	0.0	0.00023650074005122666
12511.0	15.0	1.0	0.0	0.00013397235870355332
12526.0	15.0	1.0	0.0	0.00013852106730138366
12541.0	15.0	1.0	0.0	7.149136861164468e-05
12556.0	15.0	1.0	0.0	3.247820536295573e-05
12571.0	15.0	1.0	0.0	3.320808410643906e-05
12586.0	15.0	1.0	0.0	1.8808746337890622e-05
12601.0	15.0	1.0	0.0	9.244791666666668e-06
12616.0	15.0	1.0	0.0	6.505839029947917e-06
12631.0	15.0	1.0	0.0	5.147258440653483e-06
12646.0	15.0	1.0	0.0	4.1589856147766115e-06
12661.0	15.0	1.0	0.0	4.3675134579340615e-06
12676.0	15.0	1.0	0.0	3.587105870246887e-06
12691.0	15.0	1.0	0.0	5.482053756713868e-06
12706.0	15.0	1.0	0.0	3.7491103013356523e-06
12721.0	15.0	1.0	0.0	7.116326888402218e-05
12736.0	15.0	1.0	0.0	1.70284112294515e-05
12751.0	15.0	1.0	0.0	6.157053311665371e-05
12766.0	15.0	1.0	0.0	0.00010044790903723827
12781.0	15.0	1.0	0.0	0.0003073025703429667
12796.0	15.0	1.0	0.0	0.00052724952697748
12811.0	15.0	1.0	0.0	0.0008555376688638734
12826.0	15.0	1.0	0.0	0.0006641808827717533
12841.0	15.0	1.0	0.0	0.0012726605733235133
12856.0	15.0	1.0	0.0	0.000987965647379513
12871.0	15.0	1.0	0.0	0.00042199910481766003
12886.0	15.0	1.0	0.0	0.00014244028727209622
12901.0	15.0	1.0	0.0	5.9634908040364585e-05
12916.0	15.0	1.0	0.0	2.8824361165364583e-05
12931.0	15.0	1.0	0.0	1.61956787109375e-05
12946.0	15.0	1.0	0.0	1.0287475585937502e-05
12961.0	15.0	1.0	0.0	7.153828938802082e-06
12976.0	15.0	1.0	0.0	5.318196614583332e-06
12991.0	15.0	1.0	0.0	7.215330998102824e-06
13006.0	15.0	1.0	0.0	1.4737697442370561e-05
13021.0	15.0	1.0	0.0	3.3643583456675216e-06
13036.0	15.0	1.0	0.0	2.7063886324564617e-06
13051.0	15.0	1.0	0.0	2.4283587932586667e-06
13066.0	15.0	1.0	0.0	8.077345291773476e-06
13081.0	15.0	1.0	0.0	3.3411304155985524e-06
13096.0	15.0	1.0	0.0	3.7491003672281907e-06
13111.0	15.0	1.0	0.0	2.6576956113179523e-06
13126.0	15.0	1.0	0.0	2.633786201477051e-06
13141.0	15.0	1.0	0.0	3.230929374694825e-06
13156.0	15.0	1.0	0.0	2.436391512552897e-06
13171.0	15.0	1.0	0.0	1.9825100898742677e-06
13186.0	15.0	1.0	0.0	1.734936237335205e-06
13201.0	15.0	1.0	0.0	3.0219638347621412e-05
13216.0	15.0	1.0	0.0	2.1647548675537107e-05
13231.0	15.0	1.0	0.0	3.410662015278651e-05
13246.0	15.0	1.0	0.0	2.9239940643310546e-05
13261.0	15.0	1.0	0.0	1.9356393814086917e-05
13276.0	15.0	1.0	0.0	8.383274078369142e-06
13291.0	15.0	1.0	0.0	5.907662709554036e-06
13306.0	15.0	1.0	0.0	4.384549458821614e-06
13321.0	15.0	1.0	0.0	3.4214178721110032e-06
13336.0	15.0	1.0	0.0	2.781295776367188e-06
13351.0	15.0	1.0	0.0	2.4279467140634855e-06
13366.0	15.0	1.0	0.0	2.030035915474097e-06
13381.0	15.0	1.0	0.0	1.7424168686072034e-06
13396.0	15.0	1.0	0.0	1.5169963240623476e-06
13411.0	15.0	1.0	0.0	1.3452177246411643e-06
13426.0	15.0	1.0	0.0	1.0466647644837698e-05
13441.0	15.0	1.0	0.0	2.2609362999598187e-05
13456.0	15.0	1.0	0.0	3.116238117218017e-06
13471.0	15.0	1.0	0.0	1.174392302831014e-05
13486.0	15.0	1.0	0.0	2.7287356058754805e-05
13501.0	15.0	1.0	0.0	0.00024405041535690875
13516.0	15.0	1.0	0.0	0.0001222407658894437
13531.0	15.0	1.0	0.0	5.2065467834472656e-05
13546.0	15.0	1.0	0.0	3.313366572062175e-05
13561.0	15.0	1.0	0.0	2.3417917887369793e-05
13576.0	15.0	1.0	0.0	1.7286618550618488e-05
13591.0	15.0	1.0	0.0	1.3308334350585936e-05
13606.0	15.0	1.0	0.0	0.00014510752360025124
13621.0	15.0	1.0	0.0	0.00011055208841957714
13636.0	15.0	1.0	0.0	5.823879241942901e-05
13651.0	15.0	1.0	0.0	8.128649393716246e-05
13666.0	15.0	1.0	0.0	3.0073165893554686e-05
13681.0	15.0	1.0	0.0	1.8548520406087244e-05
13696.0	15.0	1.0	0.0	1.1220041910807291e-05
13711.0	15.0	1.0	0.0	7.464154561360679e-06
13726.0	15.0	1.0	0.0	5.7533060510953264e-06
13741.0	15.0	1.0	0.0	4.3534720937411e-06
13756.0	15.0	1.0	0.0	3.5029848416646326e-06
13771.0	15.0	1.0	0.0	2.8654714425404865e-06
13786.0	15.0	1.0	0.0	2.413394053777059e-06
13801.0	15.0	1.0	0.0	0.00013507129748660938
13816.0	15.0	1.0	0.0	1.4826107025146485e-05
13831.0	15.0	1.0	0.0	8.355061213175456e-06
13846.0	15.0	1.0	0.0	6.395244598388672e-06
13861.0	15.0	1.0	0.0	6.969086329142253e-06
13876.0	15.0	1.0	0.0	1.2516355514526367e-05
13891.0	15.0	1.0	0.0	1.2045780817667646e-05
13906.0	15.0	1.0	0.0	9.665770530699752e-05
13921.0	15.0	1.0	0.0	0.00014587974548334963
13936.0	15.0	1.0	0.0	6.086479822794595e-05
13951.0	15.0	1.0	0.0	4.308891296386719e-05
13966.0	15.0	1.0	0.0	3.8583755493164054e-05
13981.0	15.0	1.0	0.0	3.1228828430175784e-05
13996.0	15.0	1.0	0.0	2.3418998718261722e-05
14011.0	15.0	1.0	0.0	1.4056078592936196e-05
14026.0	15.0	1.0	0.0	8.95830790201823e-06
14041.0	15.0	1.0	0.0	6.192970275878906e-06
14056.0	15.0	1.0	0.0	4.584248860677083e-06
14071.0	15.0	1.0	0.0	3.590456644694011e-06
14086.0	15.0	1.0	0.0	2.9206626117229463e-06
14101.0	15.0	1.0	0.0	2.4571190277735387e-06
14116.0	15.0	1.0	0.0	2.097037186225255e-06
14131.0	15.0	1.0	0.0	1.8268287181854246e-06
14146.0	15.0	1.0	0.0	1.6152828931808472e-06
14161.0	15.0	1.0	0.0	0.00012481333315371735
14176.0	15.0	1.0	0.0	0.00037928641637164663
14191.0	15.0	1.0	0.0	0.0020608271280923933
14206.0	15.0	1.0	0.0	0.0012526713053385
14221.0	15.0	1.0	0.0	0.0006984970092772868
14236.0	15.0	1.0	0.0	0.0005554031372069868
14251.0	15.0	1.0	0.0	0.00033745473225906664
14266.0	15.0	1.0	0.0	0.00022720845540359337
14281.0	15.0	1.0	0.0	0.00021302693684888664
14296.0	15.0	1.0	0.0	0.00023263854980464
14311.0	15.0	1.0	0.0	0.00016865895589186672
14326.0	15.0	1.0	0.0	0.00011336873372392503
14341.0	15.0	1.0	0.0	6.0688273111979164e-05
14356.0	15.0	1.0	0.0	3.209075927734375e-05
14371.0	15.0	1.0	0.0	1.8135579427083335e-05
14386.0	15.0	1.0	0.0	1.1326599121093751e-05
14401.0	15.0	1.0	0.0	7.545979817708334e-06
14416.0	15.0	1.0	0.0	5.488077799479165e-06
14431.0	15.0	1.0	0.0	4.186503092447916e-06
14446.0	15.0	1.0	0.0	3.39639609058698e-06
14461.0	15.0	1.0	0.0	2.7764471868673953e-06
14476.0	15.0	1.0	0.0	2.3237432042757667e-06
14491.0	15.0	1.0	0.0	1.9912858804066977e-06
14506.0	15.0	1.0	0.0	1.740265885988871e-06
14521.0	15.0	1.0	0.0	6.155806779861451e-06
14536.0	15.0	1.0	0.0	5.736786027749076e-05
14551.0	15.0	1.0	0.0	8.120272159575061e-05
14566.0	15.0	1.0	0.0	5.284452438353487e-05
14581.0	15.0	1.0	0.0	5.255928039550782e-05
14596.0	15.0	1.0	0.0	3.858335812886556e-05
14611.0	15.0	1.0	0.0	5.034481684366861e-05
14626.0	15.0	1.0	0.0	0.00023849048614497324
14641.0	15.0	1.0	0.0	0.00017628383636470002
14656.0	15.0	1.0	0.0	0.00014004707336421333
14671.0	15.0	1.0	0.0	0.00018576145172114665
14686.0	15.0	1.0	0.0	0.00018906148274733998
14701.0	15.0	1.0	0.0	0.00011881243387854762
14716.0	15.0	1.0	0.0	0.00010457153320309418
14731.0	15.0	1.0	0.0	5.2285130818684896e-05
14746.0	15.0	1.0	0.0	2.825419108072917e-05
14761.0	15.0	1.0	0.0	1.5723164876302086e-05
14776.0	15.0	1.0	0.0	9.758631388346354e-06
14791.0	15.0	1.0	0.0	6.7434946695963535e-06
14806.0	15.0	1.0	0.0	5.02154032389323e-06
14821.0	15.0	1.0	0.0	3.952842702468235e-06
14836.0	15.0	1.0	0.0	3.217813124259313e-06
14851.0	15.0	1.0	0.0	2.693654596805572e-06
14866.0	15.0	1.0	0.0	2.2685199975967406e-06
14881.0	15.0	1.0	0.0	6.81204924980732e-05
14896.0	15.0	1.0	0.0	2.8643433252965283e-05
14911.0	15.0	1.0	0.0	4.5120636622111e-06
14926.0	15.0	1.0	0.0	0.00023205413818356307
14941.0	15.0	1.0	0.0	0.0001258699735005382
14956.0	15.0	1.0	0.0	0.0007683794657388866
14971.0	15.0	1.0	0.0	0.0007612817128498801
14986.0	15.0	1.0	0.0	0.0010977172851562133
15001.0	15.0	1.0	0.0	0.0010377197265624533
15016.0	15.0	1.0	0.0	0.0011607861836750867
15031.0	15.0	1.0	0.0	0.0008386250813801601
15046.0	15.0	1.0	0.0	0.00029830525716142666
15061.0	15.0	1.0	0.0	0.00015557301839188
15076.0	15.0	1.0	0.0	0.00011915079752600873
15091.0	15.0	1.0	0.0	6.375681559244793e-05
15106.0	15.0	1.0	0.0	3.1240844726562495e-05
15121.0	15.0	1.0	0.0	1.7317199707031254e-05
15136.0	15.0	1.0	0.0	1.0646565755208333e-05
15151.0	15.0	1.0	0.0	7.2998046875e-06
15166.0	15.0	1.0	0.0	5.637105305989583e-06
15181.0	15.0	1.0	0.0	7.737991213798522e-06
15196.0	15.0	1.0	0.0	3.614201148351034e-06
15211.0	15.0	1.0	0.0	2.954793969790141e-06
15226.0	15.0	1.0	0.0	0.00016244043211140433
15241.0	15.0	1.0	0.0	0.0002741828918456864
15256.0	15.0	1.0	0.0	0.00046902004877722256
15271.0	15.0	1.0	0.0	0.002290771230061787
15286.0	15.0	1.0	0.0	0.0015811164855956533
15301.0	15.0	1.0	0.0	0.0006508478800455268
15316.0	15.0	1.0	0.0	0.0008515624999999533
15331.0	15.0	1.0	0.0	0.0012085561116535865
15346.0	15.0	1.0	0.0	0.0010608271280924066
15361.0	15.0	1.0	0.0	0.003747705078124953
15376.0	15.0	1.0	0.0	0.003756906127929641
15391.0	15.0	1.0	0.0	0.0014290150960286066
15406.0	15.0	1.0	0.0	0.001097456868489547
15421.0	15.0	1.0	0.0	0.0029151062011718337
15436.0	15.0	1.0	0.0	0.0032656677246093464
15451.0	15.0	1.0	0.0	0.0017309672037760196
15466.0	15.0	1.0	0.0	0.0005035827636718401
15481.0	15.0	1.0	0.0	0.00023451944986975333
15496.0	15.0	1.0	0.0	7.553710937499165e-05
15511.0	15.0	1.0	0.0	3.224690755208334e-05
15526.0	15.0	1.0	0.0	1.7854817708333332e-05
15541.0	15.0	1.0	0.0	1.153100406130155e-05
15556.0	15.0	1.0	0.0	8.09825286269188e-06
15571.0	15.0	1.0	0.0	6.027717391649882e-06
15586.0	15.0	1.0	0.0	4.568754831949765e-05
15601.0	15.0	1.0	0.0	6.665871540704529e-05
15616.0	15.0	1.0	0.0	8.310120900470709e-05
15631.0	15.0	1.0	0.0	0.0006825939814249297
15646.0	15.0	1.0	0.0	0.0003189935684203533
15661.0	15.0	1.0	0.0	0.0009997603098550998
15676.0	15.0	1.0	0.0	0.0012951693216959265
15691.0	15.0	1.0	0.0	0.002070377858479773
15706.0	15.0	1.0	0.0	0.0020582936604817263
15721.0	15.0	1.0	0.0	0.0011541707356770266
15736.0	15.0	1.0	0.0	0.0008927022298176733
15751.0	15.0	1.0	0.0	0.0005860137939452668
15766.0	15.0	1.0	0.0	0.0006999186197916199
15781.0	15.0	1.0	0.0	0.00027798665364578667
15796.0	15.0	1.0	0.0	0.00015845336914057997
15811.0	15.0	1.0	0.0	9.133605957029502e-05
15826.0	15.0	1.0	0.0	0.00013977864583331
15841.0	15.0	1.0	0.0	6.662394205729166e-05
15856.0	15.0	1.0	0.0	3.282877604166666e-05
15871.0	15.0	1.0	0.0	1.7912801106770836e-05
15886.0	15.0	1.0	0.0	1.1285400390624999e-05
15901.0	15.0	1.0	0.0	7.915242513020834e-06
15916.0	15.0	1.0	0.0	5.877833068370819e-06
15931.0	15.0	1.0	0.0	4.542740682760874e-06
15946.0	15.0	1.0	0.0	3.6378999551137284e-06
15961.0	15.0	1.0	0.0	2.9906928539276114e-06
15976.0	15.0	1.0	0.0	2.5235960880915326e-06
15991.0	15.0	1.0	0.0	3.470645348230898e-05
16006.0	15.0	1.0	0.0	1.1252713203430177e-05
16021.0	15.0	1.0	0.0	9.973653157552084e-06
16036.0	15.0	1.0	0.0	3.793740272521973e-06
16051.0	15.0	1.0	0.0	2.918640772501627e-06
16066.0	15.0	1.0	0.0	2.8434594472249346e-06
16081.0	15.0	1.0	0.0	3.373940785725911e-06
16096.0	15.0	1.0	0.0	7.325878143310255e-05
16111.0	15.0	1.0	0.0	0.00015750309626257728
16126.0	15.0	1.0	0.0	0.0001308601697285695
16141.0	15.0	1.0	0.0	4.94195302327474e-05
16156.0	15.0	1.0	0.0	3.322830200195312e-05
16171.0	15.0	1.0	0.0	2.201906840006511e-05
16186.0	15.0	1.0	0.0	1.4660390218098958e-05
16201.0	15.0	1.0	0.0	9.28179423014323e-06
16216.0	15.0	1.0	0.0	6.309700012207031e-06
16231.0	15.0	1.0	0.0	4.566574096679688e-06
16246.0	15.0	1.0	0.0	3.576850891113282e-06
16261.0	15.0	1.0	0.0	2.881050109863281e-06
16276.0	15.0	1.0	0.0	2.4061569323142365e-06
16291.0	15.0	1.0	0.0	2.0651388913393024e-06
16306.0	15.0	1.0	0.0	1.80089995265007e-06
16321.0	15.0	1.0	0.0	1.5886212388674417e-06
16336.0	15.0	1.0	0.0	1.4190852642059324e-06
16351.0	15.0	1.0	0.0	4.6131272614000977e-05
16366.0	15.0	1.0	0.0	0.00019004590113954036
16381.0	15.0	1.0	0.0	2.8008588155110684e-05
16396.0	15.0	1.0	0.0	8.265050252278648e-06
16411.0	15.0	1.0	0.0	8.030223846435548e-06
16426.0	15.0	1.0	0.0	0.0001664222717284829
16441.0	15.0	1.0	0.0	0.0003552589098611867
16456.0	15.0	1.0	0.0	0.00045356012980138675
16471.0	15.0	1.0	0.0	0.0007723073323567133
16486.0	15.0	1.0	0.0	0.0016473158518472935
16501.0	15.0	1.0	0.0	0.0012696388244628535
16516.0	15.0	1.0	0.0	0.0007615163167317267
16531.0	15.0	1.0	0.0	0.0002276728312174133
16546.0	15.0	1.0	0.0	8.676350911456585e-05
16561.0	15.0	1.0	0.0	4.6729024251302083e-05
16576.0	15.0	1.0	0.0	2.6921081542968753e-05
16591.0	15.0	1.0	0.0	1.632232666015625e-05
16606.0	15.0	1.0	0.0	1.0451761881510416e-05
16621.0	15.0	1.0	0.0	7.337443033854166e-06
16636.0	15.0	1.0	0.0	5.518656037747861e-06
16651.0	15.0	1.0	0.0	4.3490220482150715e-06
16666.0	15.0	1.0	0.0	3.510642051696778e-06
16681.0	15.0	1.0	0.0	2.913755178451539e-06
16696.0	15.0	1.0	0.0	2.6977698008219404e-06
16711.0	15.0	1.0	0.0	6.052540540694575e-05
16726.0	15.0	1.0	0.0	0.0003869580109914021
16741.0	15.0	1.0	0.0	0.0004175752639769934
16756.0	15.0	1.0	0.0	0.00017001317342117336
16771.0	15.0	1.0	0.0	0.00015143744150793333
16786.0	15.0	1.0	0.0	0.0001451658884683733
16801.0	15.0	1.0	0.0	0.00023031196594233997
16816.0	15.0	1.0	0.0	0.0003942283630370666
16831.0	15.0	1.0	0.0	0.00023936042785637995
16846.0	15.0	1.0	0.0	0.00018420486450192
16861.0	15.0	1.0	0.0	0.0001889638264973467
16876.0	15.0	1.0	0.0	0.00030227305094396664
16891.0	15.0	1.0	0.0	0.00015798365275059332
16906.0	15.0	1.0	0.0	0.0001284212748209296
16921.0	15.0	1.0	0.0	7.395095825195312e-05
16936.0	15.0	1.0	0.0	3.9399464925130214e-05
16951.0	15.0	1.0	0.0	2.0198059082031248e-05
16966.0	15.0	1.0	0.0	1.2229156494140623e-05
16981.0	15.0	1.0	0.0	8.429209391276042e-06
16996.0	15.0	1.0	0.0	6.2576293945312495e-06
17011.0	15.0	1.0	0.0	4.847846925258636e-06
17026.0	15.0	1.0	0.0	3.895515700181324e-06
17041.0	15.0	1.0	0.0	3.1890849272410077e-06
17056.0	15.0	1.0	0.0	1.2772344549496968e-05
17071.0	15.0	1.0	0.0	3.7285665671030684e-06
17086.0	15.0	1.0	0.0	3.014667828877767e-06
17101.0	15.0	1.0	0.0	8.01923672358195e-06
17116.0	15.0	1.0	0.0	7.025512854257323e-05
17131.0	15.0	1.0	0.0	0.00010307461420692916
17146.0	15.0	1.0	0.0	3.202398618062337e-05
17161.0	15.0	1.0	0.0	0.00020155653953548772
17176.0	15.0	1.0	0.0	0.00014500602086380958
17191.0	15.0	1.0	0.0	0.0002689190546671
17206.0	15.0	1.0	0.0	0.0003045113881428534
17221.0	15.0	1.0	0.0	0.0002895698547362666
17236.0	15.0	1.0	0.0	0.0008979715983072465
17251.0	15.0	1.0	0.0	0.00035277659098302674
17266.0	15.0	1.0	0.0	0.00010520782470701398
17281.0	15.0	1.0	0.0	4.417572021484376e-05
17296.0	15.0	1.0	0.0	2.2229258219401038e-05
17311.0	15.0	1.0	0.0	1.3098653157552086e-05
17326.0	15.0	1.0	0.0	8.67894490559896e-06
17341.0	15.0	1.0	0.0	6.284332275390625e-06
17356.0	15.0	1.0	0.0	4.795583089192708e-06
17371.0	15.0	1.0	0.0	3.837852180004121e-06
17386.0	15.0	1.0	0.0	3.1600986917813625e-06
17401.0	15.0	1.0	0.0	2.6495044430096946e-06
17416.0	15.0	1.0	0.0	1.5618766844266498e-05
17431.0	15.0	1.0	0.0	0.00017821937799452175
17446.0	15.0	1.0	0.0	0.00021770167350766692
17461.0	15.0	1.0	0.0	1.9178358713785806e-05
17476.0	15.0	1.0	0.0	1.4690430959065754e-05
17491.0	15.0	1.0	0.0	1.1754862467447915e-05
17506.0	15.0	1.0	0.0	1.6227022806803388e-05
17521.0	15.0	1.0	0.0	1.2606048583984376e-05
17536.0	15.0	1.0	0.0	1.4279174804687501e-05
17551.0	15.0	1.0	0.0	1.208626429239909e-05
17566.0	15.0	1.0	0.0	1.1887550354003908e-05
17581.0	15.0	1.0	0.0	2.6361560821527842e-05
17596.0	15.0	1.0	0.0	3.886985778808411e-05
17611.0	15.0	1.0	0.0	5.904890696206782e-05
17626.0	15.0	1.0	0.0	4.4422721862792966e-05
17641.0	15.0	1.0	0.0	2.9549916585286458e-05
17656.0	15.0	1.0	0.0	1.7565027872721352e-05
17671.0	15.0	1.0	0.0	1.237379709879557e-05
17686.0	15.0	1.0	0.0	9.011332194010415e-06
17701.0	15.0	1.0	0.0	7.196299235026042e-06
17716.0	15.0	1.0	0.0	4.6600341796875e-06
17731.0	15.0	1.0	0.0	3.5960239513466755e-06
17746.0	15.0	1.0	0.0	2.923995768651366e-06
17761.0	15.0	1.0	0.0	2.4615593254566194e-06
17776.0	15.0	1.0	0.0	2.1157254775365195e-06
17791.0	15.0	1.0	0.0	1.8380269408226013e-06
17806.0	15.0	1.0	0.0	0.00013866876264411864
17821.0	15.0	1.0	0.0	1.940584182739258e-05
17836.0	15.0	1.0	0.0	0.000412733157475769
17851.0	15.0	1.0	0.0	0.0003000214258829488
17866.0	15.0	1.0	0.0	0.0011691509882608667
17881.0	15.0	1.0	0.0	0.0014832677205403198
17896.0	15.0	1.0	0.0	0.001811937713623
17911.0	15.0	1.0	0.0	0.0010603947957356199
17926.0	15.0	1.0	0.0	0.00204636230468746
17941.0	15.0	1.0	0.0	0.0014125030517577733
17956.0	15.0	1.0	0.0	0.0005679473876952601
17971.0	15.0	1.0	0.0	0.00028856811523434
17986.0	15.0	1.0	0.0	0.00016833089192702666
18001.0	15.0	1.0	0.0	9.9232991536435e-05
18016.0	15.0	1.0	0.0	5.2339680989583336e-05
18031.0	15.0	1.0	0.0	2.7275594075520835e-05
18046.0	15.0	1.0	0.0	1.5468343098958334e-05
18061.0	15.0	1.0	0.0	9.833780924479168e-06
18076.0	15.0	1.0	0.0	6.966145833333333e-06
18091.0	15.0	1.0	0.0	5.278523763020832e-06
18106.0	15.0	1.0	0.0	4.165816307067871e-06
18121.0	15.0	1.0	0.0	3.3957893649737035e-06
18136.0	15.0	1.0	0.0	2.8475716710090636e-06
18151.0	15.0	1.0	0.0	2.4219751358032227e-06
18166.0	15.0	1.0	0.0	2.0970026652018228e-06
18181.0	15.0	1.0	0.0	1.851371924082438e-06
18196.0	15.0	1.0	0.0	2.5815382599829632e-05
18211.0	15.0	1.0	0.0	8.939674695331022e-05
18226.0	15.0	1.0	0.0	8.060104052224432e-05
18241.0	15.0	1.0	0.0	0.0007337710698445159
18256.0	7.0	1.0	0.0	0.00040527956826339997
