stress_period	sp_length	time_step	study (0 : TS or 1 : SS)	rech
0.0	1.0	1.0	1.0	0.0004960809912443976
1.0	21.0	1.0	0.0	0.0011441479637508956
22.0	21.0	1.0	0.0	0.0015024889991396525
43.0	21.0	1.0	0.0	0.0035118117559523342
64.0	21.0	1.0	0.0	0.0021597965785434808
85.0	21.0	1.0	0.0	0.0015319482712518285
106.0	21.0	1.0	0.0	0.0009555867513020566
127.0	21.0	1.0	0.0	0.0005424237932477287
148.0	21.0	1.0	0.0	0.0007135416666666239
169.0	21.0	1.0	0.0	0.0011787661597841901
190.0	21.0	1.0	0.0	0.0003145969935825476
211.0	21.0	1.0	0.0	0.0002248505637758762
232.0	21.0	1.0	0.0	0.0001036409650529832
253.0	21.0	1.0	0.0	5.5867558433896014e-05
274.0	21.0	1.0	0.0	3.596482958112445e-05
295.0	21.0	1.0	0.0	2.70077387491862e-05
316.0	21.0	1.0	0.0	3.339967273530506e-05
337.0	21.0	1.0	0.0	5.272156851632253e-05
358.0	21.0	1.0	0.0	0.00024016838981987977
379.0	21.0	1.0	0.0	0.0010211994080315857
400.0	21.0	1.0	0.0	0.0015050377618698288
421.0	21.0	1.0	0.0	0.0010068711780366097
442.0	21.0	1.0	0.0	0.0012490379696800192
463.0	21.0	1.0	0.0	0.0005042728242419523
484.0	21.0	1.0	0.0	0.0002033124651227095
505.0	21.0	1.0	0.0	0.00024054245721721908
526.0	21.0	1.0	0.0	8.622887021017856e-05
547.0	21.0	1.0	0.0	5.150931222097917e-05
568.0	21.0	1.0	0.0	3.461759147189912e-05
589.0	21.0	1.0	0.0	5.840780337650272e-05
610.0	21.0	1.0	0.0	3.067290782928467e-05
631.0	21.0	1.0	0.0	3.988112722124372e-05
652.0	21.0	1.0	0.0	3.48059336344401e-05
673.0	21.0	1.0	0.0	5.589924539838517e-05
694.0	21.0	1.0	0.0	0.0002487052054631857
715.0	21.0	1.0	0.0	0.0010076929728189523
736.0	21.0	1.0	0.0	0.0005925004141670906
757.0	21.0	1.0	0.0	0.00036021278018039045
778.0	21.0	1.0	0.0	0.0009099062965029335
799.0	21.0	1.0	0.0	0.0013258467174711236
820.0	21.0	1.0	0.0	0.0005771277291433668
841.0	21.0	1.0	0.0	0.00031762295677543334
862.0	21.0	1.0	0.0	0.00011069524855838246
883.0	21.0	1.0	0.0	6.0663859049479147e-05
904.0	21.0	1.0	0.0	3.4883045014880954e-05
925.0	21.0	1.0	0.0	2.8499231806823193e-05
946.0	21.0	1.0	0.0	3.5431447128451384e-05
967.0	21.0	1.0	0.0	0.00012028315237588617
988.0	21.0	1.0	0.0	0.00012278830437432176
1009.0	21.0	1.0	0.0	0.0004400109109423905
1030.0	21.0	1.0	0.0	0.0004347245806738952
1051.0	21.0	1.0	0.0	0.0008157762799943761
1072.0	21.0	1.0	0.0	0.0005262754531133238
1093.0	21.0	1.0	0.0	0.0009787937345958285
1114.0	21.0	1.0	0.0	0.0007906410580589141
1135.0	21.0	1.0	0.0	0.0006216521490187287
1156.0	21.0	1.0	0.0	0.0003897741408574666
1177.0	21.0	1.0	0.0	0.0005330505371093381
1198.0	21.0	1.0	0.0	0.0004093613397506999
1219.0	21.0	1.0	0.0	0.000635551815941181
1240.0	21.0	1.0	0.0	0.0002516995384579048
1261.0	21.0	1.0	0.0	9.478687104722858e-05
1282.0	21.0	1.0	0.0	4.999941871279763e-05
1303.0	21.0	1.0	0.0	2.919156210763114e-05
1324.0	21.0	1.0	0.0	1.9109019211360387e-05
1345.0	21.0	1.0	0.0	2.9707077003660093e-05
1366.0	21.0	1.0	0.0	1.433934484209333e-05
1387.0	21.0	1.0	0.0	2.289846397581555e-05
1408.0	21.0	1.0	0.0	2.59189038049607e-05
1429.0	21.0	1.0	0.0	4.801397096543085e-05
1450.0	21.0	1.0	0.0	0.0002901743820734905
1471.0	21.0	1.0	0.0	0.0005478885741460285
1492.0	21.0	1.0	0.0	0.0010093674432663144
1513.0	21.0	1.0	0.0	0.0013722207205635808
1534.0	21.0	1.0	0.0	0.0006303740001859621
1555.0	21.0	1.0	0.0	0.0005578108287992523
1576.0	21.0	1.0	0.0	0.00037381417410708566
1597.0	21.0	1.0	0.0	0.0001601918538410955
1618.0	21.0	1.0	0.0	6.717500232514881e-05
1639.0	21.0	1.0	0.0	3.72895740327381e-05
1660.0	21.0	1.0	0.0	2.565682360104152e-05
1681.0	21.0	1.0	0.0	1.6503349656150457e-05
1702.0	21.0	1.0	0.0	1.1797218095688592e-05
1723.0	21.0	1.0	0.0	3.8926995935887e-05
1744.0	21.0	1.0	0.0	0.00015516371386387043
1765.0	21.0	1.0	0.0	0.000568424088614281
1786.0	21.0	1.0	0.0	0.0015500984191894
1807.0	21.0	1.0	0.0	0.0012212288266136098
1828.0	21.0	1.0	0.0	0.0006308346702938476
1849.0	21.0	1.0	0.0	0.0035465945289248095
1870.0	21.0	1.0	0.0	0.001705779302687833
1891.0	21.0	1.0	0.0	0.0008885498046874429
1912.0	21.0	1.0	0.0	0.00047544860839839043
1933.0	21.0	1.0	0.0	0.0003352341424850904
1954.0	21.0	1.0	0.0	0.00017482285272502854
1975.0	21.0	1.0	0.0	8.229791550408037e-05
1996.0	21.0	1.0	0.0	4.226030622209822e-05
2017.0	21.0	1.0	0.0	2.3890904017857138e-05
2038.0	21.0	1.0	0.0	1.6236854451043263e-05
2059.0	21.0	1.0	0.0	1.127537801152184e-05
2080.0	21.0	1.0	0.0	9.347191878727505e-06
2101.0	21.0	1.0	0.0	3.691783121653043e-05
2122.0	21.0	1.0	0.0	0.0002454861345744714
2143.0	21.0	1.0	0.0	0.0004777008011227096
2164.0	21.0	1.0	0.0	0.0007111318679082476
2185.0	21.0	1.0	0.0	0.0017154786246163095
2206.0	21.0	1.0	0.0	0.002808379400344081
2227.0	21.0	1.0	0.0	0.0025444117954798663
2248.0	21.0	1.0	0.0	0.0015552404494512287
2269.0	21.0	1.0	0.0	0.0014039161318823903
2290.0	21.0	1.0	0.0	0.0014233093261718332
2311.0	21.0	1.0	0.0	0.0010666416713169284
2332.0	21.0	1.0	0.0	0.001040345691499214
2353.0	21.0	1.0	0.0	0.00046808878580725235
2374.0	21.0	1.0	0.0	0.0001355271112350952
2395.0	21.0	1.0	0.0	6.661941891624576e-05
2416.0	21.0	1.0	0.0	4.082515693846203e-05
2437.0	21.0	1.0	0.0	5.087837151118226e-05
2458.0	21.0	1.0	0.0	4.203169686453684e-05
2479.0	21.0	1.0	0.0	3.3661183856782455e-05
2500.0	21.0	1.0	0.0	0.00010135196504137332
2521.0	21.0	1.0	0.0	0.00017781816210060475
2542.0	21.0	1.0	0.0	0.0002484389259701143
2563.0	21.0	1.0	0.0	0.0009310518446422239
2584.0	21.0	1.0	0.0	0.0008004335675920286
2605.0	21.0	1.0	0.0	0.0004344349815731523
2626.0	21.0	1.0	0.0	0.00023540987287243805
2647.0	21.0	1.0	0.0	0.0001695324125743619
2668.0	21.0	1.0	0.0	0.00014198630196701902
2689.0	21.0	1.0	0.0	8.749752952937916e-05
2710.0	21.0	1.0	0.0	4.654657273065476e-05
2731.0	21.0	1.0	0.0	2.6749020531063992e-05
2752.0	21.0	1.0	0.0	1.6694748153289154e-05
2773.0	21.0	1.0	0.0	2.2985485870209792e-05
2794.0	21.0	1.0	0.0	8.29778143337686e-05
2815.0	21.0	1.0	0.0	2.9528379440307614e-05
2836.0	21.0	1.0	0.0	3.8437990915207634e-05
2857.0	21.0	1.0	0.0	7.100756963092929e-05
2878.0	21.0	1.0	0.0	0.0004750242460341285
2899.0	21.0	1.0	0.0	0.001433974811008943
2920.0	21.0	1.0	0.0	0.0016280593872069853
2941.0	21.0	1.0	0.0	0.0010037285940987142
2962.0	21.0	1.0	0.0	0.0010174026489257288
2983.0	21.0	1.0	0.0	0.0010815832955496142
3004.0	21.0	1.0	0.0	0.001971186319986924
3025.0	21.0	1.0	0.0	0.001045185634068038
3046.0	21.0	1.0	0.0	0.0008890417189824715
3067.0	21.0	1.0	0.0	0.0006401076543898332
3088.0	21.0	1.0	0.0	0.0005362461635044237
3109.0	21.0	1.0	0.0	0.00024639601934520005
3130.0	21.0	1.0	0.0	0.00013145212900065716
3151.0	21.0	1.0	0.0	8.110581125531488e-05
3172.0	21.0	1.0	0.0	5.2722783315749396e-05
3193.0	21.0	1.0	0.0	4.29398672921317e-05
3214.0	21.0	1.0	0.0	6.147391455512884e-05
3235.0	21.0	1.0	0.0	0.00018766773314699632
3256.0	21.0	1.0	0.0	0.0015461940765380425
3277.0	21.0	1.0	0.0	0.0013149533952984906
3298.0	21.0	1.0	0.0	0.0014653138660248814
3319.0	21.0	1.0	0.0	0.0010170793079194236
3340.0	21.0	1.0	0.0	0.0017141185942149857
3361.0	21.0	1.0	0.0	0.0025747469947451245
3382.0	21.0	1.0	0.0	0.0025070539202008526
3403.0	21.0	1.0	0.0	0.0007524108886718382
3424.0	21.0	1.0	0.0	0.00046579270135785724
3445.0	21.0	1.0	0.0	0.000153029668898775
3466.0	21.0	1.0	0.0	8.306448800222618e-05
3487.0	21.0	1.0	0.0	5.3614795207977285e-05
3508.0	21.0	1.0	0.0	4.566372292382044e-05
3529.0	21.0	1.0	0.0	6.270012401398377e-05
3550.0	21.0	1.0	0.0	5.581110999697731e-05
3571.0	21.0	1.0	0.0	4.3023620332990384e-05
3592.0	21.0	1.0	0.0	4.703190213158017e-05
3613.0	21.0	1.0	0.0	7.945467176889828e-05
3634.0	21.0	1.0	0.0	0.00024959087371821426
3655.0	21.0	1.0	0.0	0.0004567637216476716
3676.0	21.0	1.0	0.0	0.001506719225928857
3697.0	21.0	1.0	0.0	0.0022722247895739815
3718.0	21.0	1.0	0.0	0.0011862051827566428
3739.0	21.0	1.0	0.0	0.0017275485084169903
3760.0	21.0	1.0	0.0	0.0007736830938429525
3781.0	21.0	1.0	0.0	0.00042715236118857127
3802.0	21.0	1.0	0.0	0.00022421555292032858
3823.0	21.0	1.0	0.0	8.583359491255951e-05
3844.0	21.0	1.0	0.0	4.115368071056548e-05
3865.0	21.0	1.0	0.0	2.3080175831204363e-05
3886.0	21.0	1.0	0.0	1.435991128285726e-05
3907.0	21.0	1.0	0.0	9.874809355962845e-06
3928.0	21.0	1.0	0.0	7.3666600953964986e-06
3949.0	21.0	1.0	0.0	6.316557952334775e-05
3970.0	21.0	1.0	0.0	0.00015137934684748697
3991.0	21.0	1.0	0.0	0.0006225107737949429
4012.0	21.0	1.0	0.0	0.0014690933227538615
4033.0	21.0	1.0	0.0	0.001068141937255814
4054.0	21.0	1.0	0.0	0.0004840542021251381
4075.0	21.0	1.0	0.0	0.00043368057977580477
4096.0	21.0	1.0	0.0	0.00030569131033756193
4117.0	21.0	1.0	0.0	0.00014935847691122857
4138.0	21.0	1.0	0.0	0.00012405867803662172
4159.0	21.0	1.0	0.0	0.0008456878662108905
4180.0	21.0	1.0	0.0	0.0003422426496232857
4201.0	21.0	1.0	0.0	8.603341238838214e-05
4222.0	21.0	1.0	0.0	3.827072325206938e-05
4243.0	21.0	1.0	0.0	2.3178710823967345e-05
4264.0	21.0	1.0	0.0	1.6767947446732296e-05
4285.0	21.0	1.0	0.0	1.6767564274015884e-05
4306.0	21.0	1.0	0.0	1.4052305902753556e-05
4327.0	21.0	1.0	0.0	7.545297486441036e-05
4348.0	21.0	1.0	0.0	0.0002374813670203438
4369.0	21.0	1.0	0.0	0.0010056688672019666
4390.0	21.0	1.0	0.0	0.001889078231084881
4411.0	21.0	1.0	0.0	0.0018238089425222667
4432.0	21.0	1.0	0.0	0.0012352084205263622
4453.0	21.0	1.0	0.0	0.0006496974400111143
4474.0	21.0	1.0	0.0	0.0004746079217819524
4495.0	21.0	1.0	0.0	0.0002473304385230143
4516.0	21.0	1.0	0.0	0.00010761660621276906
4537.0	21.0	1.0	0.0	8.905973888577916e-05
4558.0	21.0	1.0	0.0	0.00011460295177636727
4579.0	21.0	1.0	0.0	7.067316344806127e-05
4600.0	21.0	1.0	0.0	5.620469507716484e-05
4621.0	21.0	1.0	0.0	5.6547624724251896e-05
4642.0	21.0	1.0	0.0	3.930927458263579e-05
4663.0	21.0	1.0	0.0	3.331071989876884e-05
4684.0	21.0	1.0	0.0	8.875812802993352e-05
4705.0	21.0	1.0	0.0	0.0001621179807753238
4726.0	21.0	1.0	0.0	0.0009465926034109476
4747.0	21.0	1.0	0.0	0.0010718969617570617
4768.0	21.0	1.0	0.0	0.0007104345049176333
4789.0	21.0	1.0	0.0	0.0013451650710332474
4810.0	21.0	1.0	0.0	0.0026010302589052664
4831.0	21.0	1.0	0.0	0.0007936786469958619
4852.0	21.0	1.0	0.0	0.001307949974423324
4873.0	21.0	1.0	0.0	0.0008757120768228714
4894.0	21.0	1.0	0.0	0.00030743916829422383
4915.0	21.0	1.0	0.0	0.00010058811732697682
4936.0	21.0	1.0	0.0	4.855128696986607e-05
4957.0	21.0	1.0	0.0	3.0458464508964905e-05
4978.0	21.0	1.0	0.0	2.5301504702795118e-05
4999.0	21.0	1.0	0.0	7.494112991150168e-05
5020.0	21.0	1.0	0.0	4.7143368493942986e-05
5041.0	21.0	1.0	0.0	5.623141924540202e-05
5062.0	21.0	1.0	0.0	8.861689340500321e-05
5083.0	21.0	1.0	0.0	0.0002411046255201952
5104.0	21.0	1.0	0.0	0.0003685816356113476
5125.0	21.0	1.0	0.0	0.001417535327729667
5146.0	21.0	1.0	0.0	0.0012229837690080428
5167.0	21.0	1.0	0.0	0.0007633797781807477
5188.0	21.0	1.0	0.0	0.0013240476335797523
5209.0	21.0	1.0	0.0	0.001803924560546843
5230.0	21.0	1.0	0.0	0.0008136073521204906
5251.0	21.0	1.0	0.0	0.0002755642845516667
5272.0	21.0	1.0	0.0	0.00010470072428383451
5293.0	21.0	1.0	0.0	5.7349795386902374e-05
5314.0	21.0	1.0	0.0	3.4145293491227285e-05
5335.0	21.0	1.0	0.0	2.1967963803382144e-05
5356.0	21.0	1.0	0.0	1.6655589853014267e-05
5377.0	21.0	1.0	0.0	2.333551361447289e-05
5398.0	21.0	1.0	0.0	9.29909206571832e-05
5419.0	21.0	1.0	0.0	0.00017135008176161906
5440.0	21.0	1.0	0.0	0.0010941779954092427
5461.0	21.0	1.0	0.0	0.0014433274950299477
5482.0	21.0	1.0	0.0	0.002972152891613143
5503.0	21.0	1.0	0.0	0.0017447418939499284
5524.0	21.0	1.0	0.0	0.0010162084670293382
5545.0	21.0	1.0	0.0	0.0008979339599609
5566.0	21.0	1.0	0.0	0.0004043215797060714
5587.0	21.0	1.0	0.0	0.0005792497907365666
5608.0	21.0	1.0	0.0	0.0002929970877510667
5629.0	21.0	1.0	0.0	0.0002386627197265095
5650.0	21.0	1.0	0.0	0.0001524491083053893
5671.0	21.0	1.0	0.0	7.496207101004048e-05
5692.0	21.0	1.0	0.0	7.051356633503003e-05
5713.0	21.0	1.0	0.0	4.798431623549688e-05
5734.0	21.0	1.0	0.0	8.316066151572783e-05
5755.0	21.0	1.0	0.0	0.0001369681358336905
5776.0	21.0	1.0	0.0	0.0002882100968133429
5797.0	21.0	1.0	0.0	0.0005336142948695049
5818.0	21.0	1.0	0.0	0.0010955069405691334
5839.0	21.0	1.0	0.0	0.0013987864539736236
5860.0	21.0	1.0	0.0	0.0010225237891787144
5881.0	21.0	1.0	0.0	0.004902681259881837
5902.0	21.0	1.0	0.0	0.003100083850678886
5923.0	21.0	1.0	0.0	0.00250735764276409
5944.0	21.0	1.0	0.0	0.0009183727446056145
5965.0	21.0	1.0	0.0	0.00028643508184520464
5986.0	21.0	1.0	0.0	0.00015210106259297618
6007.0	21.0	1.0	0.0	0.00010736810593375715
6028.0	21.0	1.0	0.0	6.418282645089289e-05
6049.0	21.0	1.0	0.0	3.578248761949085e-05
6070.0	21.0	1.0	0.0	2.1987355890728178e-05
6091.0	21.0	1.0	0.0	1.874581972757975e-05
6112.0	21.0	1.0	0.0	1.5628536542256676e-05
6133.0	21.0	1.0	0.0	1.9384162766592843e-05
6154.0	21.0	1.0	0.0	3.7558328537713915e-05
6175.0	21.0	1.0	0.0	5.5788675944010415e-05
6196.0	21.0	1.0	0.0	6.687147276742119e-05
6217.0	21.0	1.0	0.0	7.868333089919318e-05
6238.0	21.0	1.0	0.0	0.00010683645520887705
6259.0	21.0	1.0	0.0	0.00011990933191203332
6280.0	21.0	1.0	0.0	0.0001407379422868524
6301.0	21.0	1.0	0.0	0.00019929300035743806
6322.0	21.0	1.0	0.0	0.00012290364220025123
6343.0	21.0	1.0	0.0	7.777095976329471e-05
6364.0	21.0	1.0	0.0	0.00011959629967096949
6385.0	21.0	1.0	0.0	9.652855282735104e-05
6406.0	21.0	1.0	0.0	4.395195699873425e-05
6427.0	21.0	1.0	0.0	2.4353245894114175e-05
6448.0	21.0	1.0	0.0	1.5363608087812148e-05
6469.0	21.0	1.0	0.0	1.0525822639465332e-05
6490.0	21.0	1.0	0.0	8.490306990487235e-06
6511.0	21.0	1.0	0.0	1.229601814633324e-05
6532.0	21.0	1.0	0.0	4.552119118826349e-05
6553.0	21.0	1.0	0.0	0.00011732524917237215
6574.0	21.0	1.0	0.0	0.001092732747395781
6595.0	21.0	1.0	0.0	0.0018668805076961902
6616.0	21.0	1.0	0.0	0.001535000029064314
6637.0	21.0	1.0	0.0	0.0012530176071893096
6658.0	21.0	1.0	0.0	0.001020049322219081
6679.0	21.0	1.0	0.0	0.0004813443138485474
6700.0	21.0	1.0	0.0	0.00015561567034035712
6721.0	21.0	1.0	0.0	8.832659040177323e-05
6742.0	21.0	1.0	0.0	4.332478841145834e-05
6763.0	21.0	1.0	0.0	3.018915085565477e-05
6784.0	21.0	1.0	0.0	1.8812997000558035e-05
6805.0	21.0	1.0	0.0	1.2692397549038843e-05
6826.0	21.0	1.0	0.0	1.3224207219623384e-05
6847.0	21.0	1.0	0.0	0.0002479581094923238
6868.0	21.0	1.0	0.0	0.0007177477564130048
6889.0	21.0	1.0	0.0	0.0007578394753591856
6910.0	21.0	1.0	0.0	0.0005480319431849428
6931.0	21.0	1.0	0.0	0.0006423543294270287
6952.0	21.0	1.0	0.0	0.0010314903259276906
6973.0	21.0	1.0	0.0	0.0019435799008323527
6994.0	21.0	1.0	0.0	0.002412061782110262
7015.0	21.0	1.0	0.0	0.002287270682198619
7036.0	21.0	1.0	0.0	0.0009450160435267336
7057.0	21.0	1.0	0.0	0.00045760963076633336
7078.0	21.0	1.0	0.0	0.00014749218168709998
7099.0	21.0	1.0	0.0	6.182425362723215e-05
7120.0	21.0	1.0	0.0	3.5756429036458326e-05
7141.0	21.0	1.0	0.0	2.2539445332118443e-05
7162.0	21.0	1.0	0.0	2.0082927885509674e-05
7183.0	21.0	1.0	0.0	2.7927336238679432e-05
7204.0	21.0	1.0	0.0	1.238698618752616e-05
7225.0	21.0	1.0	0.0	1.1162002881368002e-05
7246.0	21.0	1.0	0.0	1.1313983372279575e-05
7267.0	21.0	1.0	0.0	2.548803034282866e-05
7288.0	21.0	1.0	0.0	0.00014104880605422977
7309.0	21.0	1.0	0.0	0.00028167581558223326
7330.0	21.0	1.0	0.0	0.0007257427488054095
7351.0	21.0	1.0	0.0	0.0007103647504533619
7372.0	21.0	1.0	0.0	0.0008294534229096382
7393.0	21.0	1.0	0.0	0.0005776984805152142
7414.0	21.0	1.0	0.0	0.00029532405308310477
7435.0	21.0	1.0	0.0	0.00015115865071609993
7456.0	21.0	1.0	0.0	7.577768961588096e-05
7477.0	21.0	1.0	0.0	4.4548761276971726e-05
7498.0	21.0	1.0	0.0	2.8054682537913327e-05
7519.0	21.0	1.0	0.0	2.2703747398086958e-05
7540.0	21.0	1.0	0.0	1.8451665128980362e-05
7561.0	21.0	1.0	0.0	1.5194566476912726e-05
7582.0	21.0	1.0	0.0	1.5178538504100984e-05
7603.0	21.0	1.0	0.0	1.1840150469825378e-05
7624.0	21.0	1.0	0.0	0.000215271387781387
7645.0	21.0	1.0	0.0	0.0006820627167110857
7666.0	21.0	1.0	0.0	0.0007029987516856905
7687.0	21.0	1.0	0.0	0.001284877777099562
7708.0	21.0	1.0	0.0	0.001249844868977819
7729.0	21.0	1.0	0.0	0.002143815903436524
7750.0	21.0	1.0	0.0	0.0013331044514973474
7771.0	21.0	1.0	0.0	0.0005441349574497287
7792.0	21.0	1.0	0.0	0.0005316750662666952
7813.0	21.0	1.0	0.0	0.0007050577799478715
7834.0	21.0	1.0	0.0	0.000305087134951581
7855.0	21.0	1.0	0.0	0.00019843909853976667
7876.0	21.0	1.0	0.0	7.84700058755361e-05
7897.0	21.0	1.0	0.0	8.114438681374639e-05
7918.0	21.0	1.0	0.0	4.62764785403297e-05
7939.0	21.0	1.0	0.0	3.10762155623663e-05
7960.0	21.0	1.0	0.0	2.671895708356585e-05
7981.0	21.0	1.0	0.0	0.00010823828833440075
8002.0	21.0	1.0	0.0	0.0001349783624921095
8023.0	21.0	1.0	0.0	0.00032736651102695724
8044.0	21.0	1.0	0.0	0.0005020070757184287
8065.0	21.0	1.0	0.0	0.0003920104617163666
8086.0	21.0	1.0	0.0	0.0008203996930803143
8107.0	21.0	1.0	0.0	0.0018149537586030046
8128.0	21.0	1.0	0.0	0.001128331502278605
8149.0	21.0	1.0	0.0	0.00032669975644061426
8170.0	21.0	1.0	0.0	0.00016310918898804287
8191.0	21.0	1.0	0.0	0.00013673764183403598
8212.0	21.0	1.0	0.0	6.460171654110863e-05
8233.0	21.0	1.0	0.0	3.749176576024011e-05
8254.0	21.0	1.0	0.0	2.5983085234959924e-05
8275.0	21.0	1.0	0.0	2.3703072752271384e-05
8296.0	21.0	1.0	0.0	3.8367487135385836e-05
8317.0	21.0	1.0	0.0	1.882973171415783e-05
8338.0	21.0	1.0	0.0	2.3113988694690524e-05
8359.0	21.0	1.0	0.0	9.438359169730763e-05
8380.0	21.0	1.0	0.0	0.00032170543216518573
8401.0	21.0	1.0	0.0	0.0009240878423054476
8422.0	21.0	1.0	0.0	0.0007280946459088571
8443.0	21.0	1.0	0.0	0.0011324731735955522
8464.0	21.0	1.0	0.0	0.0015812741234188573
8485.0	21.0	1.0	0.0	0.002253169468470933
8506.0	21.0	1.0	0.0	0.001587058657691557
8527.0	21.0	1.0	0.0	0.0005267828078496524
8548.0	21.0	1.0	0.0	0.0001859908331007762
8569.0	21.0	1.0	0.0	7.040187290736368e-05
8590.0	21.0	1.0	0.0	5.566624232700595e-05
8611.0	21.0	1.0	0.0	3.3560687587374736e-05
8632.0	21.0	1.0	0.0	2.465065036501203e-05
8653.0	21.0	1.0	0.0	1.724159149896531e-05
8674.0	21.0	1.0	0.0	8.558634349277096e-05
8695.0	21.0	1.0	0.0	3.951584725152878e-05
8716.0	21.0	1.0	0.0	6.490060261317261e-05
8737.0	21.0	1.0	0.0	0.00036975449607481434
8758.0	21.0	1.0	0.0	0.0017585163116454622
8779.0	21.0	1.0	0.0	0.0029252297537666902
8800.0	21.0	1.0	0.0	0.0014791844685872048
8821.0	21.0	1.0	0.0	0.001292691911969833
8842.0	21.0	1.0	0.0	0.0004928966703868666
8863.0	21.0	1.0	0.0	0.0005530119396390857
8884.0	21.0	1.0	0.0	0.0005666358584448953
8905.0	21.0	1.0	0.0	0.0005493941534132715
8926.0	21.0	1.0	0.0	0.00018490382603231426
8947.0	21.0	1.0	0.0	7.082693917410477e-05
8968.0	21.0	1.0	0.0	3.962878528095427e-05
8989.0	21.0	1.0	0.0	2.6604940493901567e-05
9010.0	21.0	1.0	0.0	1.944768428802491e-05
9031.0	21.0	1.0	0.0	3.22636252357834e-05
9052.0	21.0	1.0	0.0	0.00012481255758374572
9073.0	21.0	1.0	0.0	0.00021834739049269994
9094.0	21.0	1.0	0.0	0.0007016517094202953
9115.0	21.0	1.0	0.0	0.002134565171741252
9136.0	21.0	1.0	0.0	0.0024802529471260764
9157.0	21.0	1.0	0.0	0.0021869492303757004
9178.0	21.0	1.0	0.0	0.001858736310686338
9199.0	21.0	1.0	0.0	0.000833549862816181
9220.0	21.0	1.0	0.0	0.0008143063499813666
9241.0	21.0	1.0	0.0	0.000537285940987681
9262.0	21.0	1.0	0.0	0.0002329101562499667
9283.0	21.0	1.0	0.0	9.089297340028333e-05
9304.0	21.0	1.0	0.0	4.128882998511906e-05
9325.0	21.0	1.0	0.0	2.3163777199529463e-05
9346.0	21.0	1.0	0.0	1.4909210481813976e-05
9367.0	21.0	1.0	0.0	1.8766713993889944e-05
9388.0	21.0	1.0	0.0	1.4982328528449652e-05
9409.0	21.0	1.0	0.0	9.45738951365153e-06
9430.0	21.0	1.0	0.0	1.2287236395336333e-05
9451.0	21.0	1.0	0.0	2.2066559110369e-05
9472.0	21.0	1.0	0.0	0.00019833603359400504
9493.0	21.0	1.0	0.0	0.00037025923956002384
9514.0	21.0	1.0	0.0	0.0003878331411452095
9535.0	21.0	1.0	0.0	0.0002706329709007143
9556.0	21.0	1.0	0.0	0.00028050595238089996
9577.0	21.0	1.0	0.0	0.00033677854992089526
9598.0	21.0	1.0	0.0	0.00027849215552916184
9619.0	21.0	1.0	0.0	0.0001399977547781238
9640.0	21.0	1.0	0.0	0.00019739532470697144
9661.0	21.0	1.0	0.0	0.00014988199869786964
9682.0	21.0	1.0	0.0	5.451983497256325e-05
9703.0	21.0	1.0	0.0	2.942919731140137e-05
9724.0	21.0	1.0	0.0	2.1415108726138157e-05
9745.0	21.0	1.0	0.0	3.322694982800938e-05
9766.0	21.0	1.0	0.0	9.252662318091491e-05
9787.0	21.0	1.0	0.0	0.00021203371456687652
9808.0	21.0	1.0	0.0	0.0006055950437272763
9829.0	21.0	1.0	0.0	0.0018032979511078903
9850.0	21.0	1.0	0.0	0.0019661972409202476
9871.0	21.0	1.0	0.0	0.0029996977306547042
9892.0	21.0	1.0	0.0	0.0008494996570405049
9913.0	21.0	1.0	0.0	0.00039293125697539524
9934.0	21.0	1.0	0.0	0.0003514200846353714
9955.0	21.0	1.0	0.0	0.0005677533830914715
9976.0	21.0	1.0	0.0	0.0007536105201357522
9997.0	21.0	1.0	0.0	0.00027157302129832383
10018.0	21.0	1.0	0.0	0.00011239624023434643
10039.0	21.0	1.0	0.0	5.924842471168155e-05
10060.0	21.0	1.0	0.0	3.354505981717791e-05
10081.0	21.0	1.0	0.0	2.1551952475593206e-05
10102.0	21.0	1.0	0.0	1.4590677760896228e-05
10123.0	21.0	1.0	0.0	1.0226107779003328e-05
10144.0	21.0	1.0	0.0	2.6248386928013393e-05
10165.0	21.0	1.0	0.0	0.0001256974084036539
10186.0	21.0	1.0	0.0	0.0002708352179753829
10207.0	21.0	1.0	0.0	0.00163389805385039
10228.0	21.0	1.0	0.0	0.0028582216898599853
10249.0	21.0	1.0	0.0	0.0017457802182151668
10270.0	21.0	1.0	0.0	0.0014109787713913382
10291.0	21.0	1.0	0.0	0.0007106490362257762
10312.0	21.0	1.0	0.0	0.00030383809407546667
10333.0	21.0	1.0	0.0	0.00027329871768038566
10354.0	21.0	1.0	0.0	0.0001202348981584524
10375.0	21.0	1.0	0.0	4.992312476748512e-05
10396.0	21.0	1.0	0.0	2.6093982514880956e-05
10417.0	21.0	1.0	0.0	1.574053083147321e-05
10438.0	21.0	1.0	0.0	1.0802247694560459e-05
10459.0	21.0	1.0	0.0	4.889421661694338e-05
10480.0	21.0	1.0	0.0	1.5907225154695058e-05
10501.0	21.0	1.0	0.0	0.00016034634908038936
10522.0	21.0	1.0	0.0	8.208701724097319e-05
10543.0	21.0	1.0	0.0	0.00021046586263742854
10564.0	21.0	1.0	0.0	0.0005612366540090761
10585.0	21.0	1.0	0.0	0.0007483741215296715
10606.0	21.0	1.0	0.0	0.0013809683663504094
10627.0	21.0	1.0	0.0	0.0018997606549943761
10648.0	21.0	1.0	0.0	0.0016804286411829857
10669.0	21.0	1.0	0.0	0.0009827161516461666
10690.0	21.0	1.0	0.0	0.0003991292317707905
10711.0	21.0	1.0	0.0	0.0004024447486513714
10732.0	21.0	1.0	0.0	0.0003082239060174381
10753.0	21.0	1.0	0.0	0.0001251903715587536
10774.0	21.0	1.0	0.0	6.143261137462797e-05
10795.0	21.0	1.0	0.0	3.498409901346479e-05
10816.0	21.0	1.0	0.0	2.0716574930009385e-05
10837.0	21.0	1.0	0.0	1.4114575726645336e-05
10858.0	21.0	1.0	0.0	1.6078386987958633e-05
10879.0	21.0	1.0	0.0	9.428024291992188e-06
10900.0	21.0	1.0	0.0	1.032962685539609e-05
10921.0	21.0	1.0	0.0	3.511705852690198e-05
10942.0	21.0	1.0	0.0	4.714935166494763e-05
10963.0	21.0	1.0	0.0	6.0932534081595286e-05
10984.0	21.0	1.0	0.0	0.00028915055592850956
11005.0	21.0	1.0	0.0	0.0003139999480474
11026.0	21.0	1.0	0.0	0.0002668574196951238
11047.0	21.0	1.0	0.0	0.0002770251319521571
11068.0	21.0	1.0	0.0	0.0004036020551408571
11089.0	21.0	1.0	0.0	0.0004794122605096143
11110.0	21.0	1.0	0.0	0.0004437199547176811
11131.0	21.0	1.0	0.0	0.001421073005312919
11152.0	21.0	1.0	0.0	0.0002552787051313951
11173.0	21.0	1.0	0.0	9.440599878627568e-05
11194.0	21.0	1.0	0.0	5.6719235011509483e-05
11215.0	21.0	1.0	0.0	3.950444857279459e-05
11236.0	21.0	1.0	0.0	6.770592644099516e-05
11257.0	21.0	1.0	0.0	0.00012330189205347317
11278.0	21.0	1.0	0.0	0.0001521482467650905
11299.0	21.0	1.0	0.0	0.00037629776909231907
11320.0	21.0	1.0	0.0	0.0008402833484467431
11341.0	21.0	1.0	0.0	0.0023895944867814807
11362.0	21.0	1.0	0.0	0.0022499284290131527
11383.0	21.0	1.0	0.0	0.0017746494838169046
11404.0	21.0	1.0	0.0	0.0013555806477864093
11425.0	21.0	1.0	0.0	0.000483971732003305
11446.0	21.0	1.0	0.0	0.00021961393810450005
11467.0	21.0	1.0	0.0	0.00012418619791664467
11488.0	21.0	1.0	0.0	7.360403878348216e-05
11509.0	21.0	1.0	0.0	3.931245349702381e-05
11530.0	21.0	1.0	0.0	2.4371547358376642e-05
11551.0	21.0	1.0	0.0	2.711493344533846e-05
11572.0	21.0	1.0	0.0	2.463825543721109e-05
11593.0	21.0	1.0	0.0	2.6058696565173922e-05
11614.0	21.0	1.0	0.0	2.4799176624843045e-05
11635.0	21.0	1.0	0.0	5.357652618771039e-05
11656.0	21.0	1.0	0.0	0.0004913004693530382
11677.0	21.0	1.0	0.0	0.0009705201557703951
11698.0	21.0	1.0	0.0	0.0005850937252952523
11719.0	21.0	1.0	0.0	0.0003977348690940714
11740.0	21.0	1.0	0.0	0.0003518233526320095
11761.0	21.0	1.0	0.0	0.0004751229059127952
11782.0	21.0	1.0	0.0	0.0005836839221772239
11803.0	21.0	1.0	0.0	0.0004340362548827762
11824.0	21.0	1.0	0.0	0.0002743406749906524
11845.0	21.0	1.0	0.0	0.0002095438639322524
11866.0	21.0	1.0	0.0	7.746087937126994e-05
11887.0	21.0	1.0	0.0	3.7733429954165505e-05
11908.0	21.0	1.0	0.0	3.3208977608449425e-05
11929.0	21.0	1.0	0.0	1.7021559533618747e-05
11950.0	21.0	1.0	0.0	1.2591997782389323e-05
11971.0	21.0	1.0	0.0	9.792935280572798e-06
11992.0	21.0	1.0	0.0	4.7938749903715426e-05
12013.0	21.0	1.0	0.0	9.045815467832879e-05
12034.0	21.0	1.0	0.0	0.0014296125457399858
12055.0	21.0	1.0	0.0	0.0016251916431244812
12076.0	21.0	1.0	0.0	0.0006947686331612334
12097.0	21.0	1.0	0.0	0.0012343946184430333
12118.0	21.0	1.0	0.0	0.0012575890677315382
12139.0	21.0	1.0	0.0	0.0013206263950892429
12160.0	21.0	1.0	0.0	0.0014155934651692331
12181.0	21.0	1.0	0.0	0.00032518005371089044
12202.0	21.0	1.0	0.0	0.00012680852980837738
12223.0	21.0	1.0	0.0	5.2980695452008926e-05
12244.0	21.0	1.0	0.0	3.3571515764508936e-05
12265.0	21.0	1.0	0.0	2.616414285841442e-05
12286.0	21.0	1.0	0.0	1.575117167972383e-05
12307.0	21.0	1.0	0.0	2.6114878200349356e-05
12328.0	21.0	1.0	0.0	1.2727811222984675e-05
12349.0	21.0	1.0	0.0	2.0330258778163367e-05
12370.0	21.0	1.0	0.0	1.7959322248186386e-05
12391.0	21.0	1.0	0.0	4.876380874996972e-05
12412.0	21.0	1.0	0.0	4.1390759604317796e-05
12433.0	21.0	1.0	0.0	0.00019578663508092395
12454.0	21.0	1.0	0.0	0.0006396170116605715
12475.0	21.0	1.0	0.0	0.0005600733075822667
12496.0	21.0	1.0	0.0	0.001097154708135643
12517.0	21.0	1.0	0.0	0.0015078640892391573
12538.0	21.0	1.0	0.0	0.000729370117187462
12559.0	21.0	1.0	0.0	0.0003361158825101857
12580.0	21.0	1.0	0.0	0.00010537429082958364
12601.0	21.0	1.0	0.0	4.703885033017113e-05
12622.0	21.0	1.0	0.0	2.4884812179065888e-05
12643.0	21.0	1.0	0.0	1.549584170182546e-05
12664.0	21.0	1.0	0.0	1.5320298217591787e-05
12685.0	21.0	1.0	0.0	9.77704922358195e-06
12706.0	21.0	1.0	0.0	8.479458945138113e-06
12727.0	21.0	1.0	0.0	9.49929441724505e-06
12748.0	21.0	1.0	0.0	0.00013176583108444377
12769.0	21.0	1.0	0.0	0.00016823802675516202
12790.0	21.0	1.0	0.0	0.0010171729723612048
12811.0	21.0	1.0	0.0	0.0015797797611780905
12832.0	21.0	1.0	0.0	0.0014937615167526382
12853.0	21.0	1.0	0.0	0.0025736051286969425
12874.0	21.0	1.0	0.0	0.000724673316592219
12895.0	21.0	1.0	0.0	0.0003816499255952001
12916.0	21.0	1.0	0.0	0.00011023893810452201
12937.0	21.0	1.0	0.0	4.446992420014881e-05
12958.0	21.0	1.0	0.0	2.3451305571056542e-05
12979.0	21.0	1.0	0.0	1.4363233354829608e-05
13000.0	21.0	1.0	0.0	1.0918891323464256e-05
13021.0	21.0	1.0	0.0	7.349620262781778e-06
13042.0	21.0	1.0	0.0	6.960115262440274e-06
13063.0	21.0	1.0	0.0	5.6983544712974924e-06
13084.0	21.0	1.0	0.0	5.155614444187709e-06
13105.0	21.0	1.0	0.0	5.8660422052655905e-06
13126.0	21.0	1.0	0.0	4.943859293346903e-05
13147.0	21.0	1.0	0.0	0.0002030179670878335
13168.0	21.0	1.0	0.0	0.00031038890566139525
13189.0	21.0	1.0	0.0	0.00045721480959933327
13210.0	21.0	1.0	0.0	0.0007325233277819858
13231.0	21.0	1.0	0.0	0.0008878364562987808
13252.0	21.0	1.0	0.0	0.0004980225335983526
13273.0	21.0	1.0	0.0	0.0002259536016554524
13294.0	21.0	1.0	0.0	8.744376046315415e-05
13315.0	21.0	1.0	0.0	3.951445079985119e-05
13336.0	21.0	1.0	0.0	2.2237868536086314e-05
13357.0	21.0	1.0	0.0	1.575927436351776e-05
13378.0	21.0	1.0	0.0	2.084721908682567e-05
13399.0	21.0	1.0	0.0	2.2406674566723052e-05
13420.0	21.0	1.0	0.0	2.093379270462385e-05
13441.0	21.0	1.0	0.0	6.46486963544509e-05
13462.0	21.0	1.0	0.0	4.9276828765869145e-05
13483.0	21.0	1.0	0.0	0.00011238124257038508
13504.0	21.0	1.0	0.0	0.0005369704791477287
13525.0	21.0	1.0	0.0	0.0005945402781168143
13546.0	21.0	1.0	0.0	0.00040622384207585234
13567.0	21.0	1.0	0.0	0.0004131464276994476
13588.0	21.0	1.0	0.0	0.0005152426220121333
13609.0	21.0	1.0	0.0	0.0006621929350353046
13630.0	21.0	1.0	0.0	0.0005415355137415905
13651.0	21.0	1.0	0.0	0.0007904147193544953
13672.0	21.0	1.0	0.0	0.00048493376232323817
13693.0	21.0	1.0	0.0	0.0004538058326357476
13714.0	21.0	1.0	0.0	0.00032781242188947146
13735.0	21.0	1.0	0.0	0.0001302989323933443
13756.0	21.0	1.0	0.0	5.289897464570545e-05
13777.0	21.0	1.0	0.0	2.8640588124593097e-05
13798.0	21.0	1.0	0.0	4.009031114123923e-05
13819.0	21.0	1.0	0.0	3.505114146641322e-05
13840.0	21.0	1.0	0.0	9.844130561462328e-05
13861.0	21.0	1.0	0.0	0.00019162981850754288
13882.0	21.0	1.0	0.0	0.00036569963182716674
13903.0	21.0	1.0	0.0	0.0003925264449346143
13924.0	21.0	1.0	0.0	0.0007767818995884048
13945.0	21.0	1.0	0.0	0.00039693214779802866
13966.0	21.0	1.0	0.0	0.00022294634864437622
13987.0	21.0	1.0	0.0	0.0001772851489838571
14008.0	21.0	1.0	0.0	0.0001232179914201649
14029.0	21.0	1.0	0.0	5.869656517392114e-05
14050.0	21.0	1.0	0.0	2.9120672316778275e-05
14071.0	21.0	1.0	0.0	1.7474583217075893e-05
14092.0	21.0	1.0	0.0	1.1734071941602796e-05
14113.0	21.0	1.0	0.0	8.476952002162023e-06
14134.0	21.0	1.0	0.0	6.563850811549596e-06
14155.0	21.0	1.0	0.0	5.196148440951392e-06
14176.0	21.0	1.0	0.0	0.00014190669286816103
14197.0	21.0	1.0	0.0	0.0003243963604881143
14218.0	21.0	1.0	0.0	0.0017485726220266714
14239.0	21.0	1.0	0.0	0.0024265527271088616
14260.0	21.0	1.0	0.0	0.0012445653279622045
14281.0	21.0	1.0	0.0	0.0020915411086309143
14302.0	21.0	1.0	0.0	0.0016030026390438524
14323.0	21.0	1.0	0.0	0.0011933404831658855
14344.0	21.0	1.0	0.0	0.0003881145658946761
14365.0	21.0	1.0	0.0	0.00013092767624624463
14386.0	21.0	1.0	0.0	6.496901739211308e-05
14407.0	21.0	1.0	0.0	4.9941289992555355e-05
14428.0	21.0	1.0	0.0	2.8833298456101193e-05
14449.0	21.0	1.0	0.0	1.978471378485362e-05
14470.0	21.0	1.0	0.0	1.3432809994334268e-05
14491.0	21.0	1.0	0.0	9.806760719844274e-06
14512.0	21.0	1.0	0.0	1.6977190971374514e-05
14533.0	21.0	1.0	0.0	3.708240531739734e-05
14554.0	21.0	1.0	0.0	2.1488070487976074e-05
14575.0	21.0	1.0	0.0	0.00010455895605538785
14596.0	21.0	1.0	0.0	0.0004724254608153762
14617.0	21.0	1.0	0.0	0.0010130648840040951
14638.0	21.0	1.0	0.0	0.0011634517851329526
14659.0	21.0	1.0	0.0	0.0008013082231793572
14680.0	21.0	1.0	0.0	0.0008773691086541525
14701.0	21.0	1.0	0.0	0.0011580538068498383
14722.0	21.0	1.0	0.0	0.0009103284563336618
14743.0	21.0	1.0	0.0	0.0004264802478608191
14764.0	21.0	1.0	0.0	0.00013864281063984642
14785.0	21.0	1.0	0.0	5.616106305803571e-05
14806.0	21.0	1.0	0.0	2.9341648377123332e-05
14827.0	21.0	1.0	0.0	1.7877362668514247e-05
14848.0	21.0	1.0	0.0	1.2597272793451946e-05
14869.0	21.0	1.0	0.0	9.242957546597437e-06
14890.0	21.0	1.0	0.0	1.8877574375697546e-05
14911.0	21.0	1.0	0.0	1.7974246115911577e-05
14932.0	21.0	1.0	0.0	0.0001607932249704558
14953.0	21.0	1.0	0.0	0.0007973358517601002
14974.0	21.0	1.0	0.0	0.0018898080190022334
14995.0	21.0	1.0	0.0	0.0013856780642554237
15016.0	21.0	1.0	0.0	0.0012564849853515191
15037.0	21.0	1.0	0.0	0.0006679077148437096
15058.0	21.0	1.0	0.0	0.0003762613932291286
15079.0	21.0	1.0	0.0	0.00032104782831097155
15100.0	21.0	1.0	0.0	0.00015000261579236666
15121.0	21.0	1.0	0.0	7.82972063336982e-05
15142.0	21.0	1.0	0.0	3.5878499348958346e-05
15163.0	21.0	1.0	0.0	3.307306198846607e-05
15184.0	21.0	1.0	0.0	1.816321270806449e-05
15205.0	21.0	1.0	0.0	1.278851145789737e-05
15226.0	21.0	1.0	0.0	3.447317225592073e-05
15247.0	21.0	1.0	0.0	2.5244724182855522e-05
15268.0	21.0	1.0	0.0	8.183176176887004e-05
15289.0	21.0	1.0	0.0	0.00010387911115371698
15310.0	21.0	1.0	0.0	0.00024853388468418577
15331.0	21.0	1.0	0.0	0.0008498825345720048
15352.0	21.0	1.0	0.0	0.0018094591413225004
15373.0	21.0	1.0	0.0	0.0020677239554268384
15394.0	21.0	1.0	0.0	0.0009950081961495048
15415.0	21.0	1.0	0.0	0.0015177757626487712
15436.0	21.0	1.0	0.0	0.0023308701288131902
15457.0	21.0	1.0	0.0	0.0015267653692335812
15478.0	21.0	1.0	0.0	0.000991869245256662
15499.0	21.0	1.0	0.0	0.00022791835239951907
15520.0	21.0	1.0	0.0	9.428333100816548e-05
15541.0	21.0	1.0	0.0	4.1644387301944554e-05
15562.0	21.0	1.0	0.0	2.2522232362202232e-05
15583.0	21.0	1.0	0.0	0.00029849753493350813
15604.0	21.0	1.0	0.0	0.0004093604996090333
15625.0	21.0	1.0	0.0	0.0011855697177704906
15646.0	21.0	1.0	0.0	0.0010678720020112142
15667.0	21.0	1.0	0.0	0.0032226364499046293
15688.0	21.0	1.0	0.0	0.0019030391148158003
15709.0	21.0	1.0	0.0	0.001381104968842957
15730.0	21.0	1.0	0.0	0.0015881463913690096
15751.0	21.0	1.0	0.0	0.002344498407273019
15772.0	21.0	1.0	0.0	0.0014704909551710953
15793.0	21.0	1.0	0.0	0.0007599094935825523
15814.0	21.0	1.0	0.0	0.0004169631231398477
15835.0	21.0	1.0	0.0	0.00021589878627228574
15856.0	21.0	1.0	0.0	0.00010216558547245476
15877.0	21.0	1.0	0.0	4.890659877232142e-05
15898.0	21.0	1.0	0.0	3.0299595424107133e-05
15919.0	21.0	1.0	0.0	1.933280343101138e-05
15940.0	21.0	1.0	0.0	1.3107382115863621e-05
15961.0	21.0	1.0	0.0	9.453288146427699e-06
15982.0	21.0	1.0	0.0	7.713400182269867e-06
16003.0	21.0	1.0	0.0	1.4729085422697521e-05
16024.0	21.0	1.0	0.0	9.021872565859843e-06
16045.0	21.0	1.0	0.0	7.167555036998931e-06
16066.0	21.0	1.0	0.0	9.118689809524443e-05
16087.0	21.0	1.0	0.0	0.00030463077908464767
16108.0	21.0	1.0	0.0	0.0017328812735420808
16129.0	21.0	1.0	0.0	0.0018055795942033567
16150.0	21.0	1.0	0.0	0.0014668495541526668
16171.0	21.0	1.0	0.0	0.000519474574497719
16192.0	21.0	1.0	0.0	0.00020625123523525718
16213.0	21.0	1.0	0.0	9.317379906062084e-05
16234.0	21.0	1.0	0.0	4.292515345982144e-05
16255.0	21.0	1.0	0.0	2.3288545154389877e-05
16276.0	21.0	1.0	0.0	1.4589709894997731e-05
16297.0	21.0	1.0	0.0	1.0076576755160376e-05
16318.0	21.0	1.0	0.0	7.303447950453986e-06
16339.0	21.0	1.0	0.0	5.864183108011883e-06
16360.0	21.0	1.0	0.0	9.621913092475129e-05
16381.0	21.0	1.0	0.0	3.009555453345889e-05
16402.0	21.0	1.0	0.0	2.8477963947114494e-05
16423.0	21.0	1.0	0.0	5.0813334328787226e-05
16444.0	21.0	1.0	0.0	0.0005841720217749577
16465.0	21.0	1.0	0.0	0.001305185136340862
16486.0	21.0	1.0	0.0	0.0017699888320195814
16507.0	21.0	1.0	0.0	0.0017683959234328001
16528.0	21.0	1.0	0.0	0.000537881760370119
16549.0	21.0	1.0	0.0	0.0001900503976004143
16570.0	21.0	1.0	0.0	0.0001932373046874476
16591.0	21.0	1.0	0.0	0.00010083225795199345
16612.0	21.0	1.0	0.0	4.434131440662202e-05
16633.0	21.0	1.0	0.0	2.360160435949053e-05
16654.0	21.0	1.0	0.0	1.4743017298834663e-05
16675.0	21.0	1.0	0.0	2.709908144814627e-05
16696.0	21.0	1.0	0.0	2.4120330810543875e-05
16717.0	21.0	1.0	0.0	0.0001735167219525106
16738.0	21.0	1.0	0.0	0.0014889506612504764
16759.0	21.0	1.0	0.0	0.0010224345979235904
16780.0	21.0	1.0	0.0	0.0007589249383835096
16801.0	21.0	1.0	0.0	0.001868561154320086
16822.0	21.0	1.0	0.0	0.0013305373418898427
16843.0	21.0	1.0	0.0	0.000865543183826219
16864.0	21.0	1.0	0.0	0.0011310054234095525
16885.0	21.0	1.0	0.0	0.0005407148088727142
16906.0	21.0	1.0	0.0	0.00016254534040174284
16927.0	21.0	1.0	0.0	0.00011169215611044465
16948.0	21.0	1.0	0.0	5.949619838169644e-05
16969.0	21.0	1.0	0.0	2.979169573102679e-05
16990.0	21.0	1.0	0.0	1.748875209263393e-05
17011.0	21.0	1.0	0.0	1.1464630564053852e-05
17032.0	21.0	1.0	0.0	8.36759450889769e-06
17053.0	21.0	1.0	0.0	2.367931888217018e-05
17074.0	21.0	1.0	0.0	1.938303311665853e-05
17095.0	21.0	1.0	0.0	1.630054201398577e-05
17116.0	21.0	1.0	0.0	0.00010670948596225736
17137.0	21.0	1.0	0.0	0.0004478293259938144
17158.0	21.0	1.0	0.0	0.000841882705688419
17179.0	21.0	1.0	0.0	0.001077366420200843
17200.0	21.0	1.0	0.0	0.001733771732875224
17221.0	21.0	1.0	0.0	0.0014766751243954189
17242.0	21.0	1.0	0.0	0.0009069766090029334
17263.0	21.0	1.0	0.0	0.00025374421619229055
17284.0	21.0	1.0	0.0	8.656020391553989e-05
17305.0	21.0	1.0	0.0	3.8520449683779766e-05
17326.0	21.0	1.0	0.0	2.0915440150669644e-05
17347.0	21.0	1.0	0.0	1.3980683826264875e-05
17368.0	21.0	1.0	0.0	9.486945966879528e-06
17389.0	21.0	1.0	0.0	7.413901388645171e-06
17410.0	21.0	1.0	0.0	7.482453471138362e-06
17431.0	21.0	1.0	0.0	0.00010496372835973985
17452.0	21.0	1.0	0.0	2.9585395540509894e-05
17473.0	21.0	1.0	0.0	5.714204197838193e-05
17494.0	21.0	1.0	0.0	8.455685206820752e-05
17515.0	21.0	1.0	0.0	0.00037293554487676666
17536.0	21.0	1.0	0.0	0.0013379331770396806
17557.0	21.0	1.0	0.0	0.0007301566714331715
17578.0	21.0	1.0	0.0	0.0021072929019019192
17599.0	21.0	1.0	0.0	0.0014828207833425858
17620.0	21.0	1.0	0.0	0.001070027669270781
17641.0	21.0	1.0	0.0	0.000437466575985819
17662.0	21.0	1.0	0.0	0.00020368012927823336
17683.0	21.0	1.0	0.0	0.00020810154506133808
17704.0	21.0	1.0	0.0	8.452133905318811e-05
17725.0	21.0	1.0	0.0	4.833805898115748e-05
17746.0	21.0	1.0	0.0	3.0483656873305636e-05
17767.0	21.0	1.0	0.0	1.9675924664451958e-05
17788.0	21.0	1.0	0.0	1.6338530040922623e-05
17809.0	21.0	1.0	0.0	1.6020530746096658e-05
17830.0	21.0	1.0	0.0	6.397759914397181e-05
17851.0	21.0	1.0	0.0	0.0001504772050039814
17872.0	21.0	1.0	0.0	0.000647998060498881
17893.0	21.0	1.0	0.0	0.0014048347473144098
17914.0	21.0	1.0	0.0	0.0010431289672851003
17935.0	21.0	1.0	0.0	0.0016757053193591478
17956.0	21.0	1.0	0.0	0.0008495835803803524
17977.0	21.0	1.0	0.0	0.0005010506766182524
17998.0	21.0	1.0	0.0	0.00047569638206841424
18019.0	21.0	1.0	0.0	0.00025927080426893815
18040.0	21.0	1.0	0.0	9.971037365139823e-05
18061.0	21.0	1.0	0.0	4.305594308035715e-05
18082.0	21.0	1.0	0.0	2.3262387230282733e-05
18103.0	21.0	1.0	0.0	1.4723225718452816e-05
18124.0	21.0	1.0	0.0	1.0131248406001503e-05
18145.0	21.0	1.0	0.0	7.31446771394639e-06
18166.0	21.0	1.0	0.0	5.584767886570522e-06
18187.0	21.0	1.0	0.0	5.471016679491315e-06
18208.0	21.0	1.0	0.0	5.355990500675952e-05
18229.0	21.0	1.0	0.0	0.00036279420057926673
18250.0	13.0	1.0	0.0	0.0007911482590894921
