stress_period	sp_length	time_step	study (0 : TS or 1 : SS)	rech
0.0	1.0	1.0	1.0	0.00034706977240186706
1.0	21.0	1.0	0.0	0.001028032666160895
22.0	21.0	1.0	0.0	0.001970530555361743
43.0	21.0	1.0	0.0	0.0015267373947869666
64.0	21.0	1.0	0.0	0.0008313693091982428
85.0	21.0	1.0	0.0	0.0009406542096818811
106.0	21.0	1.0	0.0	0.00032706415085560954
127.0	21.0	1.0	0.0	0.00021389189220606195
148.0	21.0	1.0	0.0	0.0002699795677548084
169.0	21.0	1.0	0.0	0.00011517116001671253
190.0	21.0	1.0	0.0	5.881173270089287e-05
211.0	21.0	1.0	0.0	3.5987269310724166e-05
232.0	21.0	1.0	0.0	2.287464482443673e-05
253.0	21.0	1.0	0.0	4.023025717053629e-05
274.0	21.0	1.0	0.0	7.24983158565588e-05
295.0	21.0	1.0	0.0	3.0208996364048558e-05
316.0	21.0	1.0	0.0	0.00045087482815693537
337.0	21.0	1.0	0.0	0.00015637502216151426
358.0	21.0	1.0	0.0	0.0010447805495488714
379.0	21.0	1.0	0.0	0.002170605614071757
400.0	21.0	1.0	0.0	0.0015112293788364475
421.0	21.0	1.0	0.0	0.0007251267206100809
442.0	21.0	1.0	0.0	0.0009720989408946761
463.0	21.0	1.0	0.0	0.00039336722237719054
484.0	21.0	1.0	0.0	0.00019315374465210476
505.0	21.0	1.0	0.0	9.689839680987738e-05
526.0	21.0	1.0	0.0	4.3632144019717266e-05
547.0	21.0	1.0	0.0	2.13346935453869e-05
568.0	21.0	1.0	0.0	1.2422260783967516e-05
589.0	21.0	1.0	0.0	1.615451205344136e-05
610.0	21.0	1.0	0.0	6.724208593368532e-06
631.0	21.0	1.0	0.0	0.00027044936588829305
652.0	21.0	1.0	0.0	0.00018048772357756812
673.0	21.0	1.0	0.0	6.746151333763452e-05
694.0	21.0	1.0	0.0	0.00020910558246426322
715.0	21.0	1.0	0.0	0.0006458436420985001
736.0	21.0	1.0	0.0	0.0005576714106968
757.0	21.0	1.0	0.0	0.0003650034949892572
778.0	21.0	1.0	0.0	0.0008995272318521666
799.0	21.0	1.0	0.0	0.0008319531395321334
820.0	21.0	1.0	0.0	0.00037876710437588566
841.0	21.0	1.0	0.0	0.00024782852899456187
862.0	21.0	1.0	0.0	0.00011025456019807649
883.0	21.0	1.0	0.0	5.460430326915923e-05
904.0	21.0	1.0	0.0	2.790687197730655e-05
925.0	21.0	1.0	0.0	1.5723884016984982e-05
946.0	21.0	1.0	0.0	1.1149149654167039e-05
967.0	21.0	1.0	0.0	4.3996014765327636e-05
988.0	21.0	1.0	0.0	1.5258249782380604e-05
1009.0	21.0	1.0	0.0	9.615066505612587e-05
1030.0	21.0	1.0	0.0	7.178112438745965e-05
1051.0	21.0	1.0	0.0	0.00037114567983713334
1072.0	21.0	1.0	0.0	0.0001313604173205619
1093.0	21.0	1.0	0.0	0.0005892765408470048
1114.0	21.0	1.0	0.0	0.00039881424676799053
1135.0	21.0	1.0	0.0	0.00025553312755762376
1156.0	21.0	1.0	0.0	0.00028135790143690476
1177.0	21.0	1.0	0.0	0.0004446480160667237
1198.0	21.0	1.0	0.0	0.0003257613409132619
1219.0	21.0	1.0	0.0	0.0002821617126464382
1240.0	21.0	1.0	0.0	0.00021614074707026668
1261.0	21.0	1.0	0.0	8.809879847933541e-05
1282.0	21.0	1.0	0.0	4.0073213123139885e-05
1303.0	21.0	1.0	0.0	2.1054001081557504e-05
1324.0	21.0	1.0	0.0	1.4271114553724016e-05
1345.0	21.0	1.0	0.0	3.5526210353480984e-05
1366.0	21.0	1.0	0.0	1.3534818376813617e-05
1387.0	21.0	1.0	0.0	0.0001640458334059855
1408.0	21.0	1.0	0.0	5.602761677332865e-05
1429.0	21.0	1.0	0.0	0.0005278241520835799
1450.0	21.0	1.0	0.0	0.0005776859465098998
1471.0	21.0	1.0	0.0	0.000482850755963962
1492.0	21.0	1.0	0.0	0.0008830880664643334
1513.0	21.0	1.0	0.0	0.0009321723211378762
1534.0	21.0	1.0	0.0	0.0005032163347516237
1555.0	21.0	1.0	0.0	0.0004124723161969382
1576.0	21.0	1.0	0.0	0.00018541572207490952
1597.0	21.0	1.0	0.0	9.025791713168452e-05
1618.0	21.0	1.0	0.0	5.9220450265059835e-05
1639.0	21.0	1.0	0.0	2.7051653180803576e-05
1660.0	21.0	1.0	0.0	7.728545296759089e-05
1681.0	21.0	1.0	0.0	1.4489842312676566e-05
1702.0	21.0	1.0	0.0	9.559523491632373e-06
1723.0	21.0	1.0	0.0	2.515243632452546e-05
1744.0	21.0	1.0	0.0	0.00013723550524027823
1765.0	21.0	1.0	0.0	0.00020208193006966409
1786.0	21.0	1.0	0.0	0.000391435078212154
1807.0	21.0	1.0	0.0	0.0007570934295653811
1828.0	21.0	1.0	0.0	0.0008395451136997236
1849.0	21.0	1.0	0.0	0.001960854848225867
1870.0	21.0	1.0	0.0	0.0013758857363745855
1891.0	21.0	1.0	0.0	0.0008297253563290142
1912.0	21.0	1.0	0.0	0.0003748488653273429
1933.0	21.0	1.0	0.0	0.00015025329589839047
1954.0	21.0	1.0	0.0	8.63247825985732e-05
1975.0	21.0	1.0	0.0	4.7713506789434523e-05
1996.0	21.0	1.0	0.0	2.5994437081473217e-05
2017.0	21.0	1.0	0.0	1.5297299339657736e-05
2038.0	21.0	1.0	0.0	9.742554454576402e-06
2059.0	21.0	1.0	0.0	2.5474495121409848e-05
2080.0	21.0	1.0	0.0	6.142521756034808e-05
2101.0	21.0	1.0	0.0	0.0002495088577270227
2122.0	21.0	1.0	0.0	0.00021094758169986667
2143.0	21.0	1.0	0.0	0.0004897698447817381
2164.0	21.0	1.0	0.0	0.000820590882074219
2185.0	21.0	1.0	0.0	0.0012865249997092998
2206.0	21.0	1.0	0.0	0.0020017420450845857
2227.0	21.0	1.0	0.0	0.001674368358793667
2248.0	21.0	1.0	0.0	0.0009641839890252526
2269.0	21.0	1.0	0.0	0.0012082911900111236
2290.0	21.0	1.0	0.0	0.0008710545131137903
2311.0	21.0	1.0	0.0	0.0004151335216703477
2332.0	21.0	1.0	0.0	0.00035901169549846195
2353.0	21.0	1.0	0.0	0.00016276041666662736
2374.0	21.0	1.0	0.0	5.6049165271577394e-05
2395.0	21.0	1.0	0.0	2.9537161191304525e-05
2416.0	21.0	1.0	0.0	1.8310808000110442e-05
2437.0	21.0	1.0	0.0	5.9181253115330766e-05
2458.0	21.0	1.0	0.0	1.099553562345959e-05
2479.0	21.0	1.0	0.0	0.00017218053908574926
2500.0	21.0	1.0	0.0	0.000561318056923952
2521.0	21.0	1.0	0.0	0.00024193827311192853
2542.0	21.0	1.0	0.0	0.0003921200888497001
2563.0	21.0	1.0	0.0	0.0018653864179338235
2584.0	21.0	1.0	0.0	0.0008446444556826142
2605.0	21.0	1.0	0.0	0.00037298111688519053
2626.0	21.0	1.0	0.0	0.00025512622651595714
2647.0	21.0	1.0	0.0	0.00014901479085281902
2668.0	21.0	1.0	0.0	0.00012295277913407083
2689.0	21.0	1.0	0.0	6.95132300967262e-05
2710.0	21.0	1.0	0.0	3.740219842819941e-05
2731.0	21.0	1.0	0.0	2.3880004882812503e-05
2752.0	21.0	1.0	0.0	1.4092134755282174e-05
2773.0	21.0	1.0	0.0	9.842982426995322e-06
2794.0	21.0	1.0	0.0	2.682955704984211e-05
2815.0	21.0	1.0	0.0	3.429756845746072e-05
2836.0	21.0	1.0	0.0	3.467570032391984e-05
2857.0	21.0	1.0	0.0	4.348146347771929e-05
2878.0	21.0	1.0	0.0	0.00022611854189915162
2899.0	21.0	1.0	0.0	0.0013296320324851809
2920.0	21.0	1.0	0.0	0.0010171795799618238
2941.0	21.0	1.0	0.0	0.0010396944681802904
2962.0	21.0	1.0	0.0	0.0016854335239954953
2983.0	21.0	1.0	0.0	0.0007629372732979429
3004.0	21.0	1.0	0.0	0.0012940034412201953
3025.0	21.0	1.0	0.0	0.0006310737246558428
3046.0	21.0	1.0	0.0	0.0007524363199869379
3067.0	21.0	1.0	0.0	0.00044969976515992865
3088.0	21.0	1.0	0.0	0.00017072550455725892
3109.0	21.0	1.0	0.0	5.91670445033482e-05
3130.0	21.0	1.0	0.0	3.273976700646537e-05
3151.0	21.0	1.0	0.0	2.030526740210397e-05
3172.0	21.0	1.0	0.0	1.3899173055376327e-05
3193.0	21.0	1.0	0.0	7.279183183397406e-05
3214.0	21.0	1.0	0.0	0.0004892682120913322
3235.0	21.0	1.0	0.0	0.00022887011936729052
3256.0	21.0	1.0	0.0	0.00045505060468396195
3277.0	21.0	1.0	0.0	0.00038733010064982384
3298.0	21.0	1.0	0.0	0.0011464594886416094
3319.0	21.0	1.0	0.0	0.0006473159790038668
3340.0	21.0	1.0	0.0	0.0007084405081612381
3361.0	21.0	1.0	0.0	0.0011644308907644574
3382.0	21.0	1.0	0.0	0.0020254131498790478
3403.0	21.0	1.0	0.0	0.0005445447649274142
3424.0	21.0	1.0	0.0	0.00019545636858254764
3445.0	21.0	1.0	0.0	7.581147693451488e-05
3466.0	21.0	1.0	0.0	3.5492669968377974e-05
3487.0	21.0	1.0	0.0	2.1462585954439075e-05
3508.0	21.0	1.0	0.0	1.3122628842081345e-05
3529.0	21.0	1.0	0.0	2.5947295484087465e-05
3550.0	21.0	1.0	0.0	9.935478369394936e-06
3571.0	21.0	1.0	0.0	0.0001190300044559107
3592.0	21.0	1.0	0.0	7.122319085255653e-05
3613.0	21.0	1.0	0.0	0.00036423798969808575
3634.0	21.0	1.0	0.0	0.0006309224537440096
3655.0	21.0	1.0	0.0	0.0008753652118500763
3676.0	21.0	1.0	0.0	0.0016152254740396616
3697.0	21.0	1.0	0.0	0.0015379304431733236
3718.0	21.0	1.0	0.0	0.0003826951526459714
3739.0	21.0	1.0	0.0	0.0006483790079752143
3760.0	21.0	1.0	0.0	0.0003435174851190096
3781.0	21.0	1.0	0.0	0.00020804704938610956
3802.0	21.0	1.0	0.0	9.170604887461547e-05
3823.0	21.0	1.0	0.0	3.684852236793155e-05
3844.0	21.0	1.0	0.0	6.20742071242518e-05
3865.0	21.0	1.0	0.0	1.625376088278634e-05
3886.0	21.0	1.0	0.0	1.0224492776961555e-05
3907.0	21.0	1.0	0.0	7.500702426547096e-06
3928.0	21.0	1.0	0.0	6.592790285746258e-06
3949.0	21.0	1.0	0.0	0.00026877674602323367
3970.0	21.0	1.0	0.0	0.0007809516588846287
3991.0	21.0	1.0	0.0	0.0017797885168165857
4012.0	21.0	1.0	0.0	0.0016771950494674855
4033.0	21.0	1.0	0.0	0.0008891042073567235
4054.0	21.0	1.0	0.0	0.0005537432716005858
4075.0	21.0	1.0	0.0	0.00042981683640248576
4096.0	21.0	1.0	0.0	0.000258928571428538
4117.0	21.0	1.0	0.0	0.00017141069684705712
4138.0	21.0	1.0	0.0	9.958031063986189e-05
4159.0	21.0	1.0	0.0	0.00022730364118302623
4180.0	21.0	1.0	0.0	0.00015888686407179942
4201.0	21.0	1.0	0.0	4.156421479724702e-05
4222.0	21.0	1.0	0.0	2.3252676640238082e-05
4243.0	21.0	1.0	0.0	6.667051215965945e-05
4264.0	21.0	1.0	0.0	1.7371234439668203e-05
4285.0	21.0	1.0	0.0	4.261644681294133e-05
4306.0	21.0	1.0	0.0	2.5933549517676955e-05
4327.0	21.0	1.0	0.0	0.0001853895641508297
4348.0	21.0	1.0	0.0	0.0005605620883759521
4369.0	21.0	1.0	0.0	0.0009267331986199762
4390.0	21.0	1.0	0.0	0.0014801890055338093
4411.0	21.0	1.0	0.0	0.000921173095703081
4432.0	21.0	1.0	0.0	0.0010837791079566143
4453.0	21.0	1.0	0.0	0.0008422800699869382
4474.0	21.0	1.0	0.0	0.00042693655831469997
4495.0	21.0	1.0	0.0	0.00020297241210932862
4516.0	21.0	1.0	0.0	8.386666434151131e-05
4537.0	21.0	1.0	0.0	4.2057582310267856e-05
4558.0	21.0	1.0	0.0	2.3898896716889884e-05
4579.0	21.0	1.0	0.0	1.7611039536339898e-05
4600.0	21.0	1.0	0.0	1.3397546041579473e-05
4621.0	21.0	1.0	0.0	8.372149297169276e-06
4642.0	21.0	1.0	0.0	6.8812285150800426e-06
4663.0	21.0	1.0	0.0	3.608385721842448e-05
4684.0	21.0	1.0	0.0	0.00031379922798698657
4705.0	21.0	1.0	0.0	0.0002953944433302572
4726.0	21.0	1.0	0.0	0.0005382208142961334
4747.0	21.0	1.0	0.0	0.0005273154122488334
4768.0	21.0	1.0	0.0	0.0006468037196567619
4789.0	21.0	1.0	0.0	0.0009101446242559144
4810.0	21.0	1.0	0.0	0.0013338644845144712
4831.0	21.0	1.0	0.0	0.0004182085309709334
4852.0	21.0	1.0	0.0	0.0002919722057523761
4873.0	21.0	1.0	0.0	0.00022181592668801432
4894.0	21.0	1.0	0.0	9.27225748697637e-05
4915.0	21.0	1.0	0.0	3.576551164899553e-05
4936.0	21.0	1.0	0.0	1.8511454264322914e-05
4957.0	21.0	1.0	0.0	1.1817824982461475e-05
4978.0	21.0	1.0	0.0	0.00010255084364186543
4999.0	21.0	1.0	0.0	2.148652076721192e-05
5020.0	21.0	1.0	0.0	1.3278279985700332e-05
5041.0	21.0	1.0	0.0	0.0004916777724311017
5062.0	21.0	1.0	0.0	0.0005134066173008048
5083.0	21.0	1.0	0.0	0.0006168191092354524
5104.0	21.0	1.0	0.0	0.0004281725202287523
5125.0	21.0	1.0	0.0	0.0006790162949334523
5146.0	21.0	1.0	0.0	0.0007135445731026333
5167.0	21.0	1.0	0.0	0.0006359539940243189
5188.0	21.0	1.0	0.0	0.00042191968645364277
5209.0	21.0	1.0	0.0	0.0002642048427036476
5230.0	21.0	1.0	0.0	0.00019087437220977621
5251.0	21.0	1.0	0.0	0.00011526816231860179
5272.0	21.0	1.0	0.0	6.031581333705358e-05
5293.0	21.0	1.0	0.0	2.8112502325148804e-05
5314.0	21.0	1.0	0.0	1.532616040536335e-05
5335.0	21.0	1.0	0.0	1.357725440036683e-05
5356.0	21.0	1.0	0.0	8.802137204578946e-06
5377.0	21.0	1.0	0.0	1.1678823402949741e-05
5398.0	21.0	1.0	0.0	5.926457189377443e-05
5419.0	21.0	1.0	0.0	3.8313104992820255e-05
5440.0	21.0	1.0	0.0	0.00037993306205381906
5461.0	21.0	1.0	0.0	0.0002458792641048857
5482.0	21.0	1.0	0.0	0.0008075976598829903
5503.0	21.0	1.0	0.0	0.001320986974806962
5524.0	21.0	1.0	0.0	0.0007083887372697666
5545.0	21.0	1.0	0.0	0.00043893141973580963
5566.0	21.0	1.0	0.0	0.0002844223749069618
5587.0	21.0	1.0	0.0	0.0002080165318079809
5608.0	21.0	1.0	0.0	0.0001529330299013762
5629.0	21.0	1.0	0.0	0.00010006604875834196
5650.0	21.0	1.0	0.0	0.00010369909377324165
5671.0	21.0	1.0	0.0	5.7867867606020834e-05
5692.0	21.0	1.0	0.0	4.238556378654071e-05
5713.0	21.0	1.0	0.0	3.0479138805752703e-05
5734.0	21.0	1.0	0.0	5.363923027401091e-05
5755.0	21.0	1.0	0.0	3.795674868992396e-05
5776.0	21.0	1.0	0.0	0.00031672137124192875
5797.0	21.0	1.0	0.0	0.00023454838707329055
5818.0	21.0	1.0	0.0	0.0005416427339825904
5839.0	21.0	1.0	0.0	0.0006720129648843954
5860.0	21.0	1.0	0.0	0.0006842874799455384
5881.0	21.0	1.0	0.0	0.0016790448143368096
5902.0	21.0	1.0	0.0	0.001018776666550362
5923.0	21.0	1.0	0.0	0.0006209182739257381
5944.0	21.0	1.0	0.0	0.0003200956072125667
5965.0	21.0	1.0	0.0	0.0001393498011997351
5986.0	21.0	1.0	0.0	6.618463425409227e-05
6007.0	21.0	1.0	0.0	8.573622930616848e-05
6028.0	21.0	1.0	0.0	2.3699079241071432e-05
6049.0	21.0	1.0	0.0	7.842157284418685e-05
6070.0	21.0	1.0	0.0	2.4761066550298552e-05
6091.0	21.0	1.0	0.0	1.1243840058644612e-05
6112.0	21.0	1.0	0.0	1.2279666605449858e-05
6133.0	21.0	1.0	0.0	0.0002034954343523007
6154.0	21.0	1.0	0.0	5.856239228021017e-05
6175.0	21.0	1.0	0.0	6.840601421536738e-05
6196.0	21.0	1.0	0.0	7.376253037225633e-05
6217.0	21.0	1.0	0.0	0.00018158985319587402
6238.0	21.0	1.0	0.0	0.0001961448760259286
6259.0	21.0	1.0	0.0	0.00021422912960956185
6280.0	21.0	1.0	0.0	0.00018225015912731426
6301.0	21.0	1.0	0.0	0.00023030980428055242
6322.0	21.0	1.0	0.0	0.00013963045392712423
6343.0	21.0	1.0	0.0	6.73136029924665e-05
6364.0	21.0	1.0	0.0	3.638985043480283e-05
6385.0	21.0	1.0	0.0	3.174227759951637e-05
6406.0	21.0	1.0	0.0	0.0001721975235711834
6427.0	21.0	1.0	0.0	0.00019102863470712623
6448.0	21.0	1.0	0.0	3.151037579491026e-05
6469.0	21.0	1.0	0.0	3.918892996651603e-05
6490.0	21.0	1.0	0.0	2.615345092046828e-05
6511.0	21.0	1.0	0.0	0.00018933473314555684
6532.0	21.0	1.0	0.0	0.00011242117200576148
6553.0	21.0	1.0	0.0	0.00021389225551054762
6574.0	21.0	1.0	0.0	0.0005080387478782475
6595.0	21.0	1.0	0.0	0.0012379579998197522
6616.0	21.0	1.0	0.0	0.0008493083772204759
6637.0	21.0	1.0	0.0	0.0004928483508881526
6658.0	21.0	1.0	0.0	0.00031285640171592385
6679.0	21.0	1.0	0.0	0.00021385338192889046
6700.0	21.0	1.0	0.0	0.00011602637881322054
6721.0	21.0	1.0	0.0	5.5434817359561014e-05
6742.0	21.0	1.0	0.0	3.0505952380952388e-05
6763.0	21.0	1.0	0.0	1.871308826264881e-05
6784.0	21.0	1.0	0.0	1.1908167884463352e-05
6805.0	21.0	1.0	0.0	1.4638754583540417e-05
6826.0	21.0	1.0	0.0	7.741041126705351e-06
6847.0	21.0	1.0	0.0	5.7254490398225325e-06
6868.0	21.0	1.0	0.0	8.54694076946729e-05
6889.0	21.0	1.0	0.0	2.451960245768229e-05
6910.0	21.0	1.0	0.0	0.0002536294687361538
6931.0	21.0	1.0	0.0	0.00011358819689066357
6952.0	21.0	1.0	0.0	0.0003031023116338341
6973.0	21.0	1.0	0.0	0.0007256942930675285
6994.0	21.0	1.0	0.0	0.0009650582813080811
7015.0	21.0	1.0	0.0	0.0005528793334960476
7036.0	21.0	1.0	0.0	0.0002931689307802761
7057.0	21.0	1.0	0.0	0.00018096923828120473
7078.0	21.0	1.0	0.0	8.320654006230089e-05
7099.0	21.0	1.0	0.0	3.8375491187686015e-05
7120.0	21.0	1.0	0.0	4.438818068730625e-05
7141.0	21.0	1.0	0.0	1.4856123853297464e-05
7162.0	21.0	1.0	0.0	9.89436429171335e-06
7183.0	21.0	1.0	0.0	1.4557951972598119e-05
7204.0	21.0	1.0	0.0	1.8381425312587194e-05
7225.0	21.0	1.0	0.0	7.204219840820068e-05
7246.0	21.0	1.0	0.0	0.0004494308517092365
7267.0	21.0	1.0	0.0	0.00038718055543440007
7288.0	21.0	1.0	0.0	0.0005413326081775001
7309.0	21.0	1.0	0.0	0.0006914656502859382
7330.0	21.0	1.0	0.0	0.0009886521838959714
7351.0	21.0	1.0	0.0	0.0005714532761346333
7372.0	21.0	1.0	0.0	0.00035276358468187623
7393.0	21.0	1.0	0.0	0.00046576872326074744
7414.0	21.0	1.0	0.0	0.0003195408412387904
7435.0	21.0	1.0	0.0	0.0002172470092772952
7456.0	21.0	1.0	0.0	9.53492664155226e-05
7477.0	21.0	1.0	0.0	4.21080816359747e-05
7498.0	21.0	1.0	0.0	2.4226550811103408e-05
7519.0	21.0	1.0	0.0	1.4348631547320457e-05
7540.0	21.0	1.0	0.0	3.192112133616272e-05
7561.0	21.0	1.0	0.0	1.0892311731974283e-05
7582.0	21.0	1.0	0.0	1.1254276548113142e-05
7603.0	21.0	1.0	0.0	0.00019324037574583217
7624.0	21.0	1.0	0.0	0.00017284207116986626
7645.0	21.0	1.0	0.0	0.0004745936620802571
7666.0	21.0	1.0	0.0	0.0006129236675443668
7687.0	21.0	1.0	0.0	0.0007464090983072333
7708.0	21.0	1.0	0.0	0.0007746178763252903
7729.0	21.0	1.0	0.0	0.0005391822088331952
7750.0	21.0	1.0	0.0	0.0006171446300687763
7771.0	21.0	1.0	0.0	0.00046214657738090473
7792.0	21.0	1.0	0.0	0.00035176667712979526
7813.0	21.0	1.0	0.0	0.00013864390055333186
7834.0	21.0	1.0	0.0	5.434199741908482e-05
7855.0	21.0	1.0	0.0	4.933457147506755e-05
7876.0	21.0	1.0	0.0	2.1898861442293444e-05
7897.0	21.0	1.0	0.0	1.563279259772528e-05
7918.0	21.0	1.0	0.0	1.372188613528297e-05
7939.0	21.0	1.0	0.0	6.597759042466323e-05
7960.0	21.0	1.0	0.0	1.8461636134556362e-05
7981.0	21.0	1.0	0.0	0.0002060237725575443
8002.0	21.0	1.0	0.0	0.0005900821231660118
8023.0	21.0	1.0	0.0	0.0006213500613257474
8044.0	21.0	1.0	0.0	0.00042565354846767624
8065.0	21.0	1.0	0.0	0.0004358920142763761
8086.0	21.0	1.0	0.0	0.0006645896548316142
8107.0	21.0	1.0	0.0	0.000525975908551838
8128.0	21.0	1.0	0.0	0.00030008552187960947
8149.0	21.0	1.0	0.0	0.00012927682059148216
8170.0	21.0	1.0	0.0	5.854506719680059e-05
8191.0	21.0	1.0	0.0	5.877104259671607e-05
8212.0	21.0	1.0	0.0	2.3852030436197912e-05
8233.0	21.0	1.0	0.0	3.06634551712427e-05
8254.0	21.0	1.0	0.0	1.344047948008492e-05
8275.0	21.0	1.0	0.0	0.00018098307223546429
8296.0	21.0	1.0	0.0	7.102805092220674e-05
8317.0	21.0	1.0	0.0	2.4576050894601006e-05
8338.0	21.0	1.0	0.0	0.00046021929241358466
8359.0	21.0	1.0	0.0	0.0011323344821021143
8380.0	21.0	1.0	0.0	0.0012724956330798477
8401.0	21.0	1.0	0.0	0.0016628708612350719
8422.0	21.0	1.0	0.0	0.000636128016880519
8443.0	21.0	1.0	0.0	0.0005102444603329142
8464.0	21.0	1.0	0.0	0.001029319399879057
8485.0	21.0	1.0	0.0	0.0009535464332216812
8506.0	21.0	1.0	0.0	0.0004114060174850667
8527.0	21.0	1.0	0.0	0.00017173767089839523
8548.0	21.0	1.0	0.0	6.9000244140625e-05
8569.0	21.0	1.0	0.0	3.2350086030505955e-05
8590.0	21.0	1.0	0.0	1.6807192847842266e-05
8611.0	21.0	1.0	0.0	1.105345927533649e-05
8632.0	21.0	1.0	0.0	9.870116909344991e-06
8653.0	21.0	1.0	0.0	6.4489202839987605e-06
8674.0	21.0	1.0	0.0	2.3872301692054386e-05
8695.0	21.0	1.0	0.0	0.00028812788213999403
8716.0	21.0	1.0	0.0	0.000296446981884136
8737.0	21.0	1.0	0.0	0.0008991654713948049
8758.0	21.0	1.0	0.0	0.0006806366330100952
8779.0	21.0	1.0	0.0	0.001253057025727724
8800.0	21.0	1.0	0.0	0.0008808059692382427
8821.0	21.0	1.0	0.0	0.001003066653297019
8842.0	21.0	1.0	0.0	0.0006324510120209762
8863.0	21.0	1.0	0.0	0.0011195551554361474
8884.0	21.0	1.0	0.0	0.0006254054478236284
8905.0	21.0	1.0	0.0	0.00018328857421870954
8926.0	21.0	1.0	0.0	6.821841285341903e-05
8947.0	21.0	1.0	0.0	2.958533877418155e-05
8968.0	21.0	1.0	0.0	1.891244451204936e-05
8989.0	21.0	1.0	0.0	1.5094148261206492e-05
9010.0	21.0	1.0	0.0	1.2931608018420988e-05
9031.0	21.0	1.0	0.0	1.1226918016161236e-05
9052.0	21.0	1.0	0.0	3.170176347096761e-05
9073.0	21.0	1.0	0.0	0.0001656607730047663
9094.0	21.0	1.0	0.0	0.00029943913505185715
9115.0	21.0	1.0	0.0	0.00024262955075214664
9136.0	21.0	1.0	0.0	0.00042983055114740004
9157.0	21.0	1.0	0.0	0.0006166084834507094
9178.0	21.0	1.0	0.0	0.0005875787280854144
9199.0	21.0	1.0	0.0	0.00034284464518224755
9220.0	21.0	1.0	0.0	0.00019222386678055235
9241.0	21.0	1.0	0.0	0.0001260940915061878
9262.0	21.0	1.0	0.0	6.381588890438989e-05
9283.0	21.0	1.0	0.0	3.3061799548921124e-05
9304.0	21.0	1.0	0.0	1.7761957077752975e-05
9325.0	21.0	1.0	0.0	1.1554502305530367e-05
9346.0	21.0	1.0	0.0	1.2301148403258549e-05
9367.0	21.0	1.0	0.0	6.682315043040683e-06
9388.0	21.0	1.0	0.0	7.144689559936522e-06
9409.0	21.0	1.0	0.0	6.02845067069644e-06
9430.0	21.0	1.0	0.0	0.00020273822829834997
9451.0	21.0	1.0	0.0	0.0001898282823108066
9472.0	21.0	1.0	0.0	0.00034429300399049524
9493.0	21.0	1.0	0.0	0.00045994931175590004
9514.0	21.0	1.0	0.0	0.00040138589768177617
9535.0	21.0	1.0	0.0	0.0003415216718400619
9556.0	21.0	1.0	0.0	0.00035004279727021426
9577.0	21.0	1.0	0.0	0.00020189775739391907
9598.0	21.0	1.0	0.0	0.00010274287632530983
9619.0	21.0	1.0	0.0	5.062957037062872e-05
9640.0	21.0	1.0	0.0	0.0002226567949567356
9661.0	21.0	1.0	0.0	4.422578357514881e-05
9682.0	21.0	1.0	0.0	2.3255302792503717e-05
9703.0	21.0	1.0	0.0	1.3447313791229615e-05
9724.0	21.0	1.0	0.0	9.255888206618174e-06
9745.0	21.0	1.0	0.0	3.924586375553555e-05
9766.0	21.0	1.0	0.0	9.568443184806531e-05
9787.0	21.0	1.0	0.0	9.419793174380347e-06
9808.0	21.0	1.0	0.0	0.0004557169732592963
9829.0	21.0	1.0	0.0	0.0004703832807994519
9850.0	21.0	1.0	0.0	0.0008361931755428618
9871.0	21.0	1.0	0.0	0.0021199771336146236
9892.0	21.0	1.0	0.0	0.0007562204996744285
9913.0	21.0	1.0	0.0	0.00034031931559240004
9934.0	21.0	1.0	0.0	0.00021965026855464282
9955.0	21.0	1.0	0.0	0.0003001694452194381
9976.0	21.0	1.0	0.0	0.0002827032180059095
9997.0	21.0	1.0	0.0	0.0001442297072637295
10018.0	21.0	1.0	0.0	6.432306198846727e-05
10039.0	21.0	1.0	0.0	3.033083961123512e-05
10060.0	21.0	1.0	0.0	1.7029463890052974e-05
10081.0	21.0	1.0	0.0	1.2032460953508107e-05
10102.0	21.0	1.0	0.0	1.3815598828451975e-05
10123.0	21.0	1.0	0.0	6.915214515867686e-06
10144.0	21.0	1.0	0.0	4.137871946607075e-05
10165.0	21.0	1.0	0.0	7.248432295661424e-05
10186.0	21.0	1.0	0.0	0.00012733173370358886
10207.0	21.0	1.0	0.0	0.0005907938366844094
10228.0	21.0	1.0	0.0	0.001042209171113457
10249.0	21.0	1.0	0.0	0.0007587614513578284
10270.0	21.0	1.0	0.0	0.0007230845860072
10291.0	21.0	1.0	0.0	0.0003945719401041096
10312.0	21.0	1.0	0.0	0.00035727691650385237
10333.0	21.0	1.0	0.0	0.00023824528285429524
10354.0	21.0	1.0	0.0	0.00011121186755949377
10375.0	21.0	1.0	0.0	4.412405831473214e-05
10396.0	21.0	1.0	0.0	2.2326151529947918e-05
10417.0	21.0	1.0	0.0	1.3413202194940475e-05
10438.0	21.0	1.0	0.0	1.733585908299401e-05
10459.0	21.0	1.0	0.0	3.3095982812694916e-05
10480.0	21.0	1.0	0.0	1.4316178503490628e-05
10501.0	21.0	1.0	0.0	7.366396131969634e-06
10522.0	21.0	1.0	0.0	0.0003578610022862361
10543.0	21.0	1.0	0.0	0.0003332433246430477
10564.0	21.0	1.0	0.0	0.0004700451805477572
10585.0	21.0	1.0	0.0	0.0008380382174536712
10606.0	21.0	1.0	0.0	0.0014926950363885476
10627.0	21.0	1.0	0.0	0.0018088226318359007
10648.0	21.0	1.0	0.0	0.0010409331548781144
10669.0	21.0	1.0	0.0	0.0005682002476283
10690.0	21.0	1.0	0.0	0.0003168138776506238
10711.0	21.0	1.0	0.0	0.00021630568731394284
10732.0	21.0	1.0	0.0	0.0001760130382719143
10753.0	21.0	1.0	0.0	0.00010952395484558331
10774.0	21.0	1.0	0.0	5.19227527436756e-05
10795.0	21.0	1.0	0.0	8.853922287622888e-05
10816.0	21.0	1.0	0.0	6.201704343159102e-05
10837.0	21.0	1.0	0.0	2.0238899049304783e-05
10858.0	21.0	1.0	0.0	6.60998934791156e-05
10879.0	21.0	1.0	0.0	1.5534673418317526e-05
10900.0	21.0	1.0	0.0	6.92011969430022e-05
10921.0	21.0	1.0	0.0	0.0003219958714075952
10942.0	21.0	1.0	0.0	0.00029091789608904766
10963.0	21.0	1.0	0.0	0.0002696672167096286
10984.0	21.0	1.0	0.0	0.00040794054667149515
11005.0	21.0	1.0	0.0	0.000304301852271619
11026.0	21.0	1.0	0.0	0.00015776988438192857
11047.0	21.0	1.0	0.0	0.00012138221377413335
11068.0	21.0	1.0	0.0	0.0001273057120186653
11089.0	21.0	1.0	0.0	0.00019578570411313333
11110.0	21.0	1.0	0.0	0.00012021782284688067
11131.0	21.0	1.0	0.0	5.3448631649925595e-05
11152.0	21.0	1.0	0.0	2.7607105140175136e-05
11173.0	21.0	1.0	0.0	1.5257133791844052e-05
11194.0	21.0	1.0	0.0	2.157359038080488e-05
11215.0	21.0	1.0	0.0	1.1167432580675397e-05
11236.0	21.0	1.0	0.0	2.391451313381539e-05
11257.0	21.0	1.0	0.0	0.000572599002293143
11278.0	21.0	1.0	0.0	0.00018319111778618546
11299.0	21.0	1.0	0.0	0.0011005433400471524
11320.0	21.0	1.0	0.0	0.0010453442164829335
11341.0	21.0	1.0	0.0	0.0023870649791898715
11362.0	21.0	1.0	0.0	0.0014943124680291667
11383.0	21.0	1.0	0.0	0.001595256987072124
11404.0	21.0	1.0	0.0	0.0007510143461681096
11425.0	21.0	1.0	0.0	0.0002955220540364095
11446.0	21.0	1.0	0.0	0.00014159284319192498
11467.0	21.0	1.0	0.0	6.824093773251489e-05
11488.0	21.0	1.0	0.0	3.7448701404389876e-05
11509.0	21.0	1.0	0.0	2.4910336449032738e-05
11530.0	21.0	1.0	0.0	2.2630343834559127e-05
11551.0	21.0	1.0	0.0	1.295088728268941e-05
11572.0	21.0	1.0	0.0	1.7018028667994907e-05
11593.0	21.0	1.0	0.0	0.0001691102186838661
11614.0	21.0	1.0	0.0	7.864089239209238e-05
11635.0	21.0	1.0	0.0	0.00047096107119600487
11656.0	21.0	1.0	0.0	0.0014200134277343283
11677.0	21.0	1.0	0.0	0.0012024510701496998
11698.0	21.0	1.0	0.0	0.0005878586542038287
11719.0	21.0	1.0	0.0	0.0004850867135183714
11740.0	21.0	1.0	0.0	0.00031537083217069524
11761.0	21.0	1.0	0.0	0.0002180114019484191
11782.0	21.0	1.0	0.0	0.00014662679036453333
11803.0	21.0	1.0	0.0	0.00013592420305520475
11824.0	21.0	1.0	0.0	7.89696829659488e-05
11845.0	21.0	1.0	0.0	4.6792893182660126e-05
11866.0	21.0	1.0	0.0	1.8838065011160712e-05
11887.0	21.0	1.0	0.0	1.1229244016465686e-05
11908.0	21.0	1.0	0.0	2.8500422125763704e-05
11929.0	21.0	1.0	0.0	7.246429011935278e-06
11950.0	21.0	1.0	0.0	6.941684654780798e-06
11971.0	21.0	1.0	0.0	3.0058778467632197e-05
11992.0	21.0	1.0	0.0	1.4618544351486932e-05
12013.0	21.0	1.0	0.0	0.0002728974875949314
12034.0	21.0	1.0	0.0	0.000511594477153919
12055.0	21.0	1.0	0.0	0.00038759140741252853
12076.0	21.0	1.0	0.0	0.0002774751754033618
12097.0	21.0	1.0	0.0	0.000494760604131743
12118.0	21.0	1.0	0.0	0.0004974821181523856
12139.0	21.0	1.0	0.0	0.0008088206336611193
12160.0	21.0	1.0	0.0	0.0007211067563011001
12181.0	21.0	1.0	0.0	0.0002642357235862619
12202.0	21.0	1.0	0.0	0.00010483151390436337
12223.0	21.0	1.0	0.0	4.406447637648809e-05
12244.0	21.0	1.0	0.0	2.2513979957217264e-05
12265.0	21.0	1.0	0.0	1.4012535413106279e-05
12286.0	21.0	1.0	0.0	1.0046773013614475e-05
12307.0	21.0	1.0	0.0	1.99783912726811e-05
12328.0	21.0	1.0	0.0	1.4260269346691312e-05
12349.0	21.0	1.0	0.0	0.000319430742944955
12370.0	21.0	1.0	0.0	7.028504780359895e-05
12391.0	21.0	1.0	0.0	0.00021938351222442718
12412.0	21.0	1.0	0.0	0.00024799937293638094
12433.0	21.0	1.0	0.0	0.0005327637990315286
12454.0	21.0	1.0	0.0	0.0013111712137857572
12475.0	21.0	1.0	0.0	0.0006607787722632523
12496.0	21.0	1.0	0.0	0.000572652544294038
12517.0	21.0	1.0	0.0	0.00040777224586120004
12538.0	21.0	1.0	0.0	0.00025621214367088565
12559.0	21.0	1.0	0.0	0.00011979166666663663
12580.0	21.0	1.0	0.0	6.0328528994605657e-05
12601.0	21.0	1.0	0.0	3.204418364025298e-05
12622.0	21.0	1.0	0.0	1.770583575680142e-05
12643.0	21.0	1.0	0.0	1.1512610883939832e-05
12664.0	21.0	1.0	0.0	2.9466725531074325e-05
12685.0	21.0	1.0	0.0	8.905609448750813e-06
12706.0	21.0	1.0	0.0	0.00013762719290596253
12727.0	21.0	1.0	0.0	0.00014244903836929242
12748.0	21.0	1.0	0.0	0.0010590659096126954
12769.0	21.0	1.0	0.0	0.0010108133043561095
12790.0	21.0	1.0	0.0	0.0014452441987536668
12811.0	21.0	1.0	0.0	0.0013766424996511809
12832.0	21.0	1.0	0.0	0.0012582092285155857
12853.0	21.0	1.0	0.0	0.0008940313430059097
12874.0	21.0	1.0	0.0	0.00033686683291476674
12895.0	21.0	1.0	0.0	0.00015819876534594942
12916.0	21.0	1.0	0.0	5.9377034505208326e-05
12937.0	21.0	1.0	0.0	4.515584309895358e-05
12958.0	21.0	1.0	0.0	1.608784993489583e-05
12979.0	21.0	1.0	0.0	0.0003044544593209149
13000.0	21.0	1.0	0.0	4.1981665861036295e-05
13021.0	21.0	1.0	0.0	2.6621387118380424e-05
13042.0	21.0	1.0	0.0	0.00018894707588920154
13063.0	21.0	1.0	0.0	6.909967604136976e-05
13084.0	21.0	1.0	0.0	9.36035655793556e-05
13105.0	21.0	1.0	0.0	0.0001327944256010288
13126.0	21.0	1.0	0.0	0.0008997022537957616
13147.0	21.0	1.0	0.0	0.0014408514840261858
13168.0	21.0	1.0	0.0	0.001213029588971776
13189.0	21.0	1.0	0.0	0.0010558468046642094
13210.0	21.0	1.0	0.0	0.0011580814179919568
13231.0	21.0	1.0	0.0	0.0007800576346260762
13252.0	21.0	1.0	0.0	0.0003821113223120858
13273.0	21.0	1.0	0.0	0.0001535135904947381
13294.0	21.0	1.0	0.0	7.25264776320649e-05
13315.0	21.0	1.0	0.0	3.310067313058035e-05
13336.0	21.0	1.0	0.0	1.699029831659226e-05
13357.0	21.0	1.0	0.0	1.2106152517454965e-05
13378.0	21.0	1.0	0.0	1.4064351008051915e-05
13399.0	21.0	1.0	0.0	6.606136049543108e-06
13420.0	21.0	1.0	0.0	2.70721287954385e-05
13441.0	21.0	1.0	0.0	0.00016307818889614974
13462.0	21.0	1.0	0.0	8.759062630788977e-05
13483.0	21.0	1.0	0.0	8.308919270832134e-05
13504.0	21.0	1.0	0.0	0.0008898609252202476
13525.0	21.0	1.0	0.0	0.00047156352088558557
13546.0	21.0	1.0	0.0	0.0002862290881928476
13567.0	21.0	1.0	0.0	0.00031079900832398576
13588.0	21.0	1.0	0.0	0.00038460068475629054
13609.0	21.0	1.0	0.0	0.0003253302801222619
13630.0	21.0	1.0	0.0	0.00013509950183682352
13651.0	21.0	1.0	0.0	7.108524867466518e-05
13672.0	21.0	1.0	0.0	3.56903076171875e-05
13693.0	21.0	1.0	0.0	2.8367542085193456e-05
13714.0	21.0	1.0	0.0	1.7243427180108568e-05
13735.0	21.0	1.0	0.0	1.2452177348591032e-05
13756.0	21.0	1.0	0.0	8.317592598143078e-06
13777.0	21.0	1.0	0.0	6.371798401786574e-05
13798.0	21.0	1.0	0.0	5.797948723747015e-05
13819.0	21.0	1.0	0.0	0.0003625738393692507
13840.0	21.0	1.0	0.0	0.0009742925280615949
13861.0	21.0	1.0	0.0	0.001271198908487914
13882.0	21.0	1.0	0.0	0.0013350403195335283
13903.0	21.0	1.0	0.0	0.0006081895374116
13924.0	21.0	1.0	0.0	0.00043074762253530004
13945.0	21.0	1.0	0.0	0.00021127174014132382
13966.0	21.0	1.0	0.0	0.00013481612432565234
13987.0	21.0	1.0	0.0	9.292093912759433e-05
14008.0	21.0	1.0	0.0	5.243610200427828e-05
14029.0	21.0	1.0	0.0	2.7664184570312496e-05
14050.0	21.0	1.0	0.0	1.4845711844308033e-05
14071.0	21.0	1.0	0.0	1.4407566615513397e-05
14092.0	21.0	1.0	0.0	0.0002959287757320014
14113.0	21.0	1.0	0.0	1.9418966202508835e-05
14134.0	21.0	1.0	0.0	4.972251256306373e-05
14155.0	21.0	1.0	0.0	0.00030612791152225964
14176.0	21.0	1.0	0.0	0.0002598204839796894
14197.0	21.0	1.0	0.0	0.0008288267226445808
14218.0	21.0	1.0	0.0	0.0022189914158411905
14239.0	21.0	1.0	0.0	0.0021002462477910664
14260.0	21.0	1.0	0.0	0.0011105244954426618
14281.0	21.0	1.0	0.0	0.0010043945312499525
14302.0	21.0	1.0	0.0	0.0009539148239861954
14323.0	21.0	1.0	0.0	0.0007908891950334428
14344.0	21.0	1.0	0.0	0.0003516387939452619
14365.0	21.0	1.0	0.0	0.00012371244884670419
14386.0	21.0	1.0	0.0	5.170985630580356e-05
14407.0	21.0	1.0	0.0	3.1413487025669636e-05
14428.0	21.0	1.0	0.0	7.979256766181965e-05
14449.0	21.0	1.0	0.0	3.4688440816739465e-05
14470.0	21.0	1.0	0.0	1.8589761285554793e-05
14491.0	21.0	1.0	0.0	1.1357216607956657e-05
14512.0	21.0	1.0	0.0	3.4815027600239014e-05
14533.0	21.0	1.0	0.0	1.7531145186651322e-05
14554.0	21.0	1.0	0.0	0.00015036808309097142
14575.0	21.0	1.0	0.0	0.0008297629810514477
14596.0	21.0	1.0	0.0	0.0006666992732456333
14617.0	21.0	1.0	0.0	0.0007397457304454617
14638.0	21.0	1.0	0.0	0.0009051562717982143
14659.0	21.0	1.0	0.0	0.000690008254278219
14680.0	21.0	1.0	0.0	0.00040920802525107135
14701.0	21.0	1.0	0.0	0.000503885541643362
14722.0	21.0	1.0	0.0	0.000799603053501619
14743.0	21.0	1.0	0.0	0.0003456224714006191
14764.0	21.0	1.0	0.0	0.00014467802501856426
14785.0	21.0	1.0	0.0	6.122916085379049e-05
14806.0	21.0	1.0	0.0	2.6610770395823884e-05
14827.0	21.0	1.0	0.0	1.557286154656183e-05
14848.0	21.0	1.0	0.0	1.031335194905599e-05
14869.0	21.0	1.0	0.0	7.589300473531087e-06
14890.0	21.0	1.0	0.0	6.800572077433269e-06
14911.0	21.0	1.0	0.0	5.7899861108680816e-05
14932.0	21.0	1.0	0.0	0.00014966347104024754
14953.0	21.0	1.0	0.0	0.00018162211917691954
14974.0	21.0	1.0	0.0	0.0004499776931035715
14995.0	21.0	1.0	0.0	0.00030201857430590473
15016.0	21.0	1.0	0.0	0.0007346268608456144
15037.0	21.0	1.0	0.0	0.00037281890142526665
15058.0	21.0	1.0	0.0	0.0001987103053501286
15079.0	21.0	1.0	0.0	0.00011841456095373451
15100.0	21.0	1.0	0.0	6.072089785621279e-05
15121.0	21.0	1.0	0.0	3.459185645693825e-05
15142.0	21.0	1.0	0.0	2.5985172816685268e-05
15163.0	21.0	1.0	0.0	1.2086232503255207e-05
15184.0	21.0	1.0	0.0	8.603318816139584e-06
15205.0	21.0	1.0	0.0	6.339995633988154e-06
15226.0	21.0	1.0	0.0	7.357685338883175e-06
15247.0	21.0	1.0	0.0	2.3192279395603005e-05
15268.0	21.0	1.0	0.0	8.610008444103035e-05
15289.0	21.0	1.0	0.0	3.940221241542203e-05
15310.0	21.0	1.0	0.0	0.0006857451938447048
15331.0	21.0	1.0	0.0	0.0005748379116966143
15352.0	21.0	1.0	0.0	0.00042381468273339055
15373.0	21.0	1.0	0.0	0.0003228963216145381
15394.0	21.0	1.0	0.0	0.0003591797238304
15415.0	21.0	1.0	0.0	0.00042535582042870466
15436.0	21.0	1.0	0.0	0.00045283235822400945
15457.0	21.0	1.0	0.0	0.00029091026669452385
15478.0	21.0	1.0	0.0	0.00019745962960374764
15499.0	21.0	1.0	0.0	8.116949172245953e-05
15520.0	21.0	1.0	0.0	3.3673967633928565e-05
15541.0	21.0	1.0	0.0	1.8953547591254828e-05
15562.0	21.0	1.0	0.0	8.449402309598826e-05
15583.0	21.0	1.0	0.0	1.0788020633515859e-05
15604.0	21.0	1.0	0.0	1.0580800828479584e-05
15625.0	21.0	1.0	0.0	2.7858484359014604e-05
15646.0	21.0	1.0	0.0	0.00020679528372624946
15667.0	21.0	1.0	0.0	0.000450875259581019
15688.0	21.0	1.0	0.0	0.0006939869835262763
15709.0	21.0	1.0	0.0	0.0006671333312987762
15730.0	21.0	1.0	0.0	0.0012579521905807759
15751.0	21.0	1.0	0.0	0.001728959219796262
15772.0	21.0	1.0	0.0	0.001358165922619
15793.0	21.0	1.0	0.0	0.0008744281587146094
15814.0	21.0	1.0	0.0	0.0004211527506510048
15835.0	21.0	1.0	0.0	0.0001622016543433381
15856.0	21.0	1.0	0.0	7.486470540363926e-05
15877.0	21.0	1.0	0.0	3.7684122721354163e-05
15898.0	21.0	1.0	0.0	2.480643136160714e-05
15919.0	21.0	1.0	0.0	1.7835916507811773e-05
15940.0	21.0	1.0	0.0	1.27458842027755e-05
15961.0	21.0	1.0	0.0	8.890248480297271e-06
15982.0	21.0	1.0	0.0	0.0002681959555262444
16003.0	21.0	1.0	0.0	0.0004547136851719132
16024.0	21.0	1.0	0.0	0.00016858709426148096
16045.0	21.0	1.0	0.0	0.00017439669654478572
16066.0	21.0	1.0	0.0	0.0017899279821486237
16087.0	21.0	1.0	0.0	0.001251196725027862
16108.0	21.0	1.0	0.0	0.0012444152832030715
16129.0	21.0	1.0	0.0	0.0007963663736978763
16150.0	21.0	1.0	0.0	0.0006342584519158761
16171.0	21.0	1.0	0.0	0.00027032180059519524
16192.0	21.0	1.0	0.0	0.0001440567743210208
16213.0	21.0	1.0	0.0	6.175885881696431e-05
16234.0	21.0	1.0	0.0	3.294154575892857e-05
16255.0	21.0	1.0	0.0	1.8586658296130953e-05
16276.0	21.0	1.0	0.0	1.070807945160639e-05
16297.0	21.0	1.0	0.0	8.232988062359038e-06
16318.0	21.0	1.0	0.0	5.7350198427836104e-06
16339.0	21.0	1.0	0.0	4.091958204905192e-06
16360.0	21.0	1.0	0.0	4.275650637490053e-05
16381.0	21.0	1.0	0.0	8.488266808645087e-05
16402.0	21.0	1.0	0.0	2.5068555559430807e-05
16423.0	21.0	1.0	0.0	0.0001259249959672896
16444.0	21.0	1.0	0.0	0.0004393741289774144
16465.0	21.0	1.0	0.0	0.00040731398264561914
16486.0	21.0	1.0	0.0	0.0007087754749115951
16507.0	21.0	1.0	0.0	0.0006149228413899191
16528.0	21.0	1.0	0.0	0.0002470185416084905
16549.0	21.0	1.0	0.0	0.00011440422421406276
16570.0	21.0	1.0	0.0	6.346348353794644e-05
16591.0	21.0	1.0	0.0	5.227570306686726e-05
16612.0	21.0	1.0	0.0	2.5222596668061757e-05
16633.0	21.0	1.0	0.0	1.3153108635119032e-05
16654.0	21.0	1.0	0.0	9.568472880692708e-06
16675.0	21.0	1.0	0.0	6.587887094134374e-06
16696.0	21.0	1.0	0.0	2.838293143680805e-05
16717.0	21.0	1.0	0.0	0.00021001276799608587
16738.0	21.0	1.0	0.0	0.00029734277725216365
16759.0	21.0	1.0	0.0	0.0005961973099480998
16780.0	21.0	1.0	0.0	0.0006680623009090762
16801.0	21.0	1.0	0.0	0.0008975681123279
16822.0	21.0	1.0	0.0	0.0006614970252626953
16843.0	21.0	1.0	0.0	0.0005531696137927429
16864.0	21.0	1.0	0.0	0.00042990984235486194
16885.0	21.0	1.0	0.0	0.0002075151715959333
16906.0	21.0	1.0	0.0	8.280218215214643e-05
16927.0	21.0	1.0	0.0	4.832858131045387e-05
16948.0	21.0	1.0	0.0	2.5852385021391372e-05
16969.0	21.0	1.0	0.0	3.147088913690387e-05
16990.0	21.0	1.0	0.0	2.007947649274137e-05
17011.0	21.0	1.0	0.0	8.71845157373519e-06
17032.0	21.0	1.0	0.0	5.73623109431494e-06
17053.0	21.0	1.0	0.0	1.1436212630498978e-05
17074.0	21.0	1.0	0.0	1.2872710114433653e-05
17095.0	21.0	1.0	0.0	1.1669184480394637e-05
17116.0	21.0	1.0	0.0	0.0003833773533502882
17137.0	21.0	1.0	0.0	0.0005124656586419524
17158.0	21.0	1.0	0.0	0.0004637965247744143
17179.0	21.0	1.0	0.0	0.0007153076898483429
17200.0	21.0	1.0	0.0	0.0010112875075566764
17221.0	21.0	1.0	0.0	0.0008541470482235381
17242.0	21.0	1.0	0.0	0.0003701636904761476
17263.0	21.0	1.0	0.0	0.00013642665318075833
17284.0	21.0	1.0	0.0	7.765161423455625e-05
17305.0	21.0	1.0	0.0	3.7875584193638396e-05
17326.0	21.0	1.0	0.0	1.795923142206101e-05
17347.0	21.0	1.0	0.0	1.9813900902157736e-05
17368.0	21.0	1.0	0.0	9.219547822361902e-06
17389.0	21.0	1.0	0.0	9.864085486957005e-06
17410.0	21.0	1.0	0.0	2.4231022312526405e-05
17431.0	21.0	1.0	0.0	6.789328370774974e-05
17452.0	21.0	1.0	0.0	6.822319257826428e-05
17473.0	21.0	1.0	0.0	0.0004635523955026828
17494.0	21.0	1.0	0.0	0.0005702493304297477
17515.0	21.0	1.0	0.0	0.0009437243143716859
17536.0	21.0	1.0	0.0	0.001189016614641419
17557.0	21.0	1.0	0.0	0.001133447919573062
17578.0	21.0	1.0	0.0	0.0022717655726841052
17599.0	21.0	1.0	0.0	0.002048431396484338
17620.0	21.0	1.0	0.0	0.0012237883068265953
17641.0	21.0	1.0	0.0	0.0007567836216517238
17662.0	21.0	1.0	0.0	0.00022950962611602383
17683.0	21.0	1.0	0.0	9.186372302825357e-05
17704.0	21.0	1.0	0.0	3.8965861002604165e-05
17725.0	21.0	1.0	0.0	2.323648116240899e-05
17746.0	21.0	1.0	0.0	1.952079155792793e-05
17767.0	21.0	1.0	0.0	1.0072918165297735e-05
17788.0	21.0	1.0	0.0	9.408820243108839e-06
17809.0	21.0	1.0	0.0	2.560273238590785e-05
17830.0	21.0	1.0	0.0	1.2644960766746883e-05
17851.0	21.0	1.0	0.0	0.0002981687557129504
17872.0	21.0	1.0	0.0	0.0003232799484615666
17893.0	21.0	1.0	0.0	0.0009222156433831607
17914.0	21.0	1.0	0.0	0.0009602078029087145
17935.0	21.0	1.0	0.0	0.0010337746029807763
17956.0	21.0	1.0	0.0	0.000631102062406938
17977.0	21.0	1.0	0.0	0.0004243269420804858
17998.0	21.0	1.0	0.0	0.00029402887253529526
18019.0	21.0	1.0	0.0	0.00016810426257900477
18040.0	21.0	1.0	0.0	8.684103829519078e-05
18061.0	21.0	1.0	0.0	4.40154302687872e-05
18082.0	21.0	1.0	0.0	2.1072387695312497e-05
18103.0	21.0	1.0	0.0	1.7271850080717178e-05
18124.0	21.0	1.0	0.0	8.552727954728263e-06
18145.0	21.0	1.0	0.0	6.143183935256232e-06
18166.0	21.0	1.0	0.0	5.1617849440801715e-06
18187.0	21.0	1.0	0.0	3.106692575272226e-05
18208.0	21.0	1.0	0.0	0.00010416191532497201
18229.0	21.0	1.0	0.0	0.00047340923263909
18250.0	13.0	1.0	0.0	0.00035209178924556155
