stress_period	sp_length	time_step	study (0 : TS or 1 : SS)	rech
0.0	1.0	1.0	1.0	0.0008005495078547683
1.0	21.0	1.0	0.0	0.00031761904761904764
22.0	21.0	1.0	0.0	0.00012285714285714284
43.0	21.0	1.0	0.0	6.333333333333333e-05
64.0	21.0	1.0	0.0	8.952380952380952e-05
85.0	21.0	1.0	0.0	0.00023190476190476186
106.0	21.0	1.0	0.0	0.00108
127.0	21.0	1.0	0.0	0.0014085714285714285
148.0	21.0	1.0	0.0	0.0006271428571428571
169.0	21.0	1.0	0.0	0.0036380952380952393
190.0	21.0	1.0	0.0	0.001767142857142857
211.0	21.0	1.0	0.0	0.0008295238095238096
232.0	21.0	1.0	0.0	0.0007719047619047621
253.0	21.0	1.0	0.0	0.00021380952380952378
274.0	21.0	1.0	0.0	0.0002380952380952381
295.0	21.0	1.0	0.0	0.0004171428571428571
316.0	21.0	1.0	0.0	0.00024285714285714289
337.0	21.0	1.0	0.0	7.142857142857143e-05
358.0	21.0	1.0	0.0	0.00011809523809523812
379.0	21.0	1.0	0.0	6.571428571428573e-05
400.0	21.0	1.0	0.0	4.2857142857142856e-05
421.0	21.0	1.0	0.0	1.4285714285714287e-05
442.0	21.0	1.0	0.0	5.3809523809523804e-05
463.0	21.0	1.0	0.0	0.00047142857142857137
484.0	21.0	1.0	0.0	0.0008885714285714287
505.0	21.0	1.0	0.0	0.00039
526.0	21.0	1.0	0.0	0.0033666666666666667
547.0	21.0	1.0	0.0	0.004418095238095239
568.0	21.0	1.0	0.0	0.0023038095238095235
589.0	21.0	1.0	0.0	0.0005099999999999998
610.0	21.0	1.0	0.0	0.000818095238095238
631.0	21.0	1.0	0.0	0.0007985714285714285
652.0	21.0	1.0	0.0	0.00028857142857142845
673.0	21.0	1.0	0.0	0.00021428571428571427
694.0	21.0	1.0	0.0	4.9047619047619054e-05
715.0	21.0	1.0	0.0	7.904761904761905e-05
736.0	21.0	1.0	0.0	8.571428571428573e-06
757.0	21.0	1.0	0.0	3.476190476190477e-05
778.0	21.0	1.0	0.0	4.285714285714286e-06
799.0	21.0	1.0	0.0	3.380952380952381e-05
820.0	21.0	1.0	0.0	0.000360952380952381
841.0	21.0	1.0	0.0	0.0003261904761904762
862.0	21.0	1.0	0.0	0.0010661904761904764
883.0	21.0	1.0	0.0	7.380952380952382e-05
904.0	21.0	1.0	0.0	0.0022109523809523807
925.0	21.0	1.0	0.0	0.001991428571428571
946.0	21.0	1.0	0.0	0.00016714285714285716
967.0	21.0	1.0	0.0	7.857142857142857e-05
988.0	21.0	1.0	0.0	0.00020095238095238098
1009.0	21.0	1.0	0.0	0.0001761904761904762
1030.0	21.0	1.0	0.0	0.0001928571428571428
1051.0	21.0	1.0	0.0	0.00021714285714285713
1072.0	21.0	1.0	0.0	0.00017142857142857143
1093.0	21.0	1.0	0.0	6.523809523809526e-05
1114.0	21.0	1.0	0.0	1.523809523809524e-05
1135.0	21.0	1.0	0.0	0.00029619047619047615
1156.0	21.0	1.0	0.0	0.00016095238095238093
1177.0	21.0	1.0	0.0	9.238095238095239e-05
1198.0	21.0	1.0	0.0	0.0003338095238095238
1219.0	21.0	1.0	0.0	0.002463333333333333
1240.0	21.0	1.0	0.0	0.00193952380952381
1261.0	21.0	1.0	0.0	0.0014399999999999997
1282.0	21.0	1.0	0.0	0.002729047619047619
1303.0	21.0	1.0	0.0	0.0016095238095238094
1324.0	21.0	1.0	0.0	0.0014399999999999999
1345.0	21.0	1.0	0.0	9.523809523809523e-06
1366.0	21.0	1.0	0.0	3.5238095238095246e-05
1387.0	21.0	1.0	0.0	2.428571428571428e-05
1408.0	21.0	1.0	0.0	6.238095238095238e-05
1429.0	21.0	1.0	0.0	3.523809523809524e-05
1450.0	21.0	1.0	0.0	1.5714285714285715e-05
1471.0	21.0	1.0	0.0	3.571428571428572e-05
1492.0	21.0	1.0	0.0	9.857142857142856e-05
1513.0	21.0	1.0	0.0	0.0029080952380952383
1534.0	21.0	1.0	0.0	0.004130952380952381
1555.0	21.0	1.0	0.0	0.0037323809523809527
1576.0	21.0	1.0	0.0	0.00284
1597.0	21.0	1.0	0.0	0.001256190476190476
1618.0	21.0	1.0	0.0	0.0007380952380952381
1639.0	21.0	1.0	0.0	0.001795238095238096
1660.0	21.0	1.0	0.0	0.0010619047619047622
1681.0	21.0	1.0	0.0	0.002125238095238095
1702.0	21.0	1.0	0.0	0.0020261904761904766
1723.0	21.0	1.0	0.0	0.0001680952380952381
1744.0	21.0	1.0	0.0	0.0001895238095238095
1765.0	21.0	1.0	0.0	4.2857142857142856e-05
1786.0	21.0	1.0	0.0	8.571428571428573e-06
1807.0	21.0	1.0	0.0	8.571428571428571e-06
1828.0	21.0	1.0	0.0	1.5714285714285715e-05
1849.0	21.0	1.0	0.0	4.8571428571428576e-05
1870.0	21.0	1.0	0.0	0.00016904761904761904
1891.0	21.0	1.0	0.0	3.3333333333333335e-05
1912.0	21.0	1.0	0.0	0.0003019047619047619
1933.0	21.0	1.0	0.0	0.0011528571428571428
1954.0	21.0	1.0	0.0	0.00037047619047619044
1975.0	21.0	1.0	0.0	6.42857142857143e-05
1996.0	21.0	1.0	0.0	0.00020333333333333336
2017.0	21.0	1.0	0.0	0.0016719047619047616
2038.0	21.0	1.0	0.0	0.00032333333333333335
2059.0	21.0	1.0	0.0	0.0003342857142857142
2080.0	21.0	1.0	0.0	2.6666666666666663e-05
2101.0	21.0	1.0	0.0	1.238095238095238e-05
2122.0	21.0	1.0	0.0	0.0
2143.0	21.0	1.0	0.0	0.0
2164.0	21.0	1.0	0.0	1.5714285714285715e-05
2185.0	21.0	1.0	0.0	4.7619047619047623e-07
2206.0	21.0	1.0	0.0	8.571428571428571e-06
2227.0	21.0	1.0	0.0	0.00015476190476190478
2248.0	21.0	1.0	0.0	0.0004728571428571428
2269.0	21.0	1.0	0.0	0.0018219047619047618
2290.0	21.0	1.0	0.0	0.0017133333333333336
2311.0	21.0	1.0	0.0	0.004903809523809523
2332.0	21.0	1.0	0.0	0.0011014285714285716
2353.0	21.0	1.0	0.0	0.002750952380952381
2374.0	21.0	1.0	0.0	0.0031214285714285706
2395.0	21.0	1.0	0.0	0.0015209523809523809
2416.0	21.0	1.0	0.0	0.0014285714285714286
2437.0	21.0	1.0	0.0	0.0005080952380952382
2458.0	21.0	1.0	0.0	0.0002957142857142857
2479.0	21.0	1.0	0.0	6.61904761904762e-05
2500.0	21.0	1.0	0.0	0.00018428571428571428
2521.0	21.0	1.0	0.0	9.761904761904762e-05
2542.0	21.0	1.0	0.0	9.857142857142858e-05
2563.0	21.0	1.0	0.0	4.857142857142856e-05
2584.0	21.0	1.0	0.0	1.1428571428571427e-05
2605.0	21.0	1.0	0.0	4.333333333333334e-05
2626.0	21.0	1.0	0.0	4.9999999999999996e-05
2647.0	21.0	1.0	0.0	0.00043428571428571426
2668.0	21.0	1.0	0.0	0.0013795238095238092
2689.0	21.0	1.0	0.0	0.002112857142857143
2710.0	21.0	1.0	0.0	0.0015709523809523808
2731.0	21.0	1.0	0.0	0.004205238095238094
2752.0	21.0	1.0	0.0	0.0041038095238095235
2773.0	21.0	1.0	0.0	0.0020138095238095236
2794.0	21.0	1.0	0.0	0.0019142857142857139
2815.0	21.0	1.0	0.0	0.0003957142857142857
2836.0	21.0	1.0	0.0	0.0002480952380952381
2857.0	21.0	1.0	0.0	0.00010190476190476193
2878.0	21.0	1.0	0.0	0.0001780952380952381
2899.0	21.0	1.0	0.0	1.6666666666666667e-05
2920.0	21.0	1.0	0.0	0.00015666666666666663
2941.0	21.0	1.0	0.0	2e-05
2962.0	21.0	1.0	0.0	2.4285714285714288e-05
2983.0	21.0	1.0	0.0	1.1904761904761905e-05
3004.0	21.0	1.0	0.0	7.61904761904762e-06
3025.0	21.0	1.0	0.0	3.619047619047619e-05
3046.0	21.0	1.0	0.0	0.00017428571428571428
3067.0	21.0	1.0	0.0	0.000458095238095238
3088.0	21.0	1.0	0.0	0.001392857142857143
3109.0	21.0	1.0	0.0	0.004162857142857143
3130.0	21.0	1.0	0.0	0.002145238095238095
3151.0	21.0	1.0	0.0	0.0016223809523809526
3172.0	21.0	1.0	0.0	0.0009385714285714285
3193.0	21.0	1.0	0.0	0.00045428571428571436
3214.0	21.0	1.0	0.0	0.001403333333333334
3235.0	21.0	1.0	0.0	3.5238095238095246e-05
3256.0	21.0	1.0	0.0	0.0
3277.0	21.0	1.0	0.0	5.6190476190476207e-05
3298.0	21.0	1.0	0.0	5.190476190476191e-05
3319.0	21.0	1.0	0.0	1.6666666666666664e-05
3340.0	21.0	1.0	0.0	0.00011809523809523809
3361.0	21.0	1.0	0.0	0.00010571428571428572
3382.0	21.0	1.0	0.0	0.0029923809523809525
3403.0	21.0	1.0	0.0	0.002850952380952381
3424.0	21.0	1.0	0.0	0.006577142857142857
3445.0	21.0	1.0	0.0	0.0018895238095238095
3466.0	21.0	1.0	0.0	0.0029661904761904756
3487.0	21.0	1.0	0.0	0.001022857142857143
3508.0	21.0	1.0	0.0	0.0017814285714285714
3529.0	21.0	1.0	0.0	0.0003371428571428571
3550.0	21.0	1.0	0.0	6.857142857142857e-05
3571.0	21.0	1.0	0.0	6.476190476190477e-05
3592.0	21.0	1.0	0.0	9.285714285714286e-05
3613.0	21.0	1.0	0.0	0.00027285714285714283
3634.0	21.0	1.0	0.0	0.00011
3655.0	21.0	1.0	0.0	1.8095238095238097e-05
3676.0	21.0	1.0	0.0	3.476190476190477e-05
3697.0	21.0	1.0	0.0	9.619047619047617e-05
3718.0	21.0	1.0	0.0	0.0004938095238095239
3739.0	21.0	1.0	0.0	0.00029428571428571427
3760.0	21.0	1.0	0.0	0.0022085714285714287
3781.0	21.0	1.0	0.0	0.0032199999999999998
3802.0	21.0	1.0	0.0	0.002978095238095238
3823.0	21.0	1.0	0.0	0.0023947619047619047
3844.0	21.0	1.0	0.0	0.0009290476190476191
3865.0	21.0	1.0	0.0	0.0023028571428571425
3886.0	21.0	1.0	0.0	0.0015709523809523812
3907.0	21.0	1.0	0.0	0.00049
3928.0	21.0	1.0	0.0	0.0030561904761904754
3949.0	21.0	1.0	0.0	0.0031780952380952385
3970.0	21.0	1.0	0.0	6.095238095238096e-05
3991.0	21.0	1.0	0.0	0.00012666666666666666
4012.0	21.0	1.0	0.0	0.00010428571428571428
4033.0	21.0	1.0	0.0	1.380952380952381e-05
4054.0	21.0	1.0	0.0	0.0003866666666666666
4075.0	21.0	1.0	0.0	0.0007304761904761904
4096.0	21.0	1.0	0.0	0.0036276190476190475
4117.0	21.0	1.0	0.0	0.0005595238095238096
4138.0	21.0	1.0	0.0	0.003638571428571429
4159.0	21.0	1.0	0.0	0.003626666666666667
4180.0	21.0	1.0	0.0	0.002393333333333334
4201.0	21.0	1.0	0.0	0.0004057142857142857
4222.0	21.0	1.0	0.0	0.0011023809523809523
4243.0	21.0	1.0	0.0	0.0013000000000000002
4264.0	21.0	1.0	0.0	5.380952380952382e-05
4285.0	21.0	1.0	0.0	6.809523809523808e-05
4306.0	21.0	1.0	0.0	8.190476190476189e-05
4327.0	21.0	1.0	0.0	0.00017714285714285716
4348.0	21.0	1.0	0.0	0.0001376190476190476
4369.0	21.0	1.0	0.0	0.00012333333333333334
4390.0	21.0	1.0	0.0	8.571428571428571e-05
4411.0	21.0	1.0	0.0	1.2857142857142857e-05
4432.0	21.0	1.0	0.0	0.00029904761904761903
4453.0	21.0	1.0	0.0	0.0029538095238095235
4474.0	21.0	1.0	0.0	0.002258095238095238
4495.0	21.0	1.0	0.0	0.0029599999999999995
4516.0	21.0	1.0	0.0	0.006331904761904763
4537.0	21.0	1.0	0.0	0.0013914285714285712
4558.0	21.0	1.0	0.0	0.0014757142857142855
4579.0	21.0	1.0	0.0	0.0009899999999999998
4600.0	21.0	1.0	0.0	0.00036238095238095235
4621.0	21.0	1.0	0.0	0.001008095238095238
4642.0	21.0	1.0	0.0	0.0009433333333333336
4663.0	21.0	1.0	0.0	0.0018728571428571427
4684.0	21.0	1.0	0.0	1.6666666666666667e-05
4705.0	21.0	1.0	0.0	2.3333333333333332e-05
4726.0	21.0	1.0	0.0	9.523809523809525e-07
4747.0	21.0	1.0	0.0	9.523809523809525e-07
4768.0	21.0	1.0	0.0	2.4285714285714288e-05
4789.0	21.0	1.0	0.0	9.238095238095239e-05
4810.0	21.0	1.0	0.0	8.571428571428571e-05
4831.0	21.0	1.0	0.0	1.1904761904761905e-05
4852.0	21.0	1.0	0.0	0.0001338095238095238
4873.0	21.0	1.0	0.0	0.00019952380952380954
4894.0	21.0	1.0	0.0	0.0008771428571428573
4915.0	21.0	1.0	0.0	0.004724285714285715
4936.0	21.0	1.0	0.0	0.001763809523809524
4957.0	21.0	1.0	0.0	0.00026476190476190474
4978.0	21.0	1.0	0.0	0.0009371428571428573
4999.0	21.0	1.0	0.0	5.142857142857143e-05
5020.0	21.0	1.0	0.0	7.857142857142857e-05
5041.0	21.0	1.0	0.0	0.00016523809523809525
5062.0	21.0	1.0	0.0	2.380952380952381e-06
5083.0	21.0	1.0	0.0	1.1904761904761905e-05
5104.0	21.0	1.0	0.0	1.4285714285714288e-06
5125.0	21.0	1.0	0.0	0.0
5146.0	21.0	1.0	0.0	3.3333333333333335e-05
5167.0	21.0	1.0	0.0	0.00018714285714285713
5188.0	21.0	1.0	0.0	0.00017619047619047622
5209.0	21.0	1.0	0.0	0.0008323809523809523
5230.0	21.0	1.0	0.0	0.0017161904761904764
5251.0	21.0	1.0	0.0	0.0031633333333333335
5272.0	21.0	1.0	0.0	0.0016576190476190477
5293.0	21.0	1.0	0.0	0.0024942857142857136
5314.0	21.0	1.0	0.0	0.0009447619047619046
5335.0	21.0	1.0	0.0	0.001550952380952381
5356.0	21.0	1.0	0.0	0.0012680952380952383
5377.0	21.0	1.0	0.0	7.57142857142857e-05
5398.0	21.0	1.0	0.0	0.00010476190476190474
5419.0	21.0	1.0	0.0	4.3333333333333334e-05
5440.0	21.0	1.0	0.0	5.2380952380952384e-06
5461.0	21.0	1.0	0.0	2.1428571428571428e-05
5482.0	21.0	1.0	0.0	5.523809523809524e-05
5503.0	21.0	1.0	0.0	3.0476190476190475e-05
5524.0	21.0	1.0	0.0	3.8095238095238094e-06
5545.0	21.0	1.0	0.0	4.761904761904762e-06
5566.0	21.0	1.0	0.0	5.285714285714287e-05
5587.0	21.0	1.0	0.0	0.00013476190476190475
5608.0	21.0	1.0	0.0	0.00017095238095238098
5629.0	21.0	1.0	0.0	0.0015585714285714287
5650.0	21.0	1.0	0.0	0.0019161904761904758
5671.0	21.0	1.0	0.0	0.00037523809523809526
5692.0	21.0	1.0	0.0	0.0008747619047619048
5713.0	21.0	1.0	0.0	0.0020771428571428573
5734.0	21.0	1.0	0.0	0.0013566666666666664
5755.0	21.0	1.0	0.0	0.00019571428571428572
5776.0	21.0	1.0	0.0	5.190476190476189e-05
5797.0	21.0	1.0	0.0	0.00017714285714285716
5818.0	21.0	1.0	0.0	5.619047619047619e-05
5839.0	21.0	1.0	0.0	1.761904761904762e-05
5860.0	21.0	1.0	0.0	8.380952380952382e-05
5881.0	21.0	1.0	0.0	0.0001719047619047619
5902.0	21.0	1.0	0.0	5.9523809523809524e-05
5923.0	21.0	1.0	0.0	0.0003519047619047619
5944.0	21.0	1.0	0.0	0.0020390476190476187
5965.0	21.0	1.0	0.0	0.0017847619047619047
5986.0	21.0	1.0	0.0	0.004193333333333334
6007.0	21.0	1.0	0.0	0.0002157142857142857
6028.0	21.0	1.0	0.0	0.00048571428571428566
6049.0	21.0	1.0	0.0	0.0009604761904761906
6070.0	21.0	1.0	0.0	0.0012519047619047618
6091.0	21.0	1.0	0.0	0.0002457142857142857
6112.0	21.0	1.0	0.0	4.8571428571428576e-05
6133.0	21.0	1.0	0.0	3.9523809523809526e-05
6154.0	21.0	1.0	0.0	0.00019142857142857148
6175.0	21.0	1.0	0.0	4.523809523809524e-05
6196.0	21.0	1.0	0.0	0.00017904761904761907
6217.0	21.0	1.0	0.0	4.1428571428571437e-05
6238.0	21.0	1.0	0.0	3.333333333333333e-05
6259.0	21.0	1.0	0.0	0.00018761904761904763
6280.0	21.0	1.0	0.0	0.00027714285714285715
6301.0	21.0	1.0	0.0	0.0013323809523809525
6322.0	21.0	1.0	0.0	0.0012719047619047619
6343.0	21.0	1.0	0.0	0.002037142857142857
6364.0	21.0	1.0	0.0	0.0032719047619047615
6385.0	21.0	1.0	0.0	0.005509999999999999
6406.0	21.0	1.0	0.0	0.001208095238095238
6427.0	21.0	1.0	0.0	0.0012309523809523808
6448.0	21.0	1.0	0.0	0.000610952380952381
6469.0	21.0	1.0	0.0	6.333333333333333e-05
6490.0	21.0	1.0	0.0	1.5714285714285715e-05
6511.0	21.0	1.0	0.0	0.00012952380952380952
6532.0	21.0	1.0	0.0	4.9999999999999996e-05
6553.0	21.0	1.0	0.0	2.428571428571428e-05
6574.0	21.0	1.0	0.0	1.4285714285714288e-06
6595.0	21.0	1.0	0.0	7.333333333333334e-05
6616.0	21.0	1.0	0.0	1.9999999999999998e-05
6637.0	21.0	1.0	0.0	0.0001766666666666667
6658.0	21.0	1.0	0.0	5.714285714285714e-06
6679.0	21.0	1.0	0.0	0.0002257142857142857
6700.0	21.0	1.0	0.0	0.0001785714285714286
6721.0	21.0	1.0	0.0	0.00025666666666666665
6742.0	21.0	1.0	0.0	0.00038619047619047617
6763.0	21.0	1.0	0.0	0.0010723809523809525
6784.0	21.0	1.0	0.0	0.003590000000000001
6805.0	21.0	1.0	0.0	0.0010052380952380953
6826.0	21.0	1.0	0.0	0.00016095238095238096
6847.0	21.0	1.0	0.0	3.6666666666666666e-05
6868.0	21.0	1.0	0.0	3.380952380952381e-05
6889.0	21.0	1.0	0.0	2.5238095238095243e-05
6910.0	21.0	1.0	0.0	4.6666666666666665e-05
6931.0	21.0	1.0	0.0	4.7619047619047623e-07
6952.0	21.0	1.0	0.0	9.999999999999999e-06
6973.0	21.0	1.0	0.0	5.380952380952382e-05
6994.0	21.0	1.0	0.0	5.714285714285715e-06
7015.0	21.0	1.0	0.0	7.904761904761905e-05
7036.0	21.0	1.0	0.0	0.00013761904761904763
7057.0	21.0	1.0	0.0	0.00013857142857142857
7078.0	21.0	1.0	0.0	0.00030428571428571424
7099.0	21.0	1.0	0.0	0.001669047619047619
7120.0	21.0	1.0	0.0	0.00407857142857143
7141.0	21.0	1.0	0.0	0.0025971428571428573
7162.0	21.0	1.0	0.0	3.0476190476190475e-05
7183.0	21.0	1.0	0.0	0.00017999999999999998
7204.0	21.0	1.0	0.0	1.0476190476190477e-05
7225.0	21.0	1.0	0.0	5.7142857142857145e-06
7246.0	21.0	1.0	0.0	6.714285714285714e-05
7267.0	21.0	1.0	0.0	3.142857142857143e-05
7288.0	21.0	1.0	0.0	4.7619047619047623e-07
7309.0	21.0	1.0	0.0	1.476190476190476e-05
7330.0	21.0	1.0	0.0	4.7619047619047623e-07
7351.0	21.0	1.0	0.0	1.3333333333333337e-05
7372.0	21.0	1.0	0.0	4.1428571428571437e-05
7393.0	21.0	1.0	0.0	0.0004471428571428571
7414.0	21.0	1.0	0.0	0.0007595238095238097
7435.0	21.0	1.0	0.0	0.0013157142857142857
7456.0	21.0	1.0	0.0	0.003461904761904762
7477.0	21.0	1.0	0.0	0.0004642857142857143
7498.0	21.0	1.0	0.0	0.0015209523809523809
7519.0	21.0	1.0	0.0	0.0005361904761904762
7540.0	21.0	1.0	0.0	5.238095238095239e-05
7561.0	21.0	1.0	0.0	9.61904761904762e-05
7582.0	21.0	1.0	0.0	2.0952380952380957e-05
7603.0	21.0	1.0	0.0	4.476190476190477e-05
7624.0	21.0	1.0	0.0	7.952380952380952e-05
7645.0	21.0	1.0	0.0	2.0952380952380957e-05
7666.0	21.0	1.0	0.0	0.0
7687.0	21.0	1.0	0.0	5.238095238095238e-06
7708.0	21.0	1.0	0.0	4.19047619047619e-05
7729.0	21.0	1.0	0.0	0.00013809523809523808
7750.0	21.0	1.0	0.0	0.00020000000000000004
7771.0	21.0	1.0	0.0	0.0008233333333333334
7792.0	21.0	1.0	0.0	0.000330952380952381
7813.0	21.0	1.0	0.0	0.0007142857142857144
7834.0	21.0	1.0	0.0	0.00030333333333333324
7855.0	21.0	1.0	0.0	0.0005638095238095237
7876.0	21.0	1.0	0.0	4.380952380952381e-05
7897.0	21.0	1.0	0.0	0.0001819047619047619
7918.0	21.0	1.0	0.0	0.00016142857142857143
7939.0	21.0	1.0	0.0	0.00016952380952380954
7960.0	21.0	1.0	0.0	0.0001319047619047619
7981.0	21.0	1.0	0.0	4.380952380952381e-05
8002.0	21.0	1.0	0.0	5.047619047619047e-05
8023.0	21.0	1.0	0.0	1.9523809523809524e-05
8044.0	21.0	1.0	0.0	8.80952380952381e-05
8065.0	21.0	1.0	0.0	0.0001823809523809524
8086.0	21.0	1.0	0.0	0.00016285714285714284
8107.0	21.0	1.0	0.0	0.00042523809523809517
8128.0	21.0	1.0	0.0	0.003223809523809524
8149.0	21.0	1.0	0.0	0.004861904761904761
8170.0	21.0	1.0	0.0	0.0011585714285714287
8191.0	21.0	1.0	0.0	0.0019552380952380954
8212.0	21.0	1.0	0.0	0.00017571428571428575
8233.0	21.0	1.0	0.0	8.523809523809523e-05
8254.0	21.0	1.0	0.0	1.9523809523809527e-05
8275.0	21.0	1.0	0.0	0.000359047619047619
8296.0	21.0	1.0	0.0	0.00031285714285714293
8317.0	21.0	1.0	0.0	0.00011857142857142858
8338.0	21.0	1.0	0.0	0.0016847619047619048
8359.0	21.0	1.0	0.0	0.0001480952380952381
8380.0	21.0	1.0	0.0	0.00011285714285714287
8401.0	21.0	1.0	0.0	3.0476190476190475e-05
8422.0	21.0	1.0	0.0	8.619047619047618e-05
8443.0	21.0	1.0	0.0	0.0006366666666666668
8464.0	21.0	1.0	0.0	0.003336190476190476
8485.0	21.0	1.0	0.0	0.0005504761904761905
8506.0	21.0	1.0	0.0	0.0006723809523809525
8527.0	21.0	1.0	0.0	0.005634285714285714
8548.0	21.0	1.0	0.0	0.005094285714285714
8569.0	21.0	1.0	0.0	0.003576666666666666
8590.0	21.0	1.0	0.0	0.0028514285714285716
8611.0	21.0	1.0	0.0	0.0011361904761904762
8632.0	21.0	1.0	0.0	0.0017147619047619047
8653.0	21.0	1.0	0.0	0.001360952380952381
8674.0	21.0	1.0	0.0	0.0014690476190476192
8695.0	21.0	1.0	0.0	0.002372857142857143
8716.0	21.0	1.0	0.0	4.6666666666666665e-05
8737.0	21.0	1.0	0.0	4.476190476190476e-05
8758.0	21.0	1.0	0.0	0.00015666666666666666
8779.0	21.0	1.0	0.0	0.00014095238095238096
8800.0	21.0	1.0	0.0	0.0008076190476190475
8821.0	21.0	1.0	0.0	0.0004952380952380952
8842.0	21.0	1.0	0.0	0.0023585714285714286
8863.0	21.0	1.0	0.0	0.004852857142857143
8884.0	21.0	1.0	0.0	0.001829047619047619
8905.0	21.0	1.0	0.0	0.0030695238095238097
8926.0	21.0	1.0	0.0	0.004458571428571428
8947.0	21.0	1.0	0.0	0.005308571428571429
8968.0	21.0	1.0	0.0	0.0035238095238095237
8989.0	21.0	1.0	0.0	0.0014057142857142855
9010.0	21.0	1.0	0.0	9.714285714285715e-05
9031.0	21.0	1.0	0.0	0.00017380952380952383
9052.0	21.0	1.0	0.0	7.142857142857143e-05
9073.0	21.0	1.0	0.0	5.5714285714285715e-05
9094.0	21.0	1.0	0.0	2.8571428571428574e-05
9115.0	21.0	1.0	0.0	2.142857142857143e-05
9136.0	21.0	1.0	0.0	4.523809523809524e-05
9157.0	21.0	1.0	0.0	0.00013666666666666666
9178.0	21.0	1.0	0.0	0.00014761904761904763
9199.0	21.0	1.0	0.0	2.2380952380952384e-05
9220.0	21.0	1.0	0.0	0.0001080952380952381
9241.0	21.0	1.0	0.0	0.00021333333333333336
9262.0	21.0	1.0	0.0	0.0007038095238095239
9283.0	21.0	1.0	0.0	0.0012852380952380952
9304.0	21.0	1.0	0.0	0.000589047619047619
9325.0	21.0	1.0	0.0	0.0022652380952380953
9346.0	21.0	1.0	0.0	0.00022904761904761904
9367.0	21.0	1.0	0.0	0.00012666666666666666
9388.0	21.0	1.0	0.0	0.00019904761904761904
9409.0	21.0	1.0	0.0	0.00018857142857142862
9430.0	21.0	1.0	0.0	4e-05
9451.0	21.0	1.0	0.0	1.9523809523809527e-05
9472.0	21.0	1.0	0.0	7.61904761904762e-06
9493.0	21.0	1.0	0.0	1e-05
9514.0	21.0	1.0	0.0	2.047619047619048e-05
9535.0	21.0	1.0	0.0	4.2857142857142855e-06
9556.0	21.0	1.0	0.0	9e-05
9577.0	21.0	1.0	0.0	0.0001319047619047619
9598.0	21.0	1.0	0.0	0.0006314285714285713
9619.0	21.0	1.0	0.0	0.002660952380952381
9640.0	21.0	1.0	0.0	0.0008352380952380949
9661.0	21.0	1.0	0.0	0.0002833333333333333
9682.0	21.0	1.0	0.0	0.002078095238095238
9703.0	21.0	1.0	0.0	0.0002742857142857142
9724.0	21.0	1.0	0.0	2.571428571428571e-05
9745.0	21.0	1.0	0.0	2.1904761904761906e-05
9766.0	21.0	1.0	0.0	0.00014142857142857143
9787.0	21.0	1.0	0.0	7.809523809523811e-05
9808.0	21.0	1.0	0.0	0.00014333333333333334
9829.0	21.0	1.0	0.0	7.952380952380954e-05
9850.0	21.0	1.0	0.0	1.0952380952380953e-05
9871.0	21.0	1.0	0.0	5.4285714285714295e-05
9892.0	21.0	1.0	0.0	1.1428571428571427e-05
9913.0	21.0	1.0	0.0	2.8571428571428574e-05
9934.0	21.0	1.0	0.0	7.476190476190477e-05
9955.0	21.0	1.0	0.0	0.00018857142857142862
9976.0	21.0	1.0	0.0	0.0003519047619047619
9997.0	21.0	1.0	0.0	0.0027014285714285716
10018.0	21.0	1.0	0.0	0.003355714285714286
10039.0	21.0	1.0	0.0	0.00021809523809523802
10060.0	21.0	1.0	0.0	0.00016285714285714287
10081.0	21.0	1.0	0.0	9.761904761904761e-05
10102.0	21.0	1.0	0.0	0.0013323809523809525
10123.0	21.0	1.0	0.0	0.0019228571428571424
10144.0	21.0	1.0	0.0	1.619047619047619e-05
10165.0	21.0	1.0	0.0	0.00019476190476190475
10186.0	21.0	1.0	0.0	2.6190476190476192e-05
10207.0	21.0	1.0	0.0	3.2857142857142864e-05
10228.0	21.0	1.0	0.0	4.7619047619047615e-06
10249.0	21.0	1.0	0.0	0.00013000000000000002
10270.0	21.0	1.0	0.0	0.00010571428571428572
10291.0	21.0	1.0	0.0	0.0005438095238095238
10312.0	21.0	1.0	0.0	0.0042880952380952376
10333.0	21.0	1.0	0.0	0.0022714285714285714
10354.0	21.0	1.0	0.0	0.003505714285714285
10375.0	21.0	1.0	0.0	0.0035014285714285707
10396.0	21.0	1.0	0.0	0.0025557142857142853
10417.0	21.0	1.0	0.0	0.002728571428571429
10438.0	21.0	1.0	0.0	0.002134285714285714
10459.0	21.0	1.0	0.0	0.00011476190476190475
10480.0	21.0	1.0	0.0	0.0007285714285714285
10501.0	21.0	1.0	0.0	0.00019761904761904757
10522.0	21.0	1.0	0.0	7.19047619047619e-05
10543.0	21.0	1.0	0.0	1.5714285714285715e-05
10564.0	21.0	1.0	0.0	3.80952380952381e-06
10585.0	21.0	1.0	0.0	1.7142857142857142e-05
10606.0	21.0	1.0	0.0	3.80952380952381e-05
10627.0	21.0	1.0	0.0	3.285714285714286e-05
10648.0	21.0	1.0	0.0	0.00013952380952380952
10669.0	21.0	1.0	0.0	0.0002819047619047619
10690.0	21.0	1.0	0.0	0.0002804761904761905
10711.0	21.0	1.0	0.0	0.003334285714285714
10732.0	21.0	1.0	0.0	0.006448095238095238
10753.0	21.0	1.0	0.0	0.0008342857142857142
10774.0	21.0	1.0	0.0	0.001653809523809524
10795.0	21.0	1.0	0.0	0.0015557142857142857
10816.0	21.0	1.0	0.0	0.00014047619047619049
10837.0	21.0	1.0	0.0	0.00033952380952380947
10858.0	21.0	1.0	0.0	0.00031285714285714293
10879.0	21.0	1.0	0.0	0.0002438095238095238
10900.0	21.0	1.0	0.0	1.619047619047619e-05
10921.0	21.0	1.0	0.0	8.19047619047619e-05
10942.0	21.0	1.0	0.0	6e-05
10963.0	21.0	1.0	0.0	1.2380952380952383e-05
10984.0	21.0	1.0	0.0	2.0952380952380954e-05
11005.0	21.0	1.0	0.0	0.00012476190476190478
11026.0	21.0	1.0	0.0	0.00088
11047.0	21.0	1.0	0.0	0.00805047619047619
11068.0	21.0	1.0	0.0	0.005745714285714286
11089.0	21.0	1.0	0.0	0.0025814285714285713
11110.0	21.0	1.0	0.0	0.0036
11131.0	21.0	1.0	0.0	0.0041276190476190475
11152.0	21.0	1.0	0.0	0.0009757142857142856
11173.0	21.0	1.0	0.0	0.0023328571428571426
11194.0	21.0	1.0	0.0	0.003473333333333333
11215.0	21.0	1.0	0.0	0.0009766666666666665
11236.0	21.0	1.0	0.0	0.00014666666666666664
11257.0	21.0	1.0	0.0	5.714285714285714e-06
11278.0	21.0	1.0	0.0	8.095238095238095e-06
11299.0	21.0	1.0	0.0	3.6190476190476195e-05
11320.0	21.0	1.0	0.0	0.00014285714285714287
11341.0	21.0	1.0	0.0	1.3333333333333337e-05
11362.0	21.0	1.0	0.0	4.047619047619048e-05
11383.0	21.0	1.0	0.0	0.00013285714285714287
11404.0	21.0	1.0	0.0	0.0001642857142857143
11425.0	21.0	1.0	0.0	0.00016523809523809522
11446.0	21.0	1.0	0.0	5.9047619047619046e-05
11467.0	21.0	1.0	0.0	0.0007947619047619048
11488.0	21.0	1.0	0.0	0.00153
11509.0	21.0	1.0	0.0	0.0025142857142857146
11530.0	21.0	1.0	0.0	0.0014114285714285715
11551.0	21.0	1.0	0.0	0.0006995238095238095
11572.0	21.0	1.0	0.0	3.2857142857142864e-05
11593.0	21.0	1.0	0.0	5.047619047619047e-05
11614.0	21.0	1.0	0.0	0.00010523809523809524
11635.0	21.0	1.0	0.0	2.0952380952380957e-05
11656.0	21.0	1.0	0.0	6.0000000000000015e-05
11677.0	21.0	1.0	0.0	5.2380952380952384e-05
11698.0	21.0	1.0	0.0	1.9523809523809524e-05
11719.0	21.0	1.0	0.0	0.00010809523809523807
11740.0	21.0	1.0	0.0	2.6190476190476196e-05
11761.0	21.0	1.0	0.0	0.0003976190476190476
11782.0	21.0	1.0	0.0	0.0022633333333333338
11803.0	21.0	1.0	0.0	0.002055714285714286
11824.0	21.0	1.0	0.0	0.0035871428571428573
11845.0	21.0	1.0	0.0	0.0020476190476190472
11866.0	21.0	1.0	0.0	0.0025519047619047626
11887.0	21.0	1.0	0.0	0.0007947619047619048
11908.0	21.0	1.0	0.0	0.00022142857142857142
11929.0	21.0	1.0	0.0	3.8095238095238094e-06
11950.0	21.0	1.0	0.0	2.238095238095238e-05
11971.0	21.0	1.0	0.0	0.00010095238095238095
11992.0	21.0	1.0	0.0	1.6666666666666667e-05
12013.0	21.0	1.0	0.0	9.523809523809525e-07
12034.0	21.0	1.0	0.0	1.8571428571428572e-05
12055.0	21.0	1.0	0.0	0.0
12076.0	21.0	1.0	0.0	2.857142857142857e-06
12097.0	21.0	1.0	0.0	1.4761904761904761e-05
12118.0	21.0	1.0	0.0	4.80952380952381e-05
12139.0	21.0	1.0	0.0	8.857142857142857e-05
12160.0	21.0	1.0	0.0	0.00028428571428571424
12181.0	21.0	1.0	0.0	0.00023857142857142857
12202.0	21.0	1.0	0.0	0.0028857142857142857
12223.0	21.0	1.0	0.0	0.0035019047619047616
12244.0	21.0	1.0	0.0	0.00011809523809523812
12265.0	21.0	1.0	0.0	0.00027714285714285715
12286.0	21.0	1.0	0.0	0.0002614285714285714
12307.0	21.0	1.0	0.0	0.00014
12328.0	21.0	1.0	0.0	0.00013857142857142857
12349.0	21.0	1.0	0.0	3.523809523809524e-05
12370.0	21.0	1.0	0.0	4.285714285714286e-06
12391.0	21.0	1.0	0.0	9.952380952380953e-05
12412.0	21.0	1.0	0.0	3.0476190476190485e-05
12433.0	21.0	1.0	0.0	0.00011857142857142858
12454.0	21.0	1.0	0.0	6.142857142857142e-05
12475.0	21.0	1.0	0.0	0.00032761904761904767
12496.0	21.0	1.0	0.0	0.00024380952380952383
12517.0	21.0	1.0	0.0	0.00013476190476190475
12538.0	21.0	1.0	0.0	0.0003499999999999999
12559.0	21.0	1.0	0.0	0.0033204761904761897
12580.0	21.0	1.0	0.0	0.002392857142857143
12601.0	21.0	1.0	0.0	0.001335238095238095
12622.0	21.0	1.0	0.0	0.00022333333333333333
12643.0	21.0	1.0	0.0	0.00011761904761904762
12664.0	21.0	1.0	0.0	0.00024047619047619048
12685.0	21.0	1.0	0.0	0.00011571428571428571
12706.0	21.0	1.0	0.0	9.19047619047619e-05
12727.0	21.0	1.0	0.0	2.6190476190476192e-05
12748.0	21.0	1.0	0.0	2.380952380952381e-05
12769.0	21.0	1.0	0.0	5.952380952380952e-05
12790.0	21.0	1.0	0.0	5.142857142857143e-05
12811.0	21.0	1.0	0.0	4.761904761904762e-06
12832.0	21.0	1.0	0.0	1.285714285714286e-05
12853.0	21.0	1.0	0.0	0.00032999999999999994
12874.0	21.0	1.0	0.0	0.0002804761904761905
12895.0	21.0	1.0	0.0	0.0017576190476190476
12916.0	21.0	1.0	0.0	0.0012223809523809522
12937.0	21.0	1.0	0.0	0.0022361904761904763
12958.0	21.0	1.0	0.0	0.00033619047619047615
12979.0	21.0	1.0	0.0	0.0016895238095238094
13000.0	21.0	1.0	0.0	0.0015580952380952384
13021.0	21.0	1.0	0.0	0.0004904761904761903
13042.0	21.0	1.0	0.0	0.00012476190476190475
13063.0	21.0	1.0	0.0	8.523809523809523e-05
13084.0	21.0	1.0	0.0	5.238095238095239e-06
13105.0	21.0	1.0	0.0	3.8095238095238094e-06
13126.0	21.0	1.0	0.0	3.333333333333333e-06
13147.0	21.0	1.0	0.0	1.0476190476190475e-05
13168.0	21.0	1.0	0.0	2.4761904761904766e-05
13189.0	21.0	1.0	0.0	0.00016714285714285713
13210.0	21.0	1.0	0.0	0.00011809523809523809
13231.0	21.0	1.0	0.0	9.142857142857143e-05
13252.0	21.0	1.0	0.0	0.00041714285714285714
13273.0	21.0	1.0	0.0	0.003717142857142856
13294.0	21.0	1.0	0.0	0.0015914285714285713
13315.0	21.0	1.0	0.0	0.0015276190476190474
13336.0	21.0	1.0	0.0	0.0018095238095238095
13357.0	21.0	1.0	0.0	0.0021938095238095237
13378.0	21.0	1.0	0.0	0.00018666666666666666
13399.0	21.0	1.0	0.0	3.523809523809524e-05
13420.0	21.0	1.0	0.0	0.0001528571428571429
13441.0	21.0	1.0	0.0	0.00018809523809523813
13462.0	21.0	1.0	0.0	0.0001761904761904762
13483.0	21.0	1.0	0.0	0.0002571428571428571
13504.0	21.0	1.0	0.0	8.714285714285714e-05
13525.0	21.0	1.0	0.0	0.0001923809523809524
13546.0	21.0	1.0	0.0	8.095238095238095e-06
13567.0	21.0	1.0	0.0	4.5238095238095245e-05
13588.0	21.0	1.0	0.0	1.9523809523809524e-05
13609.0	21.0	1.0	0.0	4.714285714285714e-05
13630.0	21.0	1.0	0.0	0.00034476190476190473
13651.0	21.0	1.0	0.0	0.0001538095238095238
13672.0	21.0	1.0	0.0	0.0019342857142857143
13693.0	21.0	1.0	0.0	0.0007466666666666666
13714.0	21.0	1.0	0.0	0.00019714285714285716
13735.0	21.0	1.0	0.0	0.0008538095238095238
13756.0	21.0	1.0	0.0	0.000409047619047619
13777.0	21.0	1.0	0.0	0.00023571428571428569
13798.0	21.0	1.0	0.0	0.00027
13819.0	21.0	1.0	0.0	0.00015571428571428572
13840.0	21.0	1.0	0.0	3.285714285714286e-05
13861.0	21.0	1.0	0.0	1.8571428571428575e-05
13882.0	21.0	1.0	0.0	2.0000000000000005e-05
13903.0	21.0	1.0	0.0	8e-05
13924.0	21.0	1.0	0.0	4.952380952380952e-05
13945.0	21.0	1.0	0.0	8.61904761904762e-05
13966.0	21.0	1.0	0.0	0.0005161904761904762
13987.0	21.0	1.0	0.0	0.002299047619047619
14008.0	21.0	1.0	0.0	0.0023838095238095237
14029.0	21.0	1.0	0.0	9.476190476190476e-05
14050.0	21.0	1.0	0.0	0.003186190476190476
14071.0	21.0	1.0	0.0	0.0012047619047619044
14092.0	21.0	1.0	0.0	0.0004976190476190477
14113.0	21.0	1.0	0.0	0.00012142857142857146
14134.0	21.0	1.0	0.0	0.00013666666666666664
14155.0	21.0	1.0	0.0	0.00011333333333333334
14176.0	21.0	1.0	0.0	0.00013904761904761907
14197.0	21.0	1.0	0.0	1.0476190476190477e-05
14218.0	21.0	1.0	0.0	6.19047619047619e-06
14239.0	21.0	1.0	0.0	3.047619047619048e-05
14260.0	21.0	1.0	0.0	1.904761904761905e-06
14281.0	21.0	1.0	0.0	1.9523809523809524e-05
14302.0	21.0	1.0	0.0	5.3333333333333326e-05
14323.0	21.0	1.0	0.0	0.0004209523809523809
14344.0	21.0	1.0	0.0	0.0017171428571428572
14365.0	21.0	1.0	0.0	0.003060952380952381
14386.0	21.0	1.0	0.0	0.00192
14407.0	21.0	1.0	0.0	0.0023738095238095237
14428.0	21.0	1.0	0.0	0.0008304761904761903
14449.0	21.0	1.0	0.0	0.0026238095238095235
14470.0	21.0	1.0	0.0	0.00018095238095238093
14491.0	21.0	1.0	0.0	2.2857142857142855e-05
14512.0	21.0	1.0	0.0	1.0476190476190477e-05
14533.0	21.0	1.0	0.0	1.6190476190476193e-05
14554.0	21.0	1.0	0.0	1.0952380952380951e-05
14575.0	21.0	1.0	0.0	9.523809523809525e-07
14596.0	21.0	1.0	0.0	0.0
14617.0	21.0	1.0	0.0	2.952380952380953e-05
14638.0	21.0	1.0	0.0	2.142857142857143e-05
14659.0	21.0	1.0	0.0	0.00023047619047619045
14680.0	21.0	1.0	0.0	0.00012476190476190475
14701.0	21.0	1.0	0.0	0.0013138095238095237
14722.0	21.0	1.0	0.0	0.002090952380952381
14743.0	21.0	1.0	0.0	0.0018438095238095236
14764.0	21.0	1.0	0.0	0.0013585714285714286
14785.0	21.0	1.0	0.0	0.0004638095238095239
14806.0	21.0	1.0	0.0	0.0012185714285714285
14827.0	21.0	1.0	0.0	7.428571428571429e-05
14848.0	21.0	1.0	0.0	4.6190476190476194e-05
14869.0	21.0	1.0	0.0	6.6666666666666675e-06
14890.0	21.0	1.0	0.0	9.523809523809525e-07
14911.0	21.0	1.0	0.0	1.0476190476190475e-05
14932.0	21.0	1.0	0.0	8.095238095238097e-06
14953.0	21.0	1.0	0.0	0.0001361904761904762
14974.0	21.0	1.0	0.0	7.571428571428571e-05
14995.0	21.0	1.0	0.0	7.047619047619048e-05
15016.0	21.0	1.0	0.0	4.952380952380953e-05
15037.0	21.0	1.0	0.0	1.380952380952381e-05
15058.0	21.0	1.0	0.0	3.571428571428572e-05
15079.0	21.0	1.0	0.0	9e-05
15100.0	21.0	1.0	0.0	0.0019033333333333333
15121.0	21.0	1.0	0.0	0.002964285714285713
15142.0	21.0	1.0	0.0	0.0006495238095238094
15163.0	21.0	1.0	0.0	0.0002023809523809524
15184.0	21.0	1.0	0.0	0.00012523809523809522
15205.0	21.0	1.0	0.0	2.3809523809523808e-06
15226.0	21.0	1.0	0.0	0.00030142857142857136
15247.0	21.0	1.0	0.0	0.0001233333333333333
15268.0	21.0	1.0	0.0	0.00014571428571428572
15289.0	21.0	1.0	0.0	0.0001480952380952381
15310.0	21.0	1.0	0.0	9.095238095238096e-05
15331.0	10.0	1.0	0.0	2.0000000000000003e-06
