stress_period	sp_length	time_step	study (0 : TS or 1 : SS)	rech
0.0	1.0	1.0	1.0	0.0003537469355383406
1.0	21.0	1.0	0.0	0.0006781365530830951
22.0	21.0	1.0	0.0	0.0014425526573543955
43.0	21.0	1.0	0.0	0.0007695072719028618
64.0	21.0	1.0	0.0	0.0008094159080868238
85.0	21.0	1.0	0.0	0.00032112121582026666
106.0	21.0	1.0	0.0	0.00012004488990418155
127.0	21.0	1.0	0.0	5.4659525553385404e-05
148.0	21.0	1.0	0.0	3.843834286644345e-05
169.0	21.0	1.0	0.0	5.339195614769197e-05
190.0	21.0	1.0	0.0	0.0004120098295665739
211.0	21.0	1.0	0.0	4.913373504366194e-05
232.0	21.0	1.0	0.0	2.973575535274687e-05
253.0	21.0	1.0	0.0	0.00019902868497936196
274.0	21.0	1.0	0.0	0.0004017030398050394
295.0	21.0	1.0	0.0	0.00035131463550380955
316.0	21.0	1.0	0.0	0.00039400909060519047
337.0	21.0	1.0	0.0	0.0007312763759067621
358.0	21.0	1.0	0.0	0.0017408476329984616
379.0	21.0	1.0	0.0	0.0013043597993396047
400.0	21.0	1.0	0.0	0.0013161584763299525
421.0	21.0	1.0	0.0	0.0012941400437127615
442.0	21.0	1.0	0.0	0.0009817526681082144
463.0	21.0	1.0	0.0	0.0003451647077287524
484.0	21.0	1.0	0.0	0.0001730550130207857
505.0	21.0	1.0	0.0	0.0001315104166666369
526.0	21.0	1.0	0.0	5.762518019903274e-05
547.0	21.0	1.0	0.0	2.7302333286830355e-05
568.0	21.0	1.0	0.0	2.3533943863142104e-05
589.0	21.0	1.0	0.0	1.4395463324728468e-05
610.0	21.0	1.0	0.0	1.0717925571259998e-05
631.0	21.0	1.0	0.0	1.1349476519085114e-05
652.0	21.0	1.0	0.0	0.00030811979657123815
673.0	21.0	1.0	0.0	8.244400932674304e-05
694.0	21.0	1.0	0.0	0.0001273925872075745
715.0	21.0	1.0	0.0	0.0004866999217441619
736.0	21.0	1.0	0.0	0.000951845623197962
757.0	21.0	1.0	0.0	0.0010601955595470097
778.0	21.0	1.0	0.0	0.0008069330851236523
799.0	21.0	1.0	0.0	0.00043195488339374766
820.0	21.0	1.0	0.0	0.0002143369402203858
841.0	21.0	1.0	0.0	0.00010006096249532768
862.0	21.0	1.0	0.0	4.907008579799107e-05
883.0	21.0	1.0	0.0	2.7959187825520837e-05
904.0	21.0	1.0	0.0	1.5408107212611604e-05
925.0	21.0	1.0	0.0	1.3210108947186239e-05
946.0	21.0	1.0	0.0	2.92210355400942e-05
967.0	21.0	1.0	0.0	2.3450584638681028e-05
988.0	21.0	1.0	0.0	5.765835444132046e-05
1009.0	21.0	1.0	0.0	0.0001563411894298477
1030.0	21.0	1.0	0.0	7.564181373232126e-05
1051.0	21.0	1.0	0.0	0.0003448152769179048
1072.0	21.0	1.0	0.0	0.0007284894670758428
1093.0	21.0	1.0	0.0	0.0008410647256033334
1114.0	21.0	1.0	0.0	0.0007502078101748096
1135.0	21.0	1.0	0.0	0.0007280180794851715
1156.0	21.0	1.0	0.0	0.0004469034104119856
1177.0	21.0	1.0	0.0	0.0002304389590308381
1198.0	21.0	1.0	0.0	0.0001869957333518857
1219.0	21.0	1.0	0.0	0.00011032322474886102
1240.0	21.0	1.0	0.0	0.00029438309442427884
1261.0	21.0	1.0	0.0	6.327747163318452e-05
1282.0	21.0	1.0	0.0	0.00010739935012090684
1303.0	21.0	1.0	0.0	2.5099784135818476e-05
1324.0	21.0	1.0	0.0	0.00010359542000860129
1345.0	21.0	1.0	0.0	4.9255268914356964e-05
1366.0	21.0	1.0	0.0	0.00026265323729740607
1387.0	21.0	1.0	0.0	0.0004926376342772903
1408.0	21.0	1.0	0.0	0.0005195393335251
1429.0	21.0	1.0	0.0	0.0012344791775657478
1450.0	21.0	1.0	0.0	0.0013190115065801287
1471.0	21.0	1.0	0.0	0.0018852331978933667
1492.0	21.0	1.0	0.0	0.001269577389671638
1513.0	21.0	1.0	0.0	0.0010231868198939192
1534.0	21.0	1.0	0.0	0.0008284570603143189
1555.0	21.0	1.0	0.0	0.00035259428478417613
1576.0	21.0	1.0	0.0	0.00024350048246833325
1597.0	21.0	1.0	0.0	0.00010699535551522857
1618.0	21.0	1.0	0.0	5.6807018461681545e-05
1639.0	21.0	1.0	0.0	3.12013171968006e-05
1660.0	21.0	1.0	0.0	1.9168429786250707e-05
1681.0	21.0	1.0	0.0	1.3221198249430885e-05
1702.0	21.0	1.0	0.0	2.0398200977412406e-05
1723.0	21.0	1.0	0.0	9.532223145166063e-05
1744.0	21.0	1.0	0.0	2.336619013831729e-05
1765.0	21.0	1.0	0.0	0.0004673072497049523
1786.0	21.0	1.0	0.0	0.0004546190897623191
1807.0	21.0	1.0	0.0	0.00039347921098977135
1828.0	21.0	1.0	0.0	0.0010664879935127765
1849.0	21.0	1.0	0.0	0.0011459637596493238
1870.0	21.0	1.0	0.0	0.0007327081589471237
1891.0	21.0	1.0	0.0	0.0012278028215680335
1912.0	21.0	1.0	0.0	0.0010609188988094762
1933.0	21.0	1.0	0.0	0.00024357895624066192
1954.0	21.0	1.0	0.0	9.210132417223095e-05
1975.0	21.0	1.0	0.0	4.217601957775298e-05
1996.0	21.0	1.0	0.0	2.5842575799851183e-05
2017.0	21.0	1.0	0.0	1.4466785249255956e-05
2038.0	21.0	1.0	0.0	9.4553998538426e-06
2059.0	21.0	1.0	0.0	7.5893870421818325e-06
2080.0	21.0	1.0	0.0	4.2983834232594956e-05
2101.0	21.0	1.0	0.0	3.759076481773433e-05
2122.0	21.0	1.0	0.0	0.00014159260477336787
2143.0	21.0	1.0	0.0	0.0001364765394301385
2164.0	21.0	1.0	0.0	0.0004133578936258524
2185.0	21.0	1.0	0.0	0.00027392696198957146
2206.0	21.0	1.0	0.0	0.00041959135872972385
2227.0	21.0	1.0	0.0	0.0003790761856805239
2248.0	21.0	1.0	0.0	0.0003125931876045762
2269.0	21.0	1.0	0.0	0.00022724642072399526
2290.0	21.0	1.0	0.0	0.00010903803507483676
2311.0	21.0	1.0	0.0	4.783230736142113e-05
2332.0	21.0	1.0	0.0	2.6568458193824408e-05
2353.0	21.0	1.0	0.0	1.687058948335194e-05
2374.0	21.0	1.0	0.0	1.028805687313988e-05
2395.0	21.0	1.0	0.0	6.9177902880169114e-06
2416.0	21.0	1.0	0.0	6.865969726017543e-06
2437.0	21.0	1.0	0.0	4.9008244559878395e-06
2458.0	21.0	1.0	0.0	9.317887680871147e-06
2479.0	21.0	1.0	0.0	7.864195392244206e-05
2500.0	21.0	1.0	0.0	3.092716989062698e-05
2521.0	21.0	1.0	0.0	0.00029992113794594804
2542.0	21.0	1.0	0.0	0.00014435236794604236
2563.0	21.0	1.0	0.0	0.0002056238537742628
2584.0	21.0	1.0	0.0	0.0005223217918758808
2605.0	21.0	1.0	0.0	0.0002636781420026095
2626.0	21.0	1.0	0.0	0.00015313793364021906
2647.0	21.0	1.0	0.0	9.572601318357648e-05
2668.0	21.0	1.0	0.0	6.341952369326638e-05
2689.0	21.0	1.0	0.0	3.315753028506325e-05
2710.0	21.0	1.0	0.0	0.00012218874976747935
2731.0	21.0	1.0	0.0	1.6816457112630208e-05
2752.0	21.0	1.0	0.0	1.0399039657343004e-05
2773.0	21.0	1.0	0.0	8.026999022279467e-06
2794.0	21.0	1.0	0.0	5.873510525340126e-06
2815.0	21.0	1.0	0.0	9.857848996207826e-06
2836.0	21.0	1.0	0.0	2.3322993800753643e-05
2857.0	21.0	1.0	0.0	6.081854729424584e-05
2878.0	21.0	1.0	0.0	0.0003111730757213331
2899.0	21.0	1.0	0.0	0.0006354529517036904
2920.0	21.0	1.0	0.0	0.0007109786442347427
2941.0	21.0	1.0	0.0	0.0006394787742977667
2962.0	21.0	1.0	0.0	0.0010493323916480335
2983.0	21.0	1.0	0.0	0.0008792448497953335
3004.0	21.0	1.0	0.0	0.0003926852998278905
3025.0	21.0	1.0	0.0	0.00022824677966884761
3046.0	21.0	1.0	0.0	0.00012093716575982291
3067.0	21.0	1.0	0.0	5.454181489490328e-05
3088.0	21.0	1.0	0.0	3.9679027739024406e-05
3109.0	21.0	1.0	0.0	2.5037493024553564e-05
3130.0	21.0	1.0	0.0	2.5575054543356114e-05
3151.0	21.0	1.0	0.0	1.187585507120405e-05
3172.0	21.0	1.0	0.0	2.2265888395763578e-05
3193.0	21.0	1.0	0.0	0.0001312693016869469
3214.0	21.0	1.0	0.0	0.0004921210039229135
3235.0	21.0	1.0	0.0	0.00035644404093419525
3256.0	21.0	1.0	0.0	0.0003669017610095286
3277.0	21.0	1.0	0.0	0.0005680062430245095
3298.0	21.0	1.0	0.0	0.0004297881353468667
3319.0	21.0	1.0	0.0	0.0004707558041526619
3340.0	21.0	1.0	0.0	0.0003565508524576286
3361.0	21.0	1.0	0.0	0.0003060498918805429
3382.0	21.0	1.0	0.0	0.0003016858782086571
3403.0	21.0	1.0	0.0	0.00014056360153921277
3424.0	21.0	1.0	0.0	0.0001599884033202863
3445.0	21.0	1.0	0.0	6.15379696800595e-05
3466.0	21.0	1.0	0.0	4.633440290178125e-05
3487.0	21.0	1.0	0.0	2.354712997164045e-05
3508.0	21.0	1.0	0.0	1.4500077281679425e-05
3529.0	21.0	1.0	0.0	1.0076101337160382e-05
3550.0	21.0	1.0	0.0	7.661254633040654e-06
3571.0	21.0	1.0	0.0	0.00021236946753089693
3592.0	21.0	1.0	0.0	0.00043288205918807517
3613.0	21.0	1.0	0.0	0.00037973494756784765
3634.0	21.0	1.0	0.0	0.0009447670891170953
3655.0	21.0	1.0	0.0	0.0018208247593470574
3676.0	21.0	1.0	0.0	0.0017508646647134954
3697.0	21.0	1.0	0.0	0.0011006208147320998
3718.0	21.0	1.0	0.0	0.0008923804873511522
3739.0	21.0	1.0	0.0	0.0005322171165829095
3760.0	21.0	1.0	0.0	0.00023564656575516182
3781.0	21.0	1.0	0.0	0.00023934355236231787
3802.0	21.0	1.0	0.0	0.00030403064546126186
3823.0	21.0	1.0	0.0	0.00013526843843001074
3844.0	21.0	1.0	0.0	8.490426199776369e-05
3865.0	21.0	1.0	0.0	4.3520405178978324e-05
3886.0	21.0	1.0	0.0	2.58080107825143e-05
3907.0	21.0	1.0	0.0	3.928027266547715e-05
3928.0	21.0	1.0	0.0	2.6787803286597836e-05
3949.0	21.0	1.0	0.0	0.00046985368501569716
3970.0	21.0	1.0	0.0	0.0005589285805111237
3991.0	21.0	1.0	0.0	0.0017358462015787239
4012.0	21.0	1.0	0.0	0.002991178058442562
4033.0	21.0	1.0	0.0	0.0015996264503115145
4054.0	21.0	1.0	0.0	0.0007081102643693761
4075.0	21.0	1.0	0.0	0.0007080099923269809
4096.0	21.0	1.0	0.0	0.0005573955717540619
4117.0	21.0	1.0	0.0	0.0005976191929408095
4138.0	21.0	1.0	0.0	0.00024471464611230953
4159.0	21.0	1.0	0.0	9.755016508553811e-05
4180.0	21.0	1.0	0.0	6.961350213913274e-05
4201.0	21.0	1.0	0.0	4.9043927873882144e-05
4222.0	21.0	1.0	0.0	0.00018376761958712265
4243.0	21.0	1.0	0.0	8.230196861993073e-05
4264.0	21.0	1.0	0.0	3.307644526163737e-05
4285.0	21.0	1.0	0.0	3.924878438313759e-05
4306.0	21.0	1.0	0.0	0.00018085064206801695
4327.0	21.0	1.0	0.0	0.0007049153191702239
4348.0	21.0	1.0	0.0	0.0008818567366826571
4369.0	21.0	1.0	0.0	0.0006789281935918524
4390.0	21.0	1.0	0.0	0.0015581328982398235
4411.0	21.0	1.0	0.0	0.0010468964349655383
4432.0	21.0	1.0	0.0	0.0008316392444428285
4453.0	21.0	1.0	0.0	0.0004376249767484761
4474.0	21.0	1.0	0.0	0.0003739929199218286
4495.0	21.0	1.0	0.0	0.00040659005301335236
4516.0	21.0	1.0	0.0	0.0002367822556268285
4537.0	21.0	1.0	0.0	8.272516159783154e-05
4558.0	21.0	1.0	0.0	3.6687215169270845e-05
4579.0	21.0	1.0	0.0	2.0415086831365313e-05
4600.0	21.0	1.0	0.0	1.2751355767250065e-05
4621.0	21.0	1.0	0.0	1.455235481262207e-05
4642.0	21.0	1.0	0.0	1.0507356552850632e-05
4663.0	21.0	1.0	0.0	0.00011562379201252342
4684.0	21.0	1.0	0.0	0.00015992423466270472
4705.0	21.0	1.0	0.0	0.00032964163734796074
4726.0	21.0	1.0	0.0	0.0006171019417898428
4747.0	21.0	1.0	0.0	0.0008789554777599046
4768.0	21.0	1.0	0.0	0.0008576583862304287
4789.0	21.0	1.0	0.0	0.001981403169177786
4810.0	21.0	1.0	0.0	0.001415248689197324
4831.0	21.0	1.0	0.0	0.0003573114304315096
4852.0	21.0	1.0	0.0	0.00015833827427451432
4873.0	21.0	1.0	0.0	8.598109654017203e-05
4894.0	21.0	1.0	0.0	5.151585170200892e-05
4915.0	21.0	1.0	0.0	6.376575288317796e-05
4936.0	21.0	1.0	0.0	2.0664033435639884e-05
4957.0	21.0	1.0	0.0	2.083387687092736e-05
4978.0	21.0	1.0	0.0	2.7052772896630422e-05
4999.0	21.0	1.0	0.0	1.0729125567844939e-05
5020.0	21.0	1.0	0.0	3.860724539983601e-05
5041.0	21.0	1.0	0.0	0.0002533866450899658
5062.0	21.0	1.0	0.0	0.00015779147829325665
5083.0	21.0	1.0	0.0	0.0003302612304687096
5104.0	21.0	1.0	0.0	0.0010464651016961525
5125.0	21.0	1.0	0.0	0.0008227662586030048
5146.0	21.0	1.0	0.0	0.0010519100370860715
5167.0	21.0	1.0	0.0	0.0009479686192103236
5188.0	21.0	1.0	0.0	0.000514557248070081
5209.0	21.0	1.0	0.0	0.00023026820591513336
5230.0	21.0	1.0	0.0	0.00011157190232047533
5251.0	21.0	1.0	0.0	6.733558291480656e-05
5272.0	21.0	1.0	0.0	4.723939441499257e-05
5293.0	21.0	1.0	0.0	2.41361345563616e-05
5314.0	21.0	1.0	0.0	1.4134474808261507e-05
5335.0	21.0	1.0	0.0	9.197371701399483e-06
5356.0	21.0	1.0	0.0	6.498182103747414e-06
5377.0	21.0	1.0	0.0	1.9314219554265337e-05
5398.0	21.0	1.0	0.0	0.00018906077600657875
5419.0	21.0	1.0	0.0	6.347256615047007e-05
5440.0	21.0	1.0	0.0	0.00034962956110632157
5461.0	21.0	1.0	0.0	0.000735089256649881
5482.0	21.0	1.0	0.0	0.0009117659614199241
5503.0	21.0	1.0	0.0	0.002119804563976424
5524.0	21.0	1.0	0.0	0.002391977219354486
5545.0	21.0	1.0	0.0	0.0010368855794270378
5566.0	21.0	1.0	0.0	0.00031778462727859993
5587.0	21.0	1.0	0.0	0.00015465727306543335
5608.0	21.0	1.0	0.0	9.63214692615137e-05
5629.0	21.0	1.0	0.0	5.6990850539434545e-05
5650.0	21.0	1.0	0.0	2.906363351004464e-05
5671.0	21.0	1.0	0.0	1.976594470796131e-05
5692.0	21.0	1.0	0.0	1.1288442072414217e-05
5713.0	21.0	1.0	0.0	2.286239394119807e-05
5734.0	21.0	1.0	0.0	9.782581102280389e-06
5755.0	21.0	1.0	0.0	7.206267118452937e-05
5776.0	21.0	1.0	0.0	8.579637890769513e-05
5797.0	21.0	1.0	0.0	0.00019055259795413342
5818.0	21.0	1.0	0.0	0.0004983831133160763
5839.0	21.0	1.0	0.0	0.0009895533607119143
5860.0	21.0	1.0	0.0	0.0016455690293084573
5881.0	21.0	1.0	0.0	0.0011813394455682286
5902.0	21.0	1.0	0.0	0.0009101460774739189
5923.0	21.0	1.0	0.0	0.0006076772780644953
5944.0	21.0	1.0	0.0	0.0005575728643507714
5965.0	21.0	1.0	0.0	0.0001712682814824762
5986.0	21.0	1.0	0.0	7.938857305617382e-05
6007.0	21.0	1.0	0.0	6.485421316963808e-05
6028.0	21.0	1.0	0.0	3.3586774553571434e-05
6049.0	21.0	1.0	0.0	1.9302908863340107e-05
6070.0	21.0	1.0	0.0	1.3979575463703698e-05
6091.0	21.0	1.0	0.0	1.7272878260839553e-05
6112.0	21.0	1.0	0.0	1.1733966214316232e-05
6133.0	21.0	1.0	0.0	0.0003055104982284979
6154.0	21.0	1.0	0.0	0.000268241314660881
6175.0	21.0	1.0	0.0	0.0006282991227648953
6196.0	21.0	1.0	0.0	0.0007076840173630144
6217.0	21.0	1.0	0.0	0.001335641951788
6238.0	21.0	1.0	0.0	0.0019860734485444144
6259.0	21.0	1.0	0.0	0.0009484034946986096
6280.0	21.0	1.0	0.0	0.000769718715122719
6301.0	21.0	1.0	0.0	0.0005179995582216858
6322.0	21.0	1.0	0.0	0.000262050810314319
6343.0	21.0	1.0	0.0	0.00011886596679684646
6364.0	21.0	1.0	0.0	4.7321137927827386e-05
6385.0	21.0	1.0	0.0	2.364458356584821e-05
6406.0	21.0	1.0	0.0	8.613616902203548e-05
6427.0	21.0	1.0	0.0	1.264308925185885e-05
6448.0	21.0	1.0	0.0	9.092015879494802e-06
6469.0	21.0	1.0	0.0	6.8992660159156445e-06
6490.0	21.0	1.0	0.0	0.00034024418819514476
6511.0	21.0	1.0	0.0	0.000336912972586438
6532.0	21.0	1.0	0.0	0.00046597344534732863
6553.0	21.0	1.0	0.0	0.0007503596714564094
6574.0	21.0	1.0	0.0	0.0007291356041317335
6595.0	21.0	1.0	0.0	0.0008703822181337811
6616.0	21.0	1.0	0.0	0.0007549921671549048
6637.0	21.0	1.0	0.0	0.0003568870907737619
6658.0	21.0	1.0	0.0	0.00016679091680612857
6679.0	21.0	1.0	0.0	0.00019621567499064762
6700.0	21.0	1.0	0.0	0.00013700721377413451
6721.0	21.0	1.0	0.0	6.576065790085568e-05
6742.0	21.0	1.0	0.0	3.506360735212053e-05
6763.0	21.0	1.0	0.0	2.1380833217075897e-05
6784.0	21.0	1.0	0.0	4.609553586868502e-05
6805.0	21.0	1.0	0.0	7.085418133507797e-05
6826.0	21.0	1.0	0.0	2.986595744178165e-05
6847.0	21.0	1.0	0.0	7.824417522974969e-05
6868.0	21.0	1.0	0.0	4.579167138962518e-05
6889.0	21.0	1.0	0.0	0.0001392216682433765
6910.0	21.0	1.0	0.0	0.0004157063166299952
6931.0	21.0	1.0	0.0	0.0005159876687185524
6952.0	21.0	1.0	0.0	0.0020051664624894903
6973.0	21.0	1.0	0.0	0.0008534970964703713
6994.0	21.0	1.0	0.0	0.0005893162318637904
7015.0	21.0	1.0	0.0	0.0007659545171827953
7036.0	21.0	1.0	0.0	0.0004473680768693713
7057.0	21.0	1.0	0.0	0.0002698782057988762
7078.0	21.0	1.0	0.0	0.00010975065685451251
7099.0	21.0	1.0	0.0	4.043215797061012e-05
7120.0	21.0	1.0	0.0	2.6424589611235117e-05
7141.0	21.0	1.0	0.0	1.7687185179619562e-05
7162.0	21.0	1.0	0.0	1.4862733937445142e-05
7183.0	21.0	1.0	0.0	1.4872438850856966e-05
7204.0	21.0	1.0	0.0	0.00011902321520304408
7225.0	21.0	1.0	0.0	0.00041516224543249904
7246.0	21.0	1.0	0.0	0.00019337890261690008
7267.0	21.0	1.0	0.0	0.0004990242549350952
7288.0	21.0	1.0	0.0	0.0006896213349841382
7309.0	21.0	1.0	0.0	0.0006962552751813
7330.0	21.0	1.0	0.0	0.0005318623497372048
7351.0	21.0	1.0	0.0	0.0005509886968703095
7372.0	21.0	1.0	0.0	0.0003821621849422905
7393.0	21.0	1.0	0.0	0.0006081684657505144
7414.0	21.0	1.0	0.0	0.0002653525216238476
7435.0	21.0	1.0	0.0	0.00016916838146387143
7456.0	21.0	1.0	0.0	0.0001664704822358384
7477.0	21.0	1.0	0.0	4.6896798270089285e-05
7498.0	21.0	1.0	0.0	2.9152104187579386e-05
7519.0	21.0	1.0	0.0	2.1209610005219778e-05
7540.0	21.0	1.0	0.0	1.64081837449755e-05
7561.0	21.0	1.0	0.0	2.599265745707476e-05
7582.0	21.0	1.0	0.0	2.294732275463286e-05
7603.0	21.0	1.0	0.0	0.00012760254882628706
7624.0	21.0	1.0	0.0	6.244048618134692e-05
7645.0	21.0	1.0	0.0	0.00025352212360924003
7666.0	21.0	1.0	0.0	0.0009906073070707288
7687.0	21.0	1.0	0.0	0.0015854674748011614
7708.0	21.0	1.0	0.0	0.001515593392508319
7729.0	21.0	1.0	0.0	0.0012285980951217907
7750.0	21.0	1.0	0.0	0.0009731045677547951
7771.0	21.0	1.0	0.0	0.0007970595586866953
7792.0	21.0	1.0	0.0	0.0002988273983909524
7813.0	21.0	1.0	0.0	0.0001435888381231101
7834.0	21.0	1.0	0.0	5.688403901599703e-05
7855.0	21.0	1.0	0.0	3.0617123558407736e-05
7876.0	21.0	1.0	0.0	1.858163731438773e-05
7897.0	21.0	1.0	0.0	0.00031239977904727145
7918.0	21.0	1.0	0.0	0.00024421957560944726
7939.0	21.0	1.0	0.0	8.80151930309396e-05
7960.0	21.0	1.0	0.0	5.735456375848678e-05
7981.0	21.0	1.0	0.0	0.00010653146107988772
8002.0	21.0	1.0	0.0	0.0002320814586820781
8023.0	21.0	1.0	0.0	0.0003856063116164048
8044.0	21.0	1.0	0.0	0.00046055902753552836
8065.0	21.0	1.0	0.0	0.0009863090515136287
8086.0	21.0	1.0	0.0	0.0008716959272111762
8107.0	21.0	1.0	0.0	0.0004845730009532666
8128.0	21.0	1.0	0.0	0.0002606128510974238
8149.0	21.0	1.0	0.0	0.0002384298415410524
8170.0	21.0	1.0	0.0	0.00011986178443542265
8191.0	21.0	1.0	0.0	5.7290940057663686e-05
8212.0	21.0	1.0	0.0	2.647545224144345e-05
8233.0	21.0	1.0	0.0	1.4954912520590282e-05
8254.0	21.0	1.0	0.0	1.021158482347216e-05
8275.0	21.0	1.0	0.0	5.801059234709557e-05
8296.0	21.0	1.0	0.0	7.122828846886043e-06
8317.0	21.0	1.0	0.0	2.4155804089137486e-05
8338.0	21.0	1.0	0.0	0.00019799182528539767
8359.0	21.0	1.0	0.0	0.0006461564472743051
8380.0	21.0	1.0	0.0	0.00032337188720697616
8401.0	21.0	1.0	0.0	0.0006291691008067762
8422.0	21.0	1.0	0.0	0.0006846349807012333
8443.0	21.0	1.0	0.0	0.0006625731331960904
8464.0	21.0	1.0	0.0	0.0005468848092214951
8485.0	21.0	1.0	0.0	0.0005247290475027476
8506.0	21.0	1.0	0.0	0.0002936757405598428
8527.0	21.0	1.0	0.0	0.00019179934547056666
8548.0	21.0	1.0	0.0	0.00010392434256414375
8569.0	21.0	1.0	0.0	4.857889811197916e-05
8590.0	21.0	1.0	0.0	2.6390075683593747e-05
8611.0	21.0	1.0	0.0	1.651364422979809e-05
8632.0	21.0	1.0	0.0	1.2066598449434554e-05
8653.0	21.0	1.0	0.0	1.0052715029035294e-05
8674.0	21.0	1.0	0.0	2.2922808215731667e-05
8695.0	21.0	1.0	0.0	0.00014755324522652274
8716.0	21.0	1.0	0.0	0.0001709111304509965
8737.0	21.0	1.0	0.0	0.000239695185706681
8758.0	21.0	1.0	0.0	0.0005203817004248714
8779.0	21.0	1.0	0.0	0.0017094796498616145
8800.0	21.0	1.0	0.0	0.0014607674734932576
8821.0	21.0	1.0	0.0	0.0007652893066405808
8842.0	21.0	1.0	0.0	0.00041499837239578096
8863.0	21.0	1.0	0.0	0.00022337849934890472
8884.0	21.0	1.0	0.0	9.25361996605107e-05
8905.0	21.0	1.0	0.0	4.6164376395089285e-05
8926.0	21.0	1.0	0.0	2.3102169945126487e-05
8947.0	21.0	1.0	0.0	3.565506708054077e-05
8968.0	21.0	1.0	0.0	1.3134211656593143e-05
8989.0	21.0	1.0	0.0	9.226328915073759e-06
9010.0	21.0	1.0	0.0	7.3050955931345615e-06
9031.0	21.0	1.0	0.0	1.0208926030567714e-05
9052.0	21.0	1.0	0.0	0.0002848579259145563
9073.0	21.0	1.0	0.0	0.00023530630838299938
9094.0	21.0	1.0	0.0	0.0006527386619930523
9115.0	21.0	1.0	0.0	0.0007156475612094809
9136.0	21.0	1.0	0.0	0.0014075411841982428
9157.0	21.0	1.0	0.0	0.001706965491885171
9178.0	21.0	1.0	0.0	0.0009470825195312
9199.0	21.0	1.0	0.0	0.0010626656668526239
9220.0	21.0	1.0	0.0	0.0007097698393321666
9241.0	21.0	1.0	0.0	0.0003596111479259238
9262.0	21.0	1.0	0.0	0.0002292887369791286
9283.0	21.0	1.0	0.0	0.0001410595121837476
9304.0	21.0	1.0	0.0	8.12232607886863e-05
9325.0	21.0	1.0	0.0	4.1506510405313404e-05
9346.0	21.0	1.0	0.0	2.4540579035168604e-05
9367.0	21.0	1.0	0.0	1.7369877724420457e-05
9388.0	21.0	1.0	0.0	1.680579071953183e-05
9409.0	21.0	1.0	0.0	3.9001169658835525e-05
9430.0	21.0	1.0	0.0	0.000258458171571977
9451.0	21.0	1.0	0.0	0.00039684136708572867
9472.0	21.0	1.0	0.0	0.0014432073774791336
9493.0	21.0	1.0	0.0	0.0018902533394949332
9514.0	21.0	1.0	0.0	0.0019023840767996149
9535.0	21.0	1.0	0.0	0.0021409494309197856
9556.0	21.0	1.0	0.0	0.0024078216552733947
9577.0	21.0	1.0	0.0	0.0005798906598771904
9598.0	21.0	1.0	0.0	0.0003877519880022
9619.0	21.0	1.0	0.0	0.000253510248093338
9640.0	21.0	1.0	0.0	0.0001670626685732524
9661.0	21.0	1.0	0.0	6.911141531807917e-05
9682.0	21.0	1.0	0.0	0.0001792471749441869
9703.0	21.0	1.0	0.0	3.3836024148123604e-05
9724.0	21.0	1.0	0.0	0.00013712078049069317
9745.0	21.0	1.0	0.0	2.8817233585176014e-05
9766.0	21.0	1.0	0.0	2.633446738833473e-05
9787.0	21.0	1.0	0.0	6.415183203560535e-05
9808.0	21.0	1.0	0.0	0.00016574593952720803
9829.0	21.0	1.0	0.0	0.00024849333081921433
9850.0	21.0	1.0	0.0	0.0003001567749749476
9871.0	21.0	1.0	0.0	0.0004618137904575429
9892.0	21.0	1.0	0.0	0.00034661438351581895
9913.0	21.0	1.0	0.0	0.00028317969185960947
9934.0	21.0	1.0	0.0	0.00014046732584630477
9955.0	21.0	1.0	0.0	9.619740077426072e-05
9976.0	21.0	1.0	0.0	7.20236642020018e-05
9997.0	21.0	1.0	0.0	4.6531132289341515e-05
10018.0	21.0	1.0	0.0	2.798843383789062e-05
10039.0	21.0	1.0	0.0	1.601137433733259e-05
10060.0	21.0	1.0	0.0	1.0993207671812604e-05
10081.0	21.0	1.0	0.0	1.6880162237655552e-05
10102.0	21.0	1.0	0.0	6.303300460179647e-06
10123.0	21.0	1.0	0.0	7.246982483636765e-06
10144.0	21.0	1.0	0.0	1.600187449228196e-05
10165.0	21.0	1.0	0.0	3.259058793385432e-05
10186.0	21.0	1.0	0.0	0.00028561269669301505
10207.0	21.0	1.0	0.0	0.0003553024246578807
10228.0	21.0	1.0	0.0	0.0004536211831228523
10249.0	21.0	1.0	0.0	0.00040486553737090956
10270.0	21.0	1.0	0.0	0.0005053859892345143
10291.0	21.0	1.0	0.0	0.00034490676153268573
10312.0	21.0	1.0	0.0	0.00022756122407454295
10333.0	21.0	1.0	0.0	0.0002462757655551952
10354.0	21.0	1.0	0.0	0.00010208638509112858
10375.0	21.0	1.0	0.0	4.39391363234747e-05
10396.0	21.0	1.0	0.0	2.1704900832403275e-05
10417.0	21.0	1.0	0.0	2.0108177548363095e-05
10438.0	21.0	1.0	0.0	1.6818047988982428e-05
10459.0	21.0	1.0	0.0	3.80333420776159e-05
10480.0	21.0	1.0	0.0	3.319069885072222e-05
10501.0	21.0	1.0	0.0	0.0004051073959895241
10522.0	21.0	1.0	0.0	0.0005061655952816559
10543.0	21.0	1.0	0.0	0.0014104488009497812
10564.0	21.0	1.0	0.0	0.0013414568219865617
10585.0	21.0	1.0	0.0	0.0009992730276924759
10606.0	21.0	1.0	0.0	0.001113423302060038
10627.0	21.0	1.0	0.0	0.0008414982386997429
10648.0	21.0	1.0	0.0	0.0004564129057384237
10669.0	21.0	1.0	0.0	0.00035648890904012385
10690.0	21.0	1.0	0.0	0.00024065362839468092
10711.0	21.0	1.0	0.0	0.00022797648111974765
10732.0	21.0	1.0	0.0	0.000131750197637628
10753.0	21.0	1.0	0.0	5.7314191545758943e-05
10774.0	21.0	1.0	0.0	2.9326665969122026e-05
10795.0	21.0	1.0	0.0	1.6862872101011733e-05
10816.0	21.0	1.0	0.0	1.174063483874003e-05
10837.0	21.0	1.0	0.0	8.902397893723988e-06
10858.0	21.0	1.0	0.0	6.8048721268063505e-06
10879.0	21.0	1.0	0.0	4.3541394528888165e-05
10900.0	21.0	1.0	0.0	7.958110173542749e-05
10921.0	21.0	1.0	0.0	0.00030664254370186005
10942.0	21.0	1.0	0.0	0.00021717230478917622
10963.0	21.0	1.0	0.0	0.00036783808753599527
10984.0	21.0	1.0	0.0	0.0004458413805279999
11005.0	21.0	1.0	0.0	0.0006809666043235762
11026.0	21.0	1.0	0.0	0.001883626302083281
11047.0	21.0	1.0	0.0	0.0007614088512601857
11068.0	21.0	1.0	0.0	0.000354962303524881
11089.0	21.0	1.0	0.0	0.00018140883672799525
11110.0	21.0	1.0	0.0	7.021368117559525e-05
11131.0	21.0	1.0	0.0	4.537491571335565e-05
11152.0	21.0	1.0	0.0	2.290602099327814e-05
11173.0	21.0	1.0	0.0	1.4324398267836798e-05
11194.0	21.0	1.0	0.0	3.923393289247873e-05
11215.0	21.0	1.0	0.0	9.616028694879442e-06
11236.0	21.0	1.0	0.0	7.207535562061126e-06
11257.0	21.0	1.0	0.0	3.869990507761638e-05
11278.0	21.0	1.0	0.0	0.00012683634530927777
11299.0	21.0	1.0	0.0	0.0002190539042154674
11320.0	21.0	1.0	0.0	0.00025489630017956665
11341.0	21.0	1.0	0.0	0.00028700537908640003
11362.0	21.0	1.0	0.0	0.00030414563133597625
11383.0	21.0	1.0	0.0	0.00027863947550451436
11404.0	21.0	1.0	0.0	0.00023610959734230943
11425.0	21.0	1.0	0.0	0.0001560674394879476
11446.0	21.0	1.0	0.0	9.377143496557409e-05
11467.0	21.0	1.0	0.0	4.870623633975074e-05
11488.0	21.0	1.0	0.0	0.00017126610165549405
11509.0	21.0	1.0	0.0	3.244291033063616e-05
11530.0	21.0	1.0	0.0	0.00010526036506606838
11551.0	21.0	1.0	0.0	1.7762148664111187e-05
11572.0	21.0	1.0	0.0	3.9773807639164714e-05
11593.0	21.0	1.0	0.0	1.2286220278058734e-05
11614.0	21.0	1.0	0.0	0.000241290030025277
11635.0	21.0	1.0	0.0	9.60478101457703e-05
11656.0	21.0	1.0	0.0	7.9897290184377e-05
11677.0	21.0	1.0	0.0	0.0005305875142414905
11698.0	21.0	1.0	0.0	0.00024955277215861434
11719.0	21.0	1.0	0.0	0.0003304826645623524
11740.0	21.0	1.0	0.0	0.00045451245989113826
11761.0	21.0	1.0	0.0	0.00037632406325562853
11782.0	21.0	1.0	0.0	0.0001507290431430976
11803.0	21.0	1.0	0.0	7.168488275437127e-05
11824.0	21.0	1.0	0.0	3.6976587204706104e-05
11845.0	21.0	1.0	0.0	2.0747775123232885e-05
11866.0	21.0	1.0	0.0	4.880469185964568e-05
11887.0	21.0	1.0	0.0	1.165208930060977e-05
11908.0	21.0	1.0	0.0	1.1222629320053828e-05
11929.0	21.0	1.0	0.0	0.00014091248739332254
11950.0	21.0	1.0	0.0	2.8602202733353026e-05
11971.0	21.0	1.0	0.0	8.000797317140595e-05
11992.0	21.0	1.0	0.0	0.0005313066527956477
12013.0	21.0	1.0	0.0	0.0002268042791456905
12034.0	21.0	1.0	0.0	0.0004042064121790667
12055.0	21.0	1.0	0.0	0.0003319331577845428
12076.0	21.0	1.0	0.0	0.0005557103838238953
12097.0	21.0	1.0	0.0	0.0005446900867279999
12118.0	21.0	1.0	0.0	0.0007799666268484476
12139.0	21.0	1.0	0.0	0.0006223438807895761
12160.0	21.0	1.0	0.0	0.00021975889660058573
12181.0	21.0	1.0	0.0	9.744117373509851e-05
12202.0	21.0	1.0	0.0	4.575565883091518e-05
12223.0	21.0	1.0	0.0	2.3551214308965768e-05
12244.0	21.0	1.0	0.0	1.3908386230468753e-05
12265.0	21.0	1.0	0.0	2.9070468175978526e-05
12286.0	21.0	1.0	0.0	8.474185353233703e-06
12307.0	21.0	1.0	0.0	5.833248297373454e-06
12328.0	21.0	1.0	0.0	9.597644919440859e-06
12349.0	21.0	1.0	0.0	4.541058199745026e-05
12370.0	21.0	1.0	0.0	0.0002748370170592973
12391.0	21.0	1.0	0.0	0.00016599244163144407
12412.0	21.0	1.0	0.0	0.00011301821754089744
12433.0	21.0	1.0	0.0	0.000238923708597762
12454.0	21.0	1.0	0.0	0.00041007532392225716
12475.0	21.0	1.0	0.0	0.00036548705328073335
12496.0	21.0	1.0	0.0	0.00039174197968978094
12517.0	21.0	1.0	0.0	0.0003209827968051952
12538.0	21.0	1.0	0.0	0.00015181060064400475
12559.0	21.0	1.0	0.0	7.862327212378617e-05
12580.0	21.0	1.0	0.0	3.5083044142950155e-05
12601.0	21.0	1.0	0.0	1.72622317359561e-05
12622.0	21.0	1.0	0.0	1.01605277685892e-05
12643.0	21.0	1.0	0.0	9.317747893787566e-06
12664.0	21.0	1.0	0.0	7.521573986325944e-06
12685.0	21.0	1.0	0.0	2.9868589980256323e-05
12706.0	21.0	1.0	0.0	0.0004099282083056793
12727.0	21.0	1.0	0.0	0.0010418866929553286
12748.0	21.0	1.0	0.0	0.0013906340826124713
12769.0	21.0	1.0	0.0	0.0017702246166410383
12790.0	21.0	1.0	0.0	0.0018728942871093287
12811.0	21.0	1.0	0.0	0.0017189076741536049
12832.0	21.0	1.0	0.0	0.0017207263764880572
12853.0	21.0	1.0	0.0	0.0011904427664620142
12874.0	21.0	1.0	0.0	0.0007561972481863286
12895.0	21.0	1.0	0.0	0.0002207205636160381
12916.0	21.0	1.0	0.0	0.00010074215843562026
12937.0	21.0	1.0	0.0	8.239891415550236e-05
12958.0	21.0	1.0	0.0	0.0001079232352120488
12979.0	21.0	1.0	0.0	9.957706608941862e-05
13000.0	21.0	1.0	0.0	2.177794242189044e-05
13021.0	21.0	1.0	0.0	1.6717825617109024e-05
13042.0	21.0	1.0	0.0	5.373825061888544e-05
13063.0	21.0	1.0	0.0	3.8363888150166766e-05
13084.0	21.0	1.0	0.0	0.00023239285605289694
13105.0	21.0	1.0	0.0	0.0004685942331949384
13126.0	21.0	1.0	0.0	0.0006646661304291713
13147.0	21.0	1.0	0.0	0.0008543573107037762
13168.0	21.0	1.0	0.0	0.0008492398943219332
13189.0	21.0	1.0	0.0	0.0010641730172293096
13210.0	21.0	1.0	0.0	0.0012729619344075001
13231.0	21.0	1.0	0.0	0.000598759969075481
13252.0	21.0	1.0	0.0	0.0003117712111699762
13273.0	21.0	1.0	0.0	0.0001781158447265238
13294.0	21.0	1.0	0.0	0.00012452407110301553
13315.0	21.0	1.0	0.0	5.629984537760416e-05
13336.0	21.0	1.0	0.0	0.00010977681477864583
13357.0	21.0	1.0	0.0	4.755599725813855e-05
13378.0	21.0	1.0	0.0	3.011616071065257e-05
13399.0	21.0	1.0	0.0	1.6470988591512044e-05
13420.0	21.0	1.0	0.0	7.076271942682975e-05
13441.0	21.0	1.0	0.0	3.2581738063265105e-05
13462.0	21.0	1.0	0.0	0.00019161914643783728
13483.0	21.0	1.0	0.0	0.0004860701788039047
13504.0	21.0	1.0	0.0	0.0007150061471121192
13525.0	21.0	1.0	0.0	0.0009516570681617001
13546.0	21.0	1.0	0.0	0.0019045266650971472
13567.0	21.0	1.0	0.0	0.0009459159487769239
13588.0	21.0	1.0	0.0	0.0006496825445265619
13609.0	21.0	1.0	0.0	0.00030957321893596197
13630.0	21.0	1.0	0.0	0.00016911025274363333
13651.0	21.0	1.0	0.0	8.104378836494643e-05
13672.0	21.0	1.0	0.0	3.545197986421132e-05
13693.0	21.0	1.0	0.0	0.00020058768136159704
13714.0	21.0	1.0	0.0	2.1956609118552433e-05
13735.0	21.0	1.0	0.0	1.4956354385330565e-05
13756.0	21.0	1.0	0.0	1.0515278293972926e-05
13777.0	21.0	1.0	0.0	1.7825850418632937e-05
13798.0	21.0	1.0	0.0	1.2479106585184731e-05
13819.0	21.0	1.0	0.0	0.00023638477779567644
13840.0	21.0	1.0	0.0	0.00030705738067622374
13861.0	21.0	1.0	0.0	0.00022740350450783331
13882.0	21.0	1.0	0.0	0.0006618905748639285
13903.0	21.0	1.0	0.0	0.0005514817919049479
13924.0	21.0	1.0	0.0	0.0002980277651831762
13945.0	21.0	1.0	0.0	0.00015555281866160478
13966.0	21.0	1.0	0.0	0.00010512270246231117
13987.0	21.0	1.0	0.0	8.643886021205357e-05
14008.0	21.0	1.0	0.0	5.51507132393973e-05
14029.0	21.0	1.0	0.0	3.220930553617932e-05
14050.0	21.0	1.0	0.0	1.8184116908482146e-05
14071.0	21.0	1.0	0.0	1.3869694301060269e-05
14092.0	21.0	1.0	0.0	8.136166703133358e-06
14113.0	21.0	1.0	0.0	6.431009797822861e-06
14134.0	21.0	1.0	0.0	1.34529329481579e-05
14155.0	21.0	1.0	0.0	0.00012236070632933065
14176.0	21.0	1.0	0.0	7.159010569253277e-05
14197.0	21.0	1.0	0.0	9.246667226154029e-05
14218.0	21.0	1.0	0.0	0.00016084135146365432
14239.0	21.0	1.0	0.0	0.00015380959283732855
14260.0	21.0	1.0	0.0	0.000687270573207262
14281.0	21.0	1.0	0.0	0.0008608857109432666
14302.0	21.0	1.0	0.0	0.0006143818809872142
14323.0	21.0	1.0	0.0	0.0003123386928012809
14344.0	21.0	1.0	0.0	0.0003823016938708572
14365.0	21.0	1.0	0.0	0.00026521773565378094
14386.0	21.0	1.0	0.0	9.442937941776397e-05
14407.0	21.0	1.0	0.0	0.0002008332752045973
14428.0	21.0	1.0	0.0	4.087393624441964e-05
14449.0	21.0	1.0	0.0	2.2661294255937845e-05
14470.0	21.0	1.0	0.0	3.2328108946476345e-05
14491.0	21.0	1.0	0.0	1.155143976211548e-05
14512.0	21.0	1.0	0.0	4.065745217458856e-05
14533.0	21.0	1.0	0.0	7.186512720015551e-05
14554.0	21.0	1.0	0.0	0.00030688641184847555
14575.0	21.0	1.0	0.0	0.00025484434763586194
14596.0	21.0	1.0	0.0	0.00025217987242194285
14617.0	21.0	1.0	0.0	0.0008021879650297048
14638.0	21.0	1.0	0.0	0.0012101776486350955
14659.0	21.0	1.0	0.0	0.0008172652834937144
14680.0	21.0	1.0	0.0	0.0009115393502371238
14701.0	21.0	1.0	0.0	0.0005185430617559
14722.0	21.0	1.0	0.0	0.0003164473034086143
14743.0	21.0	1.0	0.0	0.00019158027285616665
14764.0	21.0	1.0	0.0	7.86536080496515e-05
14785.0	21.0	1.0	0.0	3.412664504278274e-05
14806.0	21.0	1.0	0.0	1.9191293311970574e-05
14827.0	21.0	1.0	0.0	1.1500837015254157e-05
14848.0	21.0	1.0	0.0	8.476200557890394e-06
14869.0	21.0	1.0	0.0	0.0001070057139509977
14890.0	21.0	1.0	0.0	3.4928957621252486e-05
14911.0	21.0	1.0	0.0	0.00011837670916600352
14932.0	21.0	1.0	0.0	0.00016168140229720217
14953.0	21.0	1.0	0.0	0.0006400687808081811
14974.0	21.0	1.0	0.0	0.0005833536783853619
14995.0	21.0	1.0	0.0	0.0006283251444498237
15016.0	21.0	1.0	0.0	0.0007301730201357286
15037.0	21.0	1.0	0.0	0.0003697473435174381
15058.0	21.0	1.0	0.0	0.00023308962867368577
15079.0	21.0	1.0	0.0	0.00013643500918429047
15100.0	21.0	1.0	0.0	8.988589332216933e-05
15121.0	21.0	1.0	0.0	5.8815365745907734e-05
15142.0	21.0	1.0	0.0	2.815718877883185e-05
15163.0	21.0	1.0	0.0	2.6747204008556552e-05
15184.0	21.0	1.0	0.0	1.1986687069847471e-05
15205.0	21.0	1.0	0.0	1.5421086833590557e-05
15226.0	21.0	1.0	0.0	0.00013710668824966612
15247.0	21.0	1.0	0.0	0.0004104135944729386
15268.0	21.0	1.0	0.0	0.00014067168462839045
15289.0	21.0	1.0	0.0	0.0005739480427332809
15310.0	21.0	1.0	0.0	0.0008974552154540525
15331.0	21.0	1.0	0.0	0.0008980752854119621
15352.0	21.0	1.0	0.0	0.0013094475155784524
15373.0	21.0	1.0	0.0	0.0013398175920758474
15394.0	21.0	1.0	0.0	0.0024050420125325093
15415.0	21.0	1.0	0.0	0.0010299864269437808
15436.0	21.0	1.0	0.0	0.0004963655017670762
15457.0	21.0	1.0	0.0	0.0002482801164899095
15478.0	21.0	1.0	0.0	0.00010219610305057562
15499.0	21.0	1.0	0.0	4.65146019345238e-05
15520.0	21.0	1.0	0.0	2.263532366071428e-05
15541.0	21.0	1.0	0.0	1.6498958071072896e-05
15562.0	21.0	1.0	0.0	3.598926677589905e-05
15583.0	21.0	1.0	0.0	1.0025262832641601e-05
15604.0	21.0	1.0	0.0	0.00028933173134211565
15625.0	21.0	1.0	0.0	0.0007799120630536286
15646.0	21.0	1.0	0.0	0.00046231587727860006
15667.0	21.0	1.0	0.0	0.0014328618730817002
15688.0	21.0	1.0	0.0	0.0010990041097004716
15709.0	21.0	1.0	0.0	0.0011693147931779622
15730.0	21.0	1.0	0.0	0.0016197015671502429
15751.0	21.0	1.0	0.0	0.0014143800281342478
15772.0	21.0	1.0	0.0	0.0011628040132068
15793.0	21.0	1.0	0.0	0.000480123610723538
15814.0	21.0	1.0	0.0	0.0001898055303664
15835.0	21.0	1.0	0.0	9.023684547060117e-05
15856.0	21.0	1.0	0.0	4.4386364164806544e-05
15877.0	21.0	1.0	0.0	3.945050920758512e-05
15898.0	21.0	1.0	0.0	3.70330810546869e-05
15919.0	21.0	1.0	0.0	1.5598955608549572e-05
15940.0	21.0	1.0	0.0	1.7241480804625016e-05
15961.0	21.0	1.0	0.0	9.287334623790922e-06
15982.0	21.0	1.0	0.0	0.00040079005275450247
16003.0	21.0	1.0	0.0	0.00037758940742127603
16024.0	21.0	1.0	0.0	0.00033274441673637625
16045.0	21.0	1.0	0.0	0.00048312559581933326
16066.0	21.0	1.0	0.0	0.0011976908729189428
16087.0	21.0	1.0	0.0	0.0010554775056384285
16108.0	21.0	1.0	0.0	0.0008938493274506618
16129.0	21.0	1.0	0.0	0.0006057728358677
16150.0	21.0	1.0	0.0	0.00033131517682753335
16171.0	21.0	1.0	0.0	0.0001664326985676619
16192.0	21.0	1.0	0.0	7.36970447358622e-05
16213.0	21.0	1.0	0.0	6.293705531528334e-05
16234.0	21.0	1.0	0.0	6.730615525016965e-05
16255.0	21.0	1.0	0.0	5.3458804175963697e-05
16276.0	21.0	1.0	0.0	2.261030390149071e-05
16297.0	21.0	1.0	0.0	1.8648505210876472e-05
16318.0	21.0	1.0	0.0	1.2223408335731145e-05
16339.0	21.0	1.0	0.0	1.4797542776380267e-05
16360.0	21.0	1.0	0.0	0.00030718297617773953
16381.0	21.0	1.0	0.0	0.0003888301622299475
16402.0	21.0	1.0	0.0	0.00026769406454898103
16423.0	21.0	1.0	0.0	0.00033444123041057614
16444.0	21.0	1.0	0.0	0.0006781906854538143
16465.0	21.0	1.0	0.0	0.000605095272972419
16486.0	21.0	1.0	0.0	0.0007940372285388331
16507.0	21.0	1.0	0.0	0.0006595738728840619
16528.0	21.0	1.0	0.0	0.00029304758707678096
16549.0	21.0	1.0	0.0	0.0001323590959821089
16570.0	21.0	1.0	0.0	7.070196242559525e-05
16591.0	21.0	1.0	0.0	4.138764880952381e-05
16612.0	21.0	1.0	0.0	6.36702037992881e-05
16633.0	21.0	1.0	0.0	1.8455404256071366e-05
16654.0	21.0	1.0	0.0	1.1404009447211313e-05
16675.0	21.0	1.0	0.0	8.292061941964288e-06
16696.0	21.0	1.0	0.0	1.5627624023528327e-05
16717.0	21.0	1.0	0.0	0.00012442556165510294
16738.0	21.0	1.0	0.0	0.00044893928936546305
16759.0	21.0	1.0	0.0	0.00028681364513572855
16780.0	21.0	1.0	0.0	0.000841641108194943
16801.0	21.0	1.0	0.0	0.001765813736688481
16822.0	21.0	1.0	0.0	0.0012566488356816855
16843.0	21.0	1.0	0.0	0.001320339021228557
16864.0	21.0	1.0	0.0	0.0004767143612815762
16885.0	21.0	1.0	0.0	0.0001849663144065762
16906.0	21.0	1.0	0.0	9.144664946055774e-05
16927.0	21.0	1.0	0.0	6.383768717447918e-05
16948.0	21.0	1.0	0.0	4.988897414434345e-05
16969.0	21.0	1.0	0.0	3.065418061755952e-05
16990.0	21.0	1.0	0.0	9.763299851190001e-05
17011.0	21.0	1.0	0.0	1.3594872185162137e-05
17032.0	21.0	1.0	0.0	9.696380723090398e-06
17053.0	21.0	1.0	0.0	7.554769515991211e-06
17074.0	21.0	1.0	0.0	2.6013680866786413e-05
17095.0	21.0	1.0	0.0	0.00011555058047883456
17116.0	21.0	1.0	0.0	0.0005224836440313
17137.0	21.0	1.0	0.0	0.00022449225471128095
17158.0	21.0	1.0	0.0	0.0005263035183860715
17179.0	21.0	1.0	0.0	0.0008401628221783857
17200.0	21.0	1.0	0.0	0.0005209613981700572
17221.0	21.0	1.0	0.0	0.0003062587919688857
17242.0	21.0	1.0	0.0	0.00026471274239671426
17263.0	21.0	1.0	0.0	0.00027008710588723335
17284.0	21.0	1.0	0.0	0.00018239048549103333
17305.0	21.0	1.0	0.0	7.57994878859655e-05
17326.0	21.0	1.0	0.0	3.6348978678385415e-05
17347.0	21.0	1.0	0.0	2.064550490606399e-05
17368.0	21.0	1.0	0.0	1.2332607947644736e-05
17389.0	21.0	1.0	0.0	1.3176310984861281e-05
17410.0	21.0	1.0	0.0	6.397024932360875e-05
17431.0	21.0	1.0	0.0	7.974585465021421e-05
17452.0	21.0	1.0	0.0	0.00017578868638898736
17473.0	21.0	1.0	0.0	5.623544965471541e-05
17494.0	21.0	1.0	0.0	0.00018887379055928846
17515.0	21.0	1.0	0.0	0.0001695707411992619
17536.0	21.0	1.0	0.0	0.0006352961403982523
17557.0	21.0	1.0	0.0	0.0007578242165701284
17578.0	21.0	1.0	0.0	0.0018495597839355048
17599.0	21.0	1.0	0.0	0.0005283657255626429
17620.0	21.0	1.0	0.0	0.0005479576474143857
17641.0	21.0	1.0	0.0	0.0006490086146762905
17662.0	21.0	1.0	0.0	0.0003395422072637286
17683.0	21.0	1.0	0.0	0.00011339060465492323
17704.0	21.0	1.0	0.0	4.7819591703869045e-05
17725.0	21.0	1.0	0.0	2.3615274046148574e-05
17746.0	21.0	1.0	0.0	1.55392668786503e-05
17767.0	21.0	1.0	0.0	1.1783395494733538e-05
17788.0	21.0	1.0	0.0	1.0401609398069837e-05
17809.0	21.0	1.0	0.0	7.373049145653134e-06
17830.0	21.0	1.0	0.0	1.2711391562507267e-05
17851.0	21.0	1.0	0.0	0.00014318561553952418
17872.0	21.0	1.0	0.0	0.00015473054704209384
17893.0	21.0	1.0	0.0	5.317949113391694e-05
17914.0	21.0	1.0	0.0	0.00012786983308335663
17935.0	21.0	1.0	0.0	0.00010688173203239318
17956.0	21.0	1.0	0.0	8.547051747639972e-05
17977.0	21.0	1.0	0.0	6.57900401524135e-05
17998.0	21.0	1.0	0.0	4.38174293154762e-05
18019.0	21.0	1.0	0.0	3.102765764508928e-05
18040.0	21.0	1.0	0.0	2.0391645885649182e-05
18061.0	21.0	1.0	0.0	1.1511848086402528e-05
18082.0	21.0	1.0	0.0	5.252293178013094e-05
18103.0	21.0	1.0	0.0	7.930125863779157e-06
18124.0	21.0	1.0	0.0	4.930657645066579e-06
18145.0	21.0	1.0	0.0	1.1077924853279416e-05
18166.0	21.0	1.0	0.0	5.7268090191328304e-05
18187.0	21.0	1.0	0.0	0.00016064137504212013
18208.0	21.0	1.0	0.0	0.0005944503602526951
18229.0	21.0	1.0	0.0	0.0008429306575229668
18250.0	13.0	1.0	0.0	0.000603403238149723
