stress_period	sp_length	time_step	study (0 : TS or 1 : SS)	rech
0.0	1.0	1.0	1.0	0.0006193419440141723
1.0	15.0	1.0	0.0	0.001678542582193967
16.0	15.0	1.0	0.0	0.004237505594889287
31.0	15.0	1.0	0.0	0.0035277465820311997
46.0	15.0	1.0	0.0	0.0011409535725911
61.0	15.0	1.0	0.0	0.0006701395670572399
76.0	15.0	1.0	0.0	0.0005362681070962999
91.0	15.0	1.0	0.0	0.00031984252929683334
106.0	15.0	1.0	0.0	0.00015366109212235334
121.0	15.0	1.0	0.0	7.236531575520833e-05
136.0	15.0	1.0	0.0	4.423014322916667e-05
151.0	15.0	1.0	0.0	3.53668212890625e-05
166.0	15.0	1.0	0.0	0.00023871154785153585
181.0	15.0	1.0	0.0	0.00016955159505206832
196.0	15.0	1.0	0.0	0.00032393391927080666
211.0	15.0	1.0	0.0	0.000126108352343192
226.0	15.0	1.0	0.0	6.512850920359294e-05
241.0	15.0	1.0	0.0	9.252341588337389e-05
256.0	15.0	1.0	0.0	0.00019730582237239012
271.0	15.0	1.0	0.0	0.00016596492131549078
286.0	15.0	1.0	0.0	0.00027270997365311337
301.0	15.0	1.0	0.0	0.00044860337575270657
316.0	15.0	1.0	0.0	0.0009413650512694733
331.0	15.0	1.0	0.0	0.00158072484334306
346.0	15.0	1.0	0.0	0.0025281117757160873
361.0	15.0	1.0	0.0	0.003395106506347607
376.0	15.0	1.0	0.0	0.0011180297851562133
391.0	15.0	1.0	0.0	0.0013850850423176733
406.0	15.0	1.0	0.0	0.0016107360839843334
421.0	15.0	1.0	0.0	0.001558958943684853
436.0	15.0	1.0	0.0	0.0018106160481770332
451.0	15.0	1.0	0.0	0.00082312215169268
466.0	15.0	1.0	0.0	0.00035777791341142
481.0	15.0	1.0	0.0	0.00018247273763017998
496.0	15.0	1.0	0.0	0.00014515177408850003
511.0	15.0	1.0	0.0	0.00013164265950516666
526.0	15.0	1.0	0.0	8.364664713540335e-05
541.0	15.0	1.0	0.0	4.4244384765625e-05
556.0	15.0	1.0	0.0	3.1929524739583334e-05
571.0	15.0	1.0	0.0	2.7425394455591833e-05
586.0	15.0	1.0	0.0	1.7828949292500818e-05
601.0	15.0	1.0	0.0	6.915329893429887e-05
616.0	15.0	1.0	0.0	1.362849076588948e-05
631.0	15.0	1.0	0.0	1.0498436292012533e-05
646.0	15.0	1.0	0.0	3.582464059193929e-05
661.0	15.0	1.0	0.0	0.00020516174634293733
676.0	15.0	1.0	0.0	0.0002709415753682058
691.0	15.0	1.0	0.0	0.00031910769144690663
706.0	15.0	1.0	0.0	0.0006299208958943133
721.0	15.0	1.0	0.0	0.0015567993164062
736.0	15.0	1.0	0.0	0.0013862602233886334
751.0	15.0	1.0	0.0	0.00235794016520178
766.0	15.0	1.0	0.0	0.0017419601440429268
781.0	15.0	1.0	0.0	0.0013067270914713068
796.0	15.0	1.0	0.0	0.00100448404947912
811.0	15.0	1.0	0.0	0.0008842661539713199
826.0	15.0	1.0	0.0	0.0003654561360676599
841.0	15.0	1.0	0.0	0.00016965128580725332
856.0	15.0	1.0	0.0	8.192647298176251e-05
871.0	15.0	1.0	0.0	5.9776814778645836e-05
886.0	15.0	1.0	0.0	3.980814615885416e-05
901.0	15.0	1.0	0.0	2.5564575195312497e-05
916.0	15.0	1.0	0.0	1.6823323567708334e-05
931.0	15.0	1.0	0.0	1.5687682727972664e-05
946.0	15.0	1.0	0.0	2.032902985811234e-05
961.0	15.0	1.0	0.0	1.0417610406875609e-05
976.0	15.0	1.0	0.0	1.0512650012969968e-05
991.0	15.0	1.0	0.0	7.810695966084798e-06
1006.0	15.0	1.0	0.0	2.0829308032983208e-05
1021.0	15.0	1.0	0.0	4.768124421437279e-05
1036.0	15.0	1.0	0.0	4.7225530942281097e-05
1051.0	15.0	1.0	0.0	0.0003303162415821703
1066.0	15.0	1.0	0.0	0.00015791819890335193
1081.0	15.0	1.0	0.0	0.0007337837855020666
1096.0	15.0	1.0	0.0	0.0012741728464761867
1111.0	15.0	1.0	0.0	0.0008492858886718266
1126.0	15.0	1.0	0.0	0.00072961883544918
1141.0	15.0	1.0	0.0	0.0011203961690266532
1156.0	15.0	1.0	0.0	0.0006263488769530799
1171.0	15.0	1.0	0.0	0.0003234486897786
1186.0	15.0	1.0	0.0	0.0001948954264322333
1201.0	15.0	1.0	0.0	0.00014834543863928665
1216.0	15.0	1.0	0.0	0.00010025380452472043
1231.0	15.0	1.0	0.0	5.779622395833333e-05
1246.0	15.0	1.0	0.0	0.0002027933756510342
1261.0	15.0	1.0	0.0	5.293680826822917e-05
1276.0	15.0	1.0	0.0	0.00010326995849608585
1291.0	15.0	1.0	0.0	7.972819010416123e-05
1306.0	15.0	1.0	0.0	3.117554386456808e-05
1321.0	15.0	1.0	0.0	2.03080157438914e-05
1336.0	15.0	1.0	0.0	4.8382822672522565e-05
1351.0	15.0	1.0	0.0	0.00030288747946417296
1366.0	15.0	1.0	0.0	0.000471348222096718
1381.0	15.0	1.0	0.0	0.0007028538386026532
1396.0	15.0	1.0	0.0	0.0014134620666503399
1411.0	15.0	1.0	0.0	0.0012651969909667532
1426.0	15.0	1.0	0.0	0.0016944531758625802
1441.0	15.0	1.0	0.0	0.0031839441935220805
1456.0	15.0	1.0	0.0	0.0021363159179687
1471.0	15.0	1.0	0.0	0.002360285441080694
1486.0	15.0	1.0	0.0	0.001599061075846313
1501.0	15.0	1.0	0.0	0.0028205240885416194
1516.0	15.0	1.0	0.0	0.0019479410807291201
1531.0	15.0	1.0	0.0	0.0008449076334635133
1546.0	15.0	1.0	0.0	0.00064504191080726
1561.0	15.0	1.0	0.0	0.0002661661783853733
1576.0	15.0	1.0	0.0	0.00024182128906246667
1591.0	15.0	1.0	0.0	0.00014133707682288668
1606.0	15.0	1.0	0.0	9.745890299477998e-05
1621.0	15.0	1.0	0.0	6.7425537109375e-05
1636.0	15.0	1.0	0.0	4.0673828125e-05
1651.0	15.0	1.0	0.0	2.7213541666666668e-05
1666.0	15.0	1.0	0.0	1.8360581000645954e-05
1681.0	15.0	1.0	0.0	1.4070264498392739e-05
1696.0	15.0	1.0	0.0	1.0719261566797893e-05
1711.0	15.0	1.0	0.0	1.8805130322770547e-05
1726.0	15.0	1.0	0.0	8.058913548785409e-05
1741.0	15.0	1.0	0.0	1.3656862576802573e-05
1756.0	15.0	1.0	0.0	7.536746660866152e-05
1771.0	15.0	1.0	0.0	0.000429709768295255
1786.0	15.0	1.0	0.0	0.0008318054835001065
1801.0	15.0	1.0	0.0	0.0007498619079589333
1816.0	15.0	1.0	0.0	0.0008082583109537267
1831.0	15.0	1.0	0.0	0.0012172681172688401
1846.0	15.0	1.0	0.0	0.002040822347005153
1861.0	15.0	1.0	0.0	0.0010935557047525534
1876.0	15.0	1.0	0.0	0.0008006403605142665
1891.0	15.0	1.0	0.0	0.00101169484456374
1906.0	15.0	1.0	0.0	0.0012951894124348465
1921.0	15.0	1.0	0.0	0.0009047861735025667
1936.0	15.0	1.0	0.0	0.00030781860351557997
1951.0	15.0	1.0	0.0	0.00014169616699214003
1966.0	15.0	1.0	0.0	7.486165364583334e-05
1981.0	15.0	1.0	0.0	3.972981770833333e-05
1996.0	15.0	1.0	0.0	2.36419677734375e-05
2011.0	15.0	1.0	0.0	2.2164916992187502e-05
2026.0	15.0	1.0	0.0	1.3075575977563859e-05
2041.0	15.0	1.0	0.0	1.3165427496035896e-05
2056.0	15.0	1.0	0.0	8.252546191215516e-06
2071.0	15.0	1.0	0.0	2.0149628321329752e-05
2086.0	15.0	1.0	0.0	1.6391380627950036e-05
2101.0	15.0	1.0	0.0	1.1137080192565918e-05
2116.0	15.0	1.0	0.0	8.445127010344166e-05
2131.0	15.0	1.0	0.0	0.00010169072151182526
2146.0	15.0	1.0	0.0	0.00021695168813064
2161.0	15.0	1.0	0.0	0.0007077111879984216
2176.0	15.0	1.0	0.0	0.0007997370402017935
2191.0	15.0	1.0	0.0	0.00048423372904454667
2206.0	15.0	1.0	0.0	0.0007763923645018935
2221.0	15.0	1.0	0.0	0.00060931625366206
2236.0	15.0	1.0	0.0	0.00072915217081702
2251.0	15.0	1.0	0.0	0.0005948857625325067
2266.0	15.0	1.0	0.0	0.0005776031494140067
2281.0	15.0	1.0	0.0	0.0003098810831705199
2296.0	15.0	1.0	0.0	0.00013667551676427084
2311.0	15.0	1.0	0.0	6.714426676432292e-05
2326.0	15.0	1.0	0.0	4.0180460611979166e-05
2341.0	15.0	1.0	0.0	3.001912434895833e-05
2356.0	15.0	1.0	0.0	2.4232991536458328e-05
2371.0	15.0	1.0	0.0	1.516316731770833e-05
2386.0	15.0	1.0	0.0	1.1180623372395834e-05
2401.0	15.0	1.0	0.0	8.518929779529571e-06
2416.0	15.0	1.0	0.0	6.744504471619922e-06
2431.0	15.0	1.0	0.0	5.568913618723552e-06
2446.0	15.0	1.0	0.0	4.548384745915731e-06
2461.0	15.0	1.0	0.0	4.410294691721599e-06
2476.0	15.0	1.0	0.0	3.391515612601794e-05
2491.0	15.0	1.0	0.0	1.148387591044108e-05
2506.0	15.0	1.0	0.0	3.6405587196347225e-05
2521.0	15.0	1.0	0.0	0.0008674900213876801
2536.0	15.0	1.0	0.0	0.0003689613342284601
2551.0	15.0	1.0	0.0	0.0005987675984700067
2566.0	15.0	1.0	0.0	0.00076621131896968
2581.0	15.0	1.0	0.0	0.001390789286295527
2596.0	15.0	1.0	0.0	0.0007746373494465599
2611.0	15.0	1.0	0.0	0.0005648834228515199
2626.0	15.0	1.0	0.0	0.0005010040283202667
2641.0	15.0	1.0	0.0	0.0005296686808267734
2656.0	15.0	1.0	0.0	0.00027110443115228665
2671.0	15.0	1.0	0.0	0.00019305419921870667
2686.0	15.0	1.0	0.0	9.460550944008667e-05
2701.0	15.0	1.0	0.0	5.183359781901041e-05
2716.0	15.0	1.0	0.0	8.723958333332791e-05
2731.0	15.0	1.0	0.0	2.7312723795572924e-05
2746.0	15.0	1.0	0.0	6.986541748046416e-05
2761.0	15.0	1.0	0.0	2.0854065318902336e-05
2776.0	15.0	1.0	0.0	1.5487009783585867e-05
2791.0	15.0	1.0	0.0	1.1345239480336507e-05
2806.0	15.0	1.0	0.0	8.686892191569011e-06
2821.0	15.0	1.0	0.0	1.8217206001281736e-05
2836.0	15.0	1.0	0.0	1.7553075154622393e-05
2851.0	15.0	1.0	0.0	3.793983459471952e-05
2866.0	15.0	1.0	0.0	0.00021412199338273103
2881.0	15.0	1.0	0.0	0.00042131986618036677
2896.0	15.0	1.0	0.0	0.00086774686177568
2911.0	15.0	1.0	0.0	0.0028773022969563263
2926.0	15.0	1.0	0.0	0.0018721954345702666
2941.0	15.0	1.0	0.0	0.0014554499308267802
2956.0	15.0	1.0	0.0	0.0012534790039062
2971.0	15.0	1.0	0.0	0.0015759328206379798
2986.0	15.0	1.0	0.0	0.0010014821370442266
3001.0	15.0	1.0	0.0	0.0005467885335285999
3016.0	15.0	1.0	0.0	0.00028019002278642
3031.0	15.0	1.0	0.0	0.00027110799153641334
3046.0	15.0	1.0	0.0	0.00017754109700517998
3061.0	15.0	1.0	0.0	0.00011359252929684334
3076.0	15.0	1.0	0.0	7.617492675781249e-05
3091.0	15.0	1.0	0.0	4.6303304036458336e-05
3106.0	15.0	1.0	0.0	3.0981445312499996e-05
3121.0	15.0	1.0	0.0	2.190238932768504e-05
3136.0	15.0	1.0	0.0	1.562889913717906e-05
3151.0	15.0	1.0	0.0	1.1672304073969523e-05
3166.0	15.0	1.0	0.0	1.0025753577550252e-05
3181.0	15.0	1.0	0.0	1.1721825599670411e-05
3196.0	15.0	1.0	0.0	7.419286966322286e-05
3211.0	15.0	1.0	0.0	0.0003621124664942119
3226.0	15.0	1.0	0.0	0.0005973958969115867
3241.0	15.0	1.0	0.0	0.00029822629292801335
3256.0	15.0	1.0	0.0	0.00023901329040521338
3271.0	15.0	1.0	0.0	0.0006072804768879868
3286.0	15.0	1.0	0.0	0.0005103988647460333
3301.0	15.0	1.0	0.0	0.00040458679199212
3316.0	15.0	1.0	0.0	0.0008735041300455201
3331.0	15.0	1.0	0.0	0.0006226587931314801
3346.0	15.0	1.0	0.0	0.00043270212809240667
3361.0	15.0	1.0	0.0	0.00032392934163407333
3376.0	15.0	1.0	0.0	0.0008687011718749532
3391.0	15.0	1.0	0.0	0.0006035476684569868
3406.0	15.0	1.0	0.0	0.00039129943847650663
3421.0	15.0	1.0	0.0	0.00033668162027988667
3436.0	15.0	1.0	0.0	0.00058214619954422
3451.0	15.0	1.0	0.0	0.00044777119954423337
3466.0	15.0	1.0	0.0	0.00012995402018225165
3481.0	15.0	1.0	0.0	6.127217610677083e-05
3496.0	15.0	1.0	0.0	3.56295386950175e-05
3511.0	15.0	1.0	0.0	2.312041918436686e-05
3526.0	15.0	1.0	0.0	1.6920888423919675e-05
3541.0	15.0	1.0	0.0	1.3079651196797692e-05
3556.0	15.0	1.0	0.0	9.964092572530111e-06
3571.0	15.0	1.0	0.0	0.0001936669508615917
3586.0	15.0	1.0	0.0	0.00033971678415930314
3601.0	15.0	1.0	0.0	0.0005355929692585733
3616.0	15.0	1.0	0.0	0.00064540863037104
3631.0	15.0	1.0	0.0	0.002419178263346293
3646.0	15.0	1.0	0.0	0.00313005091349278
3661.0	15.0	1.0	0.0	0.004431484985351526
3676.0	15.0	1.0	0.0	0.0038463826497395267
3691.0	15.0	1.0	0.0	0.0011122080485025667
3706.0	15.0	1.0	0.0	0.0010316162109374467
3721.0	15.0	1.0	0.0	0.0007623596191405866
3736.0	15.0	1.0	0.0	0.00140099894205726
3751.0	15.0	1.0	0.0	0.0008705139160155933
3766.0	15.0	1.0	0.0	0.00038518473307287335
3781.0	15.0	1.0	0.0	0.00018562418619787335
3796.0	15.0	1.0	0.0	0.00041648152669266665
3811.0	15.0	1.0	0.0	0.0002760640462239333
3826.0	15.0	1.0	0.0	0.00012750447591143167
3841.0	15.0	1.0	0.0	7.8192138671875e-05
3856.0	15.0	1.0	0.0	4.739503463109334e-05
3871.0	15.0	1.0	0.0	3.070143461227417e-05
3886.0	15.0	1.0	0.0	2.135822375615438e-05
3901.0	15.0	1.0	0.0	1.5490917364756264e-05
3916.0	15.0	1.0	0.0	2.148094971974691e-05
3931.0	15.0	1.0	0.0	1.5526191393534346e-05
3946.0	15.0	1.0	0.0	8.045974572498852e-05
3961.0	15.0	1.0	0.0	0.0005128311475117534
3976.0	15.0	1.0	0.0	0.0007979035059610598
3991.0	15.0	1.0	0.0	0.0012764133453368669
4006.0	15.0	1.0	0.0	0.0023465070088704004
4021.0	15.0	1.0	0.0	0.0030279174804686997
4036.0	15.0	1.0	0.0	0.0029985473632812
4051.0	15.0	1.0	0.0	0.0017628885904947603
4066.0	15.0	1.0	0.0	0.0010034108479817132
4081.0	15.0	1.0	0.0	0.002032005818684867
4096.0	15.0	1.0	0.0	0.0013060618082681935
4111.0	15.0	1.0	0.0	0.0018089029947916265
4126.0	15.0	1.0	0.0	0.0010205098470051866
4141.0	15.0	1.0	0.0	0.00034599812825517333
4156.0	15.0	1.0	0.0	0.00015882364908850668
4171.0	15.0	1.0	0.0	9.247233072915999e-05
4186.0	15.0	1.0	0.0	9.200439453123167e-05
4201.0	15.0	1.0	0.0	8.009847005208e-05
4216.0	15.0	1.0	0.0	4.698282877604167e-05
4231.0	15.0	1.0	0.0	8.131340344745798e-05
4246.0	15.0	1.0	0.0	3.669459819793701e-05
4261.0	15.0	1.0	0.0	2.876546382904053e-05
4276.0	15.0	1.0	0.0	2.293221155802409e-05
4291.0	15.0	1.0	0.0	2.2186390558878577e-05
4306.0	15.0	1.0	0.0	3.3827145894368485e-05
4321.0	15.0	1.0	0.0	0.0005444438775380062
4336.0	15.0	1.0	0.0	0.0005370255788166799
4351.0	15.0	1.0	0.0	0.0013692728678385
4366.0	15.0	1.0	0.0	0.001212662251790307
4381.0	15.0	1.0	0.0	0.0009231000264485066
4396.0	15.0	1.0	0.0	0.0012998636881509998
4411.0	15.0	1.0	0.0	0.0015480545043944798
4426.0	15.0	1.0	0.0	0.0009240000406900667
4441.0	15.0	1.0	0.0	0.0009254892985025466
4456.0	15.0	1.0	0.0	0.0004869333902994266
4471.0	15.0	1.0	0.0	0.00056688537597652
4486.0	15.0	1.0	0.0	0.0014587717692056868
4501.0	15.0	1.0	0.0	0.0010084025065103667
4516.0	15.0	1.0	0.0	0.0007344421386718266
4531.0	15.0	1.0	0.0	0.00027130330403641337
4546.0	15.0	1.0	0.0	0.0007354471842447533
4561.0	15.0	1.0	0.0	0.00019328511555985334
4576.0	15.0	1.0	0.0	0.00011564127604165001
4591.0	15.0	1.0	0.0	6.053908268610637e-05
4606.0	15.0	1.0	0.0	3.9642488956451416e-05
4621.0	15.0	1.0	0.0	5.371340910592954e-05
4636.0	15.0	1.0	0.0	2.6128419240315753e-05
4651.0	15.0	1.0	0.0	2.9143460591634113e-05
4666.0	15.0	1.0	0.0	5.7512203852329474e-05
4681.0	15.0	1.0	0.0	0.0007206590652465333
4696.0	15.0	1.0	0.0	0.0005921459197997533
4711.0	15.0	1.0	0.0	0.0012153900146483732
4726.0	15.0	1.0	0.0	0.0025482111612955133
4741.0	15.0	1.0	0.0	0.0034661941528319937
4756.0	15.0	1.0	0.0	0.0024423278808593397
4771.0	15.0	1.0	0.0	0.003313767496744747
4786.0	15.0	1.0	0.0	0.0021361348470051666
4801.0	15.0	1.0	0.0	0.0026912933349609062
4816.0	15.0	1.0	0.0	0.0019653157552083
4831.0	15.0	1.0	0.0	0.00062290039062496
4846.0	15.0	1.0	0.0	0.0004395874023437067
4861.0	15.0	1.0	0.0	0.00025280965169267335
4876.0	15.0	1.0	0.0	0.00018477783203120664
4891.0	15.0	1.0	0.0	0.00014154866536455335
4906.0	15.0	1.0	0.0	9.997965494789667e-05
4921.0	15.0	1.0	0.0	5.5039469401041676e-05
4936.0	15.0	1.0	0.0	3.215535481770833e-05
4951.0	15.0	1.0	0.0	6.914318303266553e-05
4966.0	15.0	1.0	0.0	2.4110960960388182e-05
4981.0	15.0	1.0	0.0	2.8608194986979164e-05
4996.0	15.0	1.0	0.0	2.2214269638061524e-05
5011.0	15.0	1.0	0.0	1.7776401837666827e-05
5026.0	15.0	1.0	0.0	2.720524470011394e-05
5041.0	15.0	1.0	0.0	0.00017700168291725555
5056.0	15.0	1.0	0.0	0.00010953934987382481
5071.0	15.0	1.0	0.0	0.00021180648803707753
5086.0	15.0	1.0	0.0	0.00049344164530432
5101.0	15.0	1.0	0.0	0.0005173672993977266
5116.0	15.0	1.0	0.0	0.0009516095479328932
5131.0	15.0	1.0	0.0	0.0010469678243000733
5146.0	15.0	1.0	0.0	0.0011941157023111467
5161.0	15.0	1.0	0.0	0.0026731613159179327
5176.0	15.0	1.0	0.0	0.001616436258951773
5191.0	15.0	1.0	0.0	0.0009487884521483934
5206.0	15.0	1.0	0.0	0.0004506479899088
5221.0	15.0	1.0	0.0	0.00028464762369787336
5236.0	15.0	1.0	0.0	0.00016078796386715335
5251.0	15.0	1.0	0.0	0.00010302937825518834
5266.0	15.0	1.0	0.0	6.260070800781248e-05
5281.0	15.0	1.0	0.0	3.9550781249999994e-05
5296.0	15.0	1.0	0.0	2.4786376953124998e-05
5311.0	15.0	1.0	0.0	1.62567138671875e-05
5326.0	15.0	1.0	0.0	1.1310806870460508e-05
5341.0	15.0	1.0	0.0	8.350375294685363e-06
5356.0	15.0	1.0	0.0	6.469452381134032e-06
5371.0	15.0	1.0	0.0	6.67596459388733e-06
5386.0	15.0	1.0	0.0	0.0002029202659924609
5401.0	15.0	1.0	0.0	0.00014943962097162939
5416.0	15.0	1.0	0.0	0.00017352956136063429
5431.0	15.0	1.0	0.0	0.00019890225728351084
5446.0	15.0	1.0	0.0	0.0006388029098510199
5461.0	15.0	1.0	0.0	0.00054174245198564
5476.0	15.0	1.0	0.0	0.0012367965698241799
5491.0	15.0	1.0	0.0	0.0018877825419107532
5506.0	15.0	1.0	0.0	0.004827583821614534
5521.0	15.0	1.0	0.0	0.003079660034179646
5536.0	15.0	1.0	0.0	0.00163522542317704
5551.0	15.0	1.0	0.0	0.0006020192464192334
5566.0	15.0	1.0	0.0	0.0003030700683593267
5581.0	15.0	1.0	0.0	0.0002215128580728667
5596.0	15.0	1.0	0.0	0.00018396097819006
5611.0	15.0	1.0	0.0	0.00015340576171869334
5626.0	15.0	1.0	0.0	0.00010163065592445252
5641.0	15.0	1.0	0.0	6.078898111979167e-05
5656.0	15.0	1.0	0.0	3.5843912760416656e-05
5671.0	15.0	1.0	0.0	2.222900390625e-05
5686.0	15.0	1.0	0.0	1.5651124715805052e-05
5701.0	15.0	1.0	0.0	1.131395896275838e-05
5716.0	15.0	1.0	0.0	2.6282515128453575e-05
5731.0	15.0	1.0	0.0	9.201467037200926e-06
5746.0	15.0	1.0	0.0	2.844355106353402e-05
5761.0	15.0	1.0	0.0	3.5551786422724785e-05
5776.0	15.0	1.0	0.0	9.26420847574754e-05
5791.0	15.0	1.0	0.0	0.00019906956354772196
5806.0	15.0	1.0	0.0	0.0007850119272867467
5821.0	15.0	1.0	0.0	0.0022951588948567267
5836.0	15.0	1.0	0.0	0.002193827056884713
5851.0	15.0	1.0	0.0	0.002704809061686153
5866.0	15.0	1.0	0.0	0.0031030593872069796
5881.0	15.0	1.0	0.0	0.002540657552083286
5896.0	15.0	1.0	0.0	0.002247465006510353
5911.0	15.0	1.0	0.0	0.002083145141601513
5926.0	15.0	1.0	0.0	0.0012981628417968402
5941.0	15.0	1.0	0.0	0.00120217081705726
5956.0	15.0	1.0	0.0	0.00040528767903641336
5971.0	15.0	1.0	0.0	0.00017732340494788003
5986.0	15.0	1.0	0.0	8.674723307291501e-05
6001.0	15.0	1.0	0.0	5.9100341796875017e-05
6016.0	15.0	1.0	0.0	3.980509440104167e-05
6031.0	15.0	1.0	0.0	2.7475992838541673e-05
6046.0	15.0	1.0	0.0	1.8610436220963793e-05
6061.0	15.0	1.0	0.0	1.3101650774478912e-05
6076.0	15.0	1.0	0.0	1.1634618043899535e-05
6091.0	15.0	1.0	0.0	9.053824345270794e-06
6106.0	15.0	1.0	0.0	7.873849074045816e-06
6121.0	15.0	1.0	0.0	7.639853159586588e-06
6136.0	15.0	1.0	0.0	4.56935485203906e-05
6151.0	15.0	1.0	0.0	0.00023670403957363288
6166.0	15.0	1.0	0.0	0.00045553445816036637
6181.0	15.0	1.0	0.0	0.0007449804941812599
6196.0	15.0	1.0	0.0	0.00078646570841466
6211.0	15.0	1.0	0.0	0.0009299797058104933
6226.0	15.0	1.0	0.0	0.0017561119079589399
6241.0	15.0	1.0	0.0	0.0019983317057291196
6256.0	15.0	1.0	0.0	0.0016027033487955064
6271.0	15.0	1.0	0.0	0.0011074147542317332
6286.0	15.0	1.0	0.0	0.0015353474934895399
6301.0	15.0	1.0	0.0	0.0011705820719400534
6316.0	15.0	1.0	0.0	0.0008407145182291332
6331.0	15.0	1.0	0.0	0.0005199025472004733
6346.0	15.0	1.0	0.0	0.00020734558105465331
6361.0	15.0	1.0	0.0	9.876607259112748e-05
6376.0	15.0	1.0	0.0	5.4012044270833334e-05
6391.0	15.0	1.0	0.0	3.1057739257812495e-05
6406.0	15.0	1.0	0.0	7.355346679687416e-05
6421.0	15.0	1.0	0.0	1.967936555544535e-05
6436.0	15.0	1.0	0.0	1.5207519133885702e-05
6451.0	15.0	1.0	0.0	1.2159530321756998e-05
6466.0	15.0	1.0	0.0	9.482129414876303e-06
6481.0	15.0	1.0	0.0	1.5259520212802767e-05
6496.0	15.0	1.0	0.0	0.0004252434333165001
6511.0	15.0	1.0	0.0	0.0004942374229430667
6526.0	15.0	1.0	0.0	0.0005523380279540467
6541.0	15.0	1.0	0.0	0.00142539049784338
6556.0	15.0	1.0	0.0	0.00118917363484696
6571.0	15.0	1.0	0.0	0.0015910451253254867
6586.0	15.0	1.0	0.0	0.0011820398966470933
6601.0	15.0	1.0	0.0	0.002476488240559854
6616.0	15.0	1.0	0.0	0.0017020406087239267
6631.0	15.0	1.0	0.0	0.0007571624755858867
6646.0	15.0	1.0	0.0	0.0003339040120442133
6661.0	15.0	1.0	0.0	0.00036856791178381336
6676.0	15.0	1.0	0.0	0.0009054555257161134
6691.0	15.0	1.0	0.0	0.00041492004394526
6706.0	15.0	1.0	0.0	0.00032917582194005336
6721.0	15.0	1.0	0.0	0.0001581715901692333
6736.0	15.0	1.0	0.0	0.0001860076904296675
6751.0	15.0	1.0	0.0	7.210591634114583e-05
6766.0	15.0	1.0	0.0	4.405110677083333e-05
6781.0	15.0	1.0	0.0	2.951401174068451e-05
6796.0	15.0	1.0	0.0	2.3178957899411522e-05
6811.0	15.0	1.0	0.0	5.1482566197711e-05
6826.0	15.0	1.0	0.0	2.892302672068278e-05
6841.0	15.0	1.0	0.0	4.958810011545721e-05
6856.0	15.0	1.0	0.0	3.642136255900065e-05
6871.0	15.0	1.0	0.0	0.00015534151395157824
6886.0	15.0	1.0	0.0	6.643587748209637e-05
6901.0	15.0	1.0	0.0	0.00021338189442948768
6916.0	15.0	1.0	0.0	0.00101900310516352
6931.0	15.0	1.0	0.0	0.0012819941202798933
6946.0	15.0	1.0	0.0	0.003448321278889927
6961.0	15.0	1.0	0.0	0.003069037882486933
6976.0	15.0	1.0	0.0	0.00164335937499996
6991.0	15.0	1.0	0.0	0.0016396474202473464
7006.0	15.0	1.0	0.0	0.00186989135742182
7021.0	15.0	1.0	0.0	0.0011807403564452665
7036.0	15.0	1.0	0.0	0.0010183278401692199
7051.0	15.0	1.0	0.0	0.0007665456136067333
7066.0	15.0	1.0	0.0	0.0004287353515624667
7081.0	15.0	1.0	0.0	0.00019079793294267332
7096.0	15.0	1.0	0.0	7.774658203124001e-05
7111.0	15.0	1.0	0.0	8.816935221353502e-05
7126.0	15.0	1.0	0.0	7.415771484373668e-05
7141.0	15.0	1.0	0.0	3.710957964261373e-05
7156.0	15.0	1.0	0.0	2.6874134937922158e-05
7171.0	15.0	1.0	0.0	1.9184267520904546e-05
7186.0	15.0	1.0	0.0	2.6056146621704103e-05
7201.0	15.0	1.0	0.0	0.00010056233406064692
7216.0	15.0	1.0	0.0	6.286536852518684e-05
7231.0	15.0	1.0	0.0	0.0004258523623148134
7246.0	15.0	1.0	0.0	0.00033706226348872667
7261.0	15.0	1.0	0.0	0.0005489339192707734
7276.0	15.0	1.0	0.0	0.00187302983601882
7291.0	15.0	1.0	0.0	0.002079609680175733
7306.0	15.0	1.0	0.0	0.0017296391805012468
7321.0	15.0	1.0	0.0	0.0026390772501627196
7336.0	15.0	1.0	0.0	0.0013219746907551534
7351.0	15.0	1.0	0.0	0.00098828633626298
7366.0	15.0	1.0	0.0	0.0008843424479166133
7381.0	15.0	1.0	0.0	0.0009277252197265266
7396.0	15.0	1.0	0.0	0.0010051564534504797
7411.0	15.0	1.0	0.0	0.00038316752115881333
7426.0	15.0	1.0	0.0	0.0003288716634114067
7441.0	15.0	1.0	0.0	0.0002166107177733933
7456.0	15.0	1.0	0.0	0.00026865539550776664
7471.0	15.0	1.0	0.0	0.00011537780761716501
7486.0	15.0	1.0	0.0	5.0911458333333323e-05
7501.0	15.0	1.0	0.0	2.9169718424479166e-05
7516.0	15.0	1.0	0.0	3.32606593767802e-05
7531.0	15.0	1.0	0.0	1.657563050587972e-05
7546.0	15.0	1.0	0.0	1.2366672356923422e-05
7561.0	15.0	1.0	0.0	1.0454201698303223e-05
7576.0	15.0	1.0	0.0	2.8078873952229817e-05
7591.0	15.0	1.0	0.0	1.2229498227437335e-05
7606.0	15.0	1.0	0.0	3.8298734029131495e-05
7621.0	15.0	1.0	0.0	0.00015387991269427535
7636.0	15.0	1.0	0.0	0.00016252050399777378
7651.0	15.0	1.0	0.0	0.0004657375017801529
7666.0	15.0	1.0	0.0	0.0013358627955118267
7681.0	15.0	1.0	0.0	0.0024790290832518865
7696.0	15.0	1.0	0.0	0.00251945800781246
7711.0	15.0	1.0	0.0	0.0019057037353515203
7726.0	15.0	1.0	0.0	0.0015564493815103666
7741.0	15.0	1.0	0.0	0.0009831909179686999
7756.0	15.0	1.0	0.0	0.00107743631998694
7771.0	15.0	1.0	0.0	0.0012907938639322534
7786.0	15.0	1.0	0.0	0.0005844065348306866
7801.0	15.0	1.0	0.0	0.00037063090006505324
7816.0	15.0	1.0	0.0	0.00018318379720048665
7831.0	15.0	1.0	0.0	9.092508951821667e-05
7846.0	15.0	1.0	0.0	5.8143107096354173e-05
7861.0	15.0	1.0	0.0	4.2206827799479174e-05
7876.0	15.0	1.0	0.0	2.8834095597267148e-05
7891.0	15.0	1.0	0.0	2.1642304460207626e-05
7906.0	15.0	1.0	0.0	1.925732692082723e-05
7921.0	15.0	1.0	0.0	6.083878278732109e-05
7936.0	15.0	1.0	0.0	2.7671003341674807e-05
7951.0	15.0	1.0	0.0	1.8283955256144207e-05
7966.0	15.0	1.0	0.0	0.00010495955149330742
7981.0	15.0	1.0	0.0	0.00044614798227940667
7996.0	15.0	1.0	0.0	0.00025929692586257335
8011.0	15.0	1.0	0.0	0.0005844343185424268
8026.0	15.0	1.0	0.0	0.0006740772247313867
8041.0	15.0	1.0	0.0	0.0008971954345702734
8056.0	15.0	1.0	0.0	0.0007289365132649268
8071.0	15.0	1.0	0.0	0.0008953119913736531
8086.0	15.0	1.0	0.0	0.00080818328857418
8101.0	15.0	1.0	0.0	0.0007355428059895333
8116.0	15.0	1.0	0.0	0.0004219100952147934
8131.0	15.0	1.0	0.0	0.00030626373291010005
8146.0	15.0	1.0	0.0	0.0002730392456054134
8161.0	15.0	1.0	0.0	0.00020361226399734665
8176.0	15.0	1.0	0.0	0.0001665623982747
8191.0	15.0	1.0	0.0	0.0001050501505533575
8206.0	15.0	1.0	0.0	5.406595865885415e-05
8221.0	15.0	1.0	0.0	3.062540690104167e-05
8236.0	15.0	1.0	0.0	2.572405760486921e-05
8251.0	15.0	1.0	0.0	1.5831311295429868e-05
8266.0	15.0	1.0	0.0	1.2046325206756592e-05
8281.0	15.0	1.0	0.0	3.381392161050786e-05
8296.0	15.0	1.0	0.0	9.18105443318685e-06
8311.0	15.0	1.0	0.0	9.082611401875814e-06
8326.0	15.0	1.0	0.0	8.549054463704428e-06
8341.0	15.0	1.0	0.0	9.4932134946163e-05
8356.0	15.0	1.0	0.0	0.0006905595302581201
8371.0	15.0	1.0	0.0	0.00056842447916662
8386.0	15.0	1.0	0.0	0.0006705685933430599
8401.0	15.0	1.0	0.0	0.0013375511169433066
8416.0	15.0	1.0	0.0	0.001476407114664647
8431.0	15.0	1.0	0.0	0.0022501846313476136
8446.0	15.0	1.0	0.0	0.0016194183349608998
8461.0	15.0	1.0	0.0	0.0011363260904947534
8476.0	15.0	1.0	0.0	0.00058140360514318
8491.0	15.0	1.0	0.0	0.00055915120442704
8506.0	15.0	1.0	0.0	0.0003872365315754799
8521.0	15.0	1.0	0.0	0.00036676228841142
8536.0	15.0	1.0	0.0	0.00024281311035152667
8551.0	15.0	1.0	0.0	0.00012422180175778664
8566.0	15.0	1.0	0.0	6.336771647135417e-05
8581.0	15.0	1.0	0.0	3.592325846354167e-05
8596.0	15.0	1.0	0.0	2.2905476888020828e-05
8611.0	15.0	1.0	0.0	1.9123323758443194e-05
8626.0	15.0	1.0	0.0	1.2599299351374309e-05
8641.0	15.0	1.0	0.0	2.701446016629537e-05
8656.0	15.0	1.0	0.0	1.925611098607381e-05
8671.0	15.0	1.0	0.0	1.6129080454508464e-05
8686.0	15.0	1.0	0.0	6.199424266814695e-05
8701.0	15.0	1.0	0.0	0.00035812317530309557
8716.0	15.0	1.0	0.0	0.00013682352701818937
8731.0	15.0	1.0	0.0	0.00030788211822504
8746.0	15.0	1.0	0.0	0.00040418955485022
8761.0	15.0	1.0	0.0	0.0005320835113524866
8776.0	15.0	1.0	0.0	0.00151852442423496
8791.0	15.0	1.0	0.0	0.003071588897705027
8806.0	15.0	1.0	0.0	0.0017568476359048934
8821.0	15.0	1.0	0.0	0.0020454772949218335
8836.0	15.0	1.0	0.0	0.0015754679361978598
8851.0	15.0	1.0	0.0	0.00080365702311194
8866.0	15.0	1.0	0.0	0.0005789927164713066
8881.0	15.0	1.0	0.0	0.00022030843098954
8896.0	15.0	1.0	0.0	9.211018880207334e-05
8911.0	15.0	1.0	0.0	4.8658243815104175e-05
8926.0	15.0	1.0	0.0	2.8377278645833335e-05
8941.0	15.0	1.0	0.0	1.8001302083333333e-05
8956.0	15.0	1.0	0.0	2.548116048176583e-05
8971.0	15.0	1.0	0.0	1.155262937148412e-05
8986.0	15.0	1.0	0.0	8.62758606672287e-06
9001.0	15.0	1.0	0.0	7.674094041188558e-06
9016.0	15.0	1.0	0.0	5.753393967946369e-06
9031.0	15.0	1.0	0.0	4.864835739135743e-06
9046.0	15.0	1.0	0.0	0.00010001904368398912
9061.0	15.0	1.0	0.0	2.2563314437866214e-05
9076.0	15.0	1.0	0.0	8.725608189899363e-05
9091.0	15.0	1.0	0.0	0.00036058095296220664
9106.0	15.0	1.0	0.0	0.0007468251546223467
9121.0	15.0	1.0	0.0	0.0010008653004963668
9136.0	15.0	1.0	0.0	0.0015662495930989062
9151.0	15.0	1.0	0.0	0.0011555783589680467
9166.0	15.0	1.0	0.0	0.0018174530029296464
9181.0	15.0	1.0	0.0	0.0012765345255533267
9196.0	15.0	1.0	0.0	0.0017135599772134867
9211.0	15.0	1.0	0.0	0.0022120503743489066
9226.0	15.0	1.0	0.0	0.0018203338623046332
9241.0	15.0	1.0	0.0	0.0006173858642577732
9256.0	15.0	1.0	0.0	0.00045604451497392663
9271.0	15.0	1.0	0.0	0.00019250691731767332
9286.0	15.0	1.0	0.0	0.00014318644205723997
9301.0	15.0	1.0	0.0	0.00010804036458330584
9316.0	15.0	1.0	0.0	6.747843424479166e-05
9331.0	15.0	1.0	0.0	4.127683937549591e-05
9346.0	15.0	1.0	0.0	2.7134310205777482e-05
9361.0	15.0	1.0	0.0	5.016257961590309e-05
9376.0	15.0	1.0	0.0	2.907497088114421e-05
9391.0	15.0	1.0	0.0	8.78118832905914e-05
9406.0	15.0	1.0	0.0	0.00016655284563698867
9421.0	15.0	1.0	0.0	0.0007256457964578799
9436.0	15.0	1.0	0.0	0.00218968798319494
9451.0	15.0	1.0	0.0	0.0025868148803710536
9466.0	15.0	1.0	0.0	0.0025786163330077595
9481.0	15.0	1.0	0.0	0.0018275182088215666
9496.0	15.0	1.0	0.0	0.0028661794026692204
9511.0	15.0	1.0	0.0	0.0027547047932942334
9526.0	15.0	1.0	0.0	0.0017756245930989067
9541.0	15.0	1.0	0.0	0.0020296936035155864
9556.0	15.0	1.0	0.0	0.0028569722493489206
9571.0	15.0	1.0	0.0	0.0008048929850260134
9586.0	15.0	1.0	0.0	0.0006067036946614268
9601.0	15.0	1.0	0.0	0.0004290710449218267
9616.0	15.0	1.0	0.0	0.00042210489908850663
9631.0	15.0	1.0	0.0	0.0003318623860676667
9646.0	15.0	1.0	0.0	0.00020462849934892673
9661.0	15.0	1.0	0.0	9.151204427082666e-05
9676.0	15.0	1.0	0.0	4.607747395833333e-05
9691.0	15.0	1.0	0.0	7.758178710936834e-05
9706.0	15.0	1.0	0.0	3.176409204800924e-05
9721.0	15.0	1.0	0.0	7.498981555302286e-05
9736.0	15.0	1.0	0.0	2.3189234733581545e-05
9751.0	15.0	1.0	0.0	4.2743515968312184e-05
9766.0	15.0	1.0	0.0	3.371273676554362e-05
9781.0	15.0	1.0	0.0	0.00013583588600157425
9796.0	15.0	1.0	0.0	5.04961649576823e-05
9811.0	15.0	1.0	0.0	0.000300210094451866
9826.0	15.0	1.0	0.0	0.0002578170140583733
9841.0	15.0	1.0	0.0	0.0011711254755655467
9856.0	15.0	1.0	0.0	0.0016932420094807601
9871.0	15.0	1.0	0.0	0.0016870605468749533
9886.0	15.0	1.0	0.0	0.0013748952229817198
9901.0	15.0	1.0	0.0	0.0007418100992838133
9916.0	15.0	1.0	0.0	0.0005514027913411
9931.0	15.0	1.0	0.0	0.00024272664388015998
9946.0	15.0	1.0	0.0	0.0001592453002929333
9961.0	15.0	1.0	0.0	0.00010927327473954585
9976.0	15.0	1.0	0.0	8.722534179686916e-05
9991.0	15.0	1.0	0.0	5.703735351562499e-05
10006.0	15.0	1.0	0.0	3.9569091796875e-05
10021.0	15.0	1.0	0.0	2.6364135742187497e-05
10036.0	15.0	1.0	0.0	2.097371419270833e-05
10051.0	15.0	1.0	0.0	0.0001286956787109275
10066.0	15.0	1.0	0.0	1.3153393566608429e-05
10081.0	15.0	1.0	0.0	1.0808005432287853e-05
10096.0	15.0	1.0	0.0	8.944988250732424e-06
10111.0	15.0	1.0	0.0	6.7020356655120836e-06
10126.0	15.0	1.0	0.0	5.433205763498941e-06
10141.0	15.0	1.0	0.0	5.9778650601704915e-06
10156.0	15.0	1.0	0.0	1.0242271423339844e-05
10171.0	15.0	1.0	0.0	3.164457480112408e-05
10186.0	15.0	1.0	0.0	0.00012804086208341347
10201.0	15.0	1.0	0.0	0.00014939467112220088
10216.0	15.0	1.0	0.0	0.00022845306396480634
10231.0	15.0	1.0	0.0	0.00063446756998694
10246.0	15.0	1.0	0.0	0.0007135583241780067
10261.0	15.0	1.0	0.0	0.0009350852966308134
10276.0	15.0	1.0	0.0	0.0007950162251789868
10291.0	15.0	1.0	0.0	0.0014169156392415002
10306.0	15.0	1.0	0.0	0.00061807047526038
10321.0	15.0	1.0	0.0	0.0004950688680012534
10336.0	15.0	1.0	0.0	0.0005628295898437
10351.0	15.0	1.0	0.0	0.0002283803304036
10366.0	15.0	1.0	0.0	0.00010987599690753208
10381.0	15.0	1.0	0.0	5.495605468749999e-05
10396.0	15.0	1.0	0.0	0.00022860666910806083
10411.0	15.0	1.0	0.0	5.253245035807125e-05
10426.0	15.0	1.0	0.0	3.0943219239513085e-05
10441.0	15.0	1.0	0.0	6.458299122750028e-05
10456.0	15.0	1.0	0.0	3.5457770029703774e-05
10471.0	15.0	1.0	0.0	2.2005613644917808e-05
10486.0	15.0	1.0	0.0	3.356874783833821e-05
10501.0	15.0	1.0	0.0	4.305040041605405e-05
10516.0	15.0	1.0	0.0	4.109908739725749e-05
10531.0	15.0	1.0	0.0	0.0005612387339273623
10546.0	15.0	1.0	0.0	0.0005668512980142734
10561.0	15.0	1.0	0.0	0.0011501141866047666
10576.0	15.0	1.0	0.0	0.00166725540161128
10591.0	15.0	1.0	0.0	0.0020779034932454
10606.0	15.0	1.0	0.0	0.0026124130249022865
10621.0	15.0	1.0	0.0	0.0015075632731119401
10636.0	15.0	1.0	0.0	0.0010937408447265133
10651.0	15.0	1.0	0.0	0.0005245574951171468
10666.0	15.0	1.0	0.0	0.00034060567220047335
10681.0	15.0	1.0	0.0	0.0006932576497395465
10696.0	15.0	1.0	0.0	0.0004954203287759933
10711.0	15.0	1.0	0.0	0.00047980244954422675
10726.0	15.0	1.0	0.0	0.00028695882161452666
10741.0	15.0	1.0	0.0	0.00010867716471351998
10756.0	15.0	1.0	0.0	5.879414876302083e-05
10771.0	15.0	1.0	0.0	3.7493896484375e-05
10786.0	15.0	1.0	0.0	2.4605305989583327e-05
10801.0	15.0	1.0	0.0	1.6897734006245935e-05
10816.0	15.0	1.0	0.0	1.1983277400334676e-05
10831.0	15.0	1.0	0.0	2.0443063974380495e-05
10846.0	15.0	1.0	0.0	9.641186396280924e-06
10861.0	15.0	1.0	0.0	7.466610272725422e-06
10876.0	15.0	1.0	0.0	6.314620971678789e-05
10891.0	15.0	1.0	0.0	0.00030427764256792225
10906.0	15.0	1.0	0.0	0.0006983648618061802
10921.0	15.0	1.0	0.0	0.0006135453542073002
10936.0	15.0	1.0	0.0	0.0008558985392252265
10951.0	15.0	1.0	0.0	0.0009483220418293933
10966.0	15.0	1.0	0.0	0.0010490180969237733
10981.0	15.0	1.0	0.0	0.0011353302001952533
10996.0	15.0	1.0	0.0	0.0007896738688150534
11011.0	15.0	1.0	0.0	0.00126511433919266
11026.0	15.0	1.0	0.0	0.00448883412679032
11041.0	15.0	1.0	0.0	0.00261887003580724
11056.0	15.0	1.0	0.0	0.0013539988199869333
11071.0	15.0	1.0	0.0	0.0009636850992838
11086.0	15.0	1.0	0.0	0.0006278015136718467
11101.0	15.0	1.0	0.0	0.00021131998697913334
11116.0	15.0	1.0	0.0	0.00010311075846351998
11131.0	15.0	1.0	0.0	5.590413411458333e-05
11146.0	15.0	1.0	0.0	3.2991536458333325e-05
11161.0	15.0	1.0	0.0	2.222128361463547e-05
11176.0	15.0	1.0	0.0	1.5010890861352281e-05
11191.0	15.0	1.0	0.0	1.2453192472457886e-05
11206.0	15.0	1.0	0.0	8.972601095835368e-06
11221.0	15.0	1.0	0.0	7.0192416508992514e-06
11236.0	15.0	1.0	0.0	5.6425531705220545e-06
11251.0	15.0	1.0	0.0	7.419892152150471e-06
11266.0	15.0	1.0	0.0	3.9673260847726954e-05
11281.0	15.0	1.0	0.0	0.00025100570519761406
11296.0	15.0	1.0	0.0	0.00046558173497513995
11311.0	15.0	1.0	0.0	0.0008504717508951266
11326.0	15.0	1.0	0.0	0.0006430887858072467
11341.0	15.0	1.0	0.0	0.0005543696085611667
11356.0	15.0	1.0	0.0	0.0013560040791828932
11371.0	15.0	1.0	0.0	0.0008531084696451402
11386.0	15.0	1.0	0.0	0.0006808685302733801
11401.0	15.0	1.0	0.0	0.0009231074015299
11416.0	15.0	1.0	0.0	0.00041260477701818
11431.0	15.0	1.0	0.0	0.00022884368896479334
11446.0	15.0	1.0	0.0	0.00014176890055334
11461.0	15.0	1.0	0.0	8.27906290690079e-05
11476.0	15.0	1.0	0.0	5.1187133789062494e-05
11491.0	15.0	1.0	0.0	3.302154541015624e-05
11506.0	15.0	1.0	0.0	2.5740051269531258e-05
11521.0	15.0	1.0	0.0	5.330759684243584e-05
11536.0	15.0	1.0	0.0	1.698394020398458e-05
11551.0	15.0	1.0	0.0	1.4058925708134969e-05
11566.0	15.0	1.0	0.0	4.713051716486317e-05
11581.0	15.0	1.0	0.0	2.1616903940836586e-05
11596.0	15.0	1.0	0.0	1.2708187103271484e-05
11611.0	15.0	1.0	0.0	6.892274220783548e-05
11626.0	15.0	1.0	0.0	0.0007474287033080467
11641.0	15.0	1.0	0.0	0.0004766389211018401
11656.0	15.0	1.0	0.0	0.0004249907175699267
11671.0	15.0	1.0	0.0	0.002561000951131133
11686.0	15.0	1.0	0.0	0.002423278808593706
11701.0	15.0	1.0	0.0	0.0009824142456054267
11716.0	15.0	1.0	0.0	0.00073672739664708
11731.0	15.0	1.0	0.0	0.00081367289225256
11746.0	15.0	1.0	0.0	0.0010463795979817332
11761.0	15.0	1.0	0.0	0.0009097615559895399
11776.0	15.0	1.0	0.0	0.0003638641357421467
11791.0	15.0	1.0	0.0	0.00017390950520828667
11806.0	15.0	1.0	0.0	0.00015240681966141332
11821.0	15.0	1.0	0.0	8.6832682291655e-05
11836.0	15.0	1.0	0.0	4.5714314778645833e-05
11851.0	15.0	1.0	0.0	3.6228434244785834e-05
11866.0	15.0	1.0	0.0	1.9144694010416666e-05
11881.0	15.0	1.0	0.0	2.5029500325520828e-05
11896.0	15.0	1.0	0.0	1.2435029943784076e-05
11911.0	15.0	1.0	0.0	1.6478758056958518e-05
11926.0	15.0	1.0	0.0	0.00022577213843660087
11941.0	15.0	1.0	0.0	3.2846180597941085e-05
11956.0	15.0	1.0	0.0	4.618638356526692e-05
11971.0	15.0	1.0	0.0	4.2796707153318285e-05
11986.0	15.0	1.0	0.0	0.00032446511586502
12001.0	15.0	1.0	0.0	0.00062088324228918
12016.0	15.0	1.0	0.0	0.00037002169291172664
12031.0	15.0	1.0	0.0	0.00039423535664872666
12046.0	15.0	1.0	0.0	0.0008123156229654466
12061.0	15.0	1.0	0.0	0.00087280222574866
12076.0	15.0	1.0	0.0	0.001961216481526647
12091.0	15.0	1.0	0.0	0.0009983418782551733
12106.0	15.0	1.0	0.0	0.0012995239257811936
12121.0	15.0	1.0	0.0	0.0014415491739908398
12136.0	15.0	1.0	0.0	0.0025052368164062066
12151.0	15.0	1.0	0.0	0.00079986673990882
12166.0	15.0	1.0	0.0	0.00034277750651036664
12181.0	15.0	1.0	0.0	0.00022858072916661997
12196.0	15.0	1.0	0.0	0.00011415303548175248
12211.0	15.0	1.0	0.0	6.496683756510417e-05
12226.0	15.0	1.0	0.0	3.697509765625001e-05
12241.0	15.0	1.0	0.0	2.3344930013020834e-05
12256.0	15.0	1.0	0.0	1.8422496815522513e-05
12271.0	15.0	1.0	0.0	4.299108088015549e-05
12286.0	15.0	1.0	0.0	1.4701406160990397e-05
12301.0	15.0	1.0	0.0	1.0577746232350668e-05
12316.0	15.0	1.0	0.0	8.034571011861163e-06
12331.0	15.0	1.0	0.0	1.2044159571329752e-05
12346.0	15.0	1.0	0.0	2.900821367899192e-05
12361.0	15.0	1.0	0.0	0.00019114159742988012
12376.0	15.0	1.0	0.0	0.00011593217849729542
12391.0	15.0	1.0	0.0	0.00020560293197626668
12406.0	15.0	1.0	0.0	0.0004898550033568666
12421.0	15.0	1.0	0.0	0.0005312814076740866
12436.0	15.0	1.0	0.0	0.0011784843444823734
12451.0	15.0	1.0	0.0	0.0015361300150552864
12466.0	15.0	1.0	0.0	0.0012200236002603666
12481.0	15.0	1.0	0.0	0.0013097849527994399
12496.0	15.0	1.0	0.0	0.0011850311279296333
12511.0	15.0	1.0	0.0	0.0014547292073567267
12526.0	15.0	1.0	0.0	0.00069701232910152
12541.0	15.0	1.0	0.0	0.0002799652099609
12556.0	15.0	1.0	0.0	0.00014613749186194005
12571.0	15.0	1.0	0.0	8.498026529946748e-05
12586.0	15.0	1.0	0.0	5.0020345052083333e-05
12601.0	15.0	1.0	0.0	2.9332478841145835e-05
12616.0	15.0	1.0	0.0	1.854960123697917e-05
12631.0	15.0	1.0	0.0	1.2720268964767454e-05
12646.0	15.0	1.0	0.0	1.1333403984705607e-05
12661.0	15.0	1.0	0.0	9.263261159261066e-06
12676.0	15.0	1.0	0.0	7.367082436879475e-06
12691.0	15.0	1.0	0.0	0.00011028609275815297
12706.0	15.0	1.0	0.0	4.966454505920411e-05
12721.0	15.0	1.0	0.0	0.00016023182868954178
12736.0	15.0	1.0	0.0	0.0009700286229451
12751.0	15.0	1.0	0.0	0.0023879344940185006
12766.0	15.0	1.0	0.0	0.002800066375732367
12781.0	15.0	1.0	0.0	0.002635134379068967
12796.0	15.0	1.0	0.0	0.00195598042805984
12811.0	15.0	1.0	0.0	0.0012849721272785867
12826.0	15.0	1.0	0.0	0.002089208984374967
12841.0	15.0	1.0	0.0	0.0012429300944009935
12856.0	15.0	1.0	0.0	0.0014215504964192266
12871.0	15.0	1.0	0.0	0.0017208374023437133
12886.0	15.0	1.0	0.0	0.00053121948242184
12901.0	15.0	1.0	0.0	0.0001959167480468333
12916.0	15.0	1.0	0.0	0.00017443644205725333
12931.0	15.0	1.0	0.0	0.00014656372070309331
12946.0	15.0	1.0	0.0	0.00010344441731767669
12961.0	15.0	1.0	0.0	0.00010839640299478665
12976.0	15.0	1.0	0.0	5.3470865885415006e-05
12991.0	15.0	1.0	0.0	3.066524267196655e-05
13006.0	15.0	1.0	0.0	2.5555674235026048e-05
13021.0	15.0	1.0	0.0	1.6198400656382244e-05
13036.0	15.0	1.0	0.0	1.4004119237263999e-05
13051.0	15.0	1.0	0.0	1.3621393839518229e-05
13066.0	15.0	1.0	0.0	1.600646177927653e-05
13081.0	15.0	1.0	0.0	0.00028717619578039926
13096.0	15.0	1.0	0.0	0.00029223365783686005
13111.0	15.0	1.0	0.0	0.001761249669392853
13126.0	15.0	1.0	0.0	0.00220024159749344
13141.0	15.0	1.0	0.0	0.0037762354532877075
13156.0	15.0	1.0	0.0	0.004805919392903594
13171.0	15.0	1.0	0.0	0.001976956176757773
13186.0	15.0	1.0	0.0	0.00310324605305986
13201.0	15.0	1.0	0.0	0.0022894083658853734
13216.0	15.0	1.0	0.0	0.0017026041666666333
13231.0	15.0	1.0	0.0	0.0006956095377603666
13246.0	15.0	1.0	0.0	0.0004725382486978666
13261.0	15.0	1.0	0.0	0.0002666239420572733
13276.0	15.0	1.0	0.0	0.00024923095703120664
13291.0	15.0	1.0	0.0	0.00025556844075516665
13306.0	15.0	1.0	0.0	0.00018196411132808004
13321.0	15.0	1.0	0.0	9.441121419269501e-05
13336.0	15.0	1.0	0.0	0.00016203409830728506
13351.0	15.0	1.0	0.0	8.956319987773061e-05
13366.0	15.0	1.0	0.0	5.166515012582142e-05
13381.0	15.0	1.0	0.0	0.0001238112529118733
13396.0	15.0	1.0	0.0	0.00012299273808795367
13411.0	15.0	1.0	0.0	3.6383756001790365e-05
13426.0	15.0	1.0	0.0	0.00013090585072833498
13441.0	15.0	1.0	0.0	5.955410003662109e-05
13456.0	15.0	1.0	0.0	0.00011736214955644803
13471.0	15.0	1.0	0.0	0.0004868552525837802
13486.0	15.0	1.0	0.0	0.0009756678263345799
13501.0	15.0	1.0	0.0	0.00105869280497228
13516.0	15.0	1.0	0.0	0.0017024958292642868
13531.0	15.0	1.0	0.0	0.0022735936482747004
13546.0	15.0	1.0	0.0	0.003686339823404894
13561.0	15.0	1.0	0.0	0.001892428588867147
13576.0	15.0	1.0	0.0	0.0011199778238931936
13591.0	15.0	1.0	0.0	0.00147724202473954
13606.0	15.0	1.0	0.0	0.0009282775878905801
13621.0	15.0	1.0	0.0	0.0009485432942707866
13636.0	15.0	1.0	0.0	0.0005688171386718199
13651.0	15.0	1.0	0.0	0.0002656412760416267
13666.0	15.0	1.0	0.0	0.0001400268554687183
13681.0	15.0	1.0	0.0	6.604410807291666e-05
13696.0	15.0	1.0	0.0	0.00012714640299478668
13711.0	15.0	1.0	0.0	3.3148193359375e-05
13726.0	15.0	1.0	0.0	2.223356564839681e-05
13741.0	15.0	1.0	0.0	1.9213390350341796e-05
13756.0	15.0	1.0	0.0	1.2612251440684e-05
13771.0	15.0	1.0	0.0	9.816515445709227e-06
13786.0	15.0	1.0	0.0	1.179649035135905e-05
13801.0	15.0	1.0	0.0	1.7784802118937173e-05
13816.0	15.0	1.0	0.0	9.114535649617514e-06
13831.0	15.0	1.0	0.0	0.0003178493181864129
13846.0	15.0	1.0	0.0	0.0009080688158670598
13861.0	15.0	1.0	0.0	0.0015662712097167465
13876.0	15.0	1.0	0.0	0.0027623430887857665
13891.0	15.0	1.0	0.0	0.0036407435099283262
13906.0	15.0	1.0	0.0	0.0017995971679687001
13921.0	15.0	1.0	0.0	0.0007075907389322533
13936.0	15.0	1.0	0.0	0.0004238108317056799
13951.0	15.0	1.0	0.0	0.00022742309570306663
13966.0	15.0	1.0	0.0	0.00015751953124996666
13981.0	15.0	1.0	0.0	0.00018104858398434
13996.0	15.0	1.0	0.0	0.00016658732096347997
14011.0	15.0	1.0	0.0	0.00010336812337237082
14026.0	15.0	1.0	0.0	6.067097981770834e-05
14041.0	15.0	1.0	0.0	3.530171712239583e-05
14056.0	15.0	1.0	0.0	2.1656290690104163e-05
14071.0	15.0	1.0	0.0	1.4526367187500001e-05
14086.0	15.0	1.0	0.0	1.1655747890472411e-05
14101.0	15.0	1.0	0.0	8.60733687877655e-06
14116.0	15.0	1.0	0.0	6.5328886111577345e-06
14131.0	15.0	1.0	0.0	0.00021343709826468247
14146.0	15.0	1.0	0.0	2.669409116109212e-05
14161.0	15.0	1.0	0.0	2.865856488545288e-05
14176.0	15.0	1.0	0.0	4.502315521240235e-05
14191.0	15.0	1.0	0.0	4.68587875366211e-05
14206.0	15.0	1.0	0.0	0.00019657818476354308
14221.0	15.0	1.0	0.0	0.00018439064025873336
14236.0	15.0	1.0	0.0	0.0004514530817667066
14251.0	15.0	1.0	0.0	0.0006043064117431267
14266.0	15.0	1.0	0.0	0.001065814336140907
14281.0	15.0	1.0	0.0	0.0018453381856282133
14296.0	15.0	1.0	0.0	0.00139834391276038
14311.0	15.0	1.0	0.0	0.0008083674112955401
14326.0	15.0	1.0	0.0	0.0005679941813150533
14341.0	15.0	1.0	0.0	0.0005796890258788667
14356.0	15.0	1.0	0.0	0.0004920176188150665
14371.0	15.0	1.0	0.0	0.0002476155598957933
14386.0	15.0	1.0	0.0	0.00012704366048172085
14401.0	15.0	1.0	0.0	8.195699055989584e-05
14416.0	15.0	1.0	0.0	0.0002419698079426726
14431.0	15.0	1.0	0.0	0.0001590352376301783
14446.0	15.0	1.0	0.0	7.751468718051661e-05
14461.0	15.0	1.0	0.0	4.380645851294199e-05
14476.0	15.0	1.0	0.0	7.552739779153414e-05
14491.0	15.0	1.0	0.0	2.3599886894226068e-05
14506.0	15.0	1.0	0.0	1.6926797231038415e-05
14521.0	15.0	1.0	0.0	1.3627926508585614e-05
14536.0	15.0	1.0	0.0	7.73686726887849e-05
14551.0	15.0	1.0	0.0	0.0003284694512684833
14566.0	15.0	1.0	0.0	0.0004525231043497333
14581.0	15.0	1.0	0.0	0.0023770987828572064
14596.0	15.0	1.0	0.0	0.0017281420389810662
14611.0	15.0	1.0	0.0	0.0015228749593098531
14626.0	15.0	1.0	0.0	0.0016074518839517932
14641.0	15.0	1.0	0.0	0.0015507395426431867
14656.0	15.0	1.0	0.0	0.0008938791910806799
14671.0	15.0	1.0	0.0	0.0009792409261067268
14686.0	15.0	1.0	0.0	0.0007367075602213067
14701.0	15.0	1.0	0.0	0.0005024281819661065
14716.0	15.0	1.0	0.0	0.00032701619466142
14731.0	15.0	1.0	0.0	0.00046039326985674006
14746.0	15.0	1.0	0.0	0.00028172098795569334
14761.0	15.0	1.0	0.0	0.00015886332194005334
14776.0	15.0	1.0	0.0	7.156066894531169e-05
14791.0	15.0	1.0	0.0	3.680623372395834e-05
14806.0	15.0	1.0	0.0	2.2259521484375e-05
14821.0	15.0	1.0	0.0	1.479372282822927e-05
14836.0	15.0	1.0	0.0	1.0486464699109395e-05
14851.0	15.0	1.0	0.0	7.884353399276735e-06
14866.0	15.0	1.0	0.0	1.9589265187581382e-05
14881.0	15.0	1.0	0.0	2.886381944020589e-05
14896.0	15.0	1.0	0.0	0.0001865123271941859
14911.0	15.0	1.0	0.0	0.00037218084335322
14926.0	15.0	1.0	0.0	0.0003299034754434667
14941.0	15.0	1.0	0.0	0.0007722960789997865
14956.0	15.0	1.0	0.0	0.00179201469421382
14971.0	15.0	1.0	0.0	0.0015699371337890263
14986.0	15.0	1.0	0.0	0.0024058212280272866
15001.0	15.0	1.0	0.0	0.002218071492512974
15016.0	15.0	1.0	0.0	0.002409553019205687
15031.0	15.0	1.0	0.0	0.0011755686442056865
15046.0	15.0	1.0	0.0	0.0006147064208983934
15061.0	15.0	1.0	0.0	0.0004170206705728601
15076.0	15.0	1.0	0.0	0.00036145731608067995
15091.0	15.0	1.0	0.0	0.00020323689778642005
15106.0	15.0	1.0	0.0	0.00012642720540361336
15121.0	15.0	1.0	0.0	9.431152343749417e-05
15136.0	15.0	1.0	0.0	5.2071126302083345e-05
15151.0	15.0	1.0	0.0	6.564127604166251e-05
15166.0	15.0	1.0	0.0	2.5592041015624997e-05
15181.0	15.0	1.0	0.0	1.7659918467203776e-05
15196.0	15.0	1.0	0.0	1.3704393307367958e-05
15211.0	15.0	1.0	0.0	3.0132069190334776e-05
15226.0	15.0	1.0	0.0	1.2931756178538008e-05
15241.0	15.0	1.0	0.0	6.575526396433296e-05
15256.0	15.0	1.0	0.0	0.0006005643685658248
15271.0	15.0	1.0	0.0	0.00017201658884678664
15286.0	15.0	1.0	0.0	0.0005147600809732467
15301.0	15.0	1.0	0.0	0.0012420609792072933
15316.0	15.0	1.0	0.0	0.0014280871073404468
15331.0	15.0	1.0	0.0	0.0010461059570311933
15346.0	15.0	1.0	0.0	0.002062099711100213
15361.0	15.0	1.0	0.0	0.0026939814249674066
15376.0	15.0	1.0	0.0	0.0020011189778645264
15391.0	15.0	1.0	0.0	0.002966471354166613
15406.0	15.0	1.0	0.0	0.001985205078124974
15421.0	15.0	1.0	0.0	0.0009288991292317333
15436.0	15.0	1.0	0.0	0.0005547871907551534
15451.0	15.0	1.0	0.0	0.0008505798339843401
15466.0	15.0	1.0	0.0	0.00041175740559891996
15481.0	15.0	1.0	0.0	0.00024336954752601336
15496.0	15.0	1.0	0.0	0.000135496012369775
15511.0	15.0	1.0	0.0	6.314900716145833e-05
15526.0	15.0	1.0	0.0	3.375040690104166e-05
15541.0	15.0	1.0	0.0	7.483927011488835e-05
15556.0	15.0	1.0	0.0	4.312804142633648e-05
15571.0	15.0	1.0	0.0	3.263420263926188e-05
15586.0	15.0	1.0	0.0	2.087299823760986e-05
15601.0	15.0	1.0	0.0	2.6910535494486496e-05
15616.0	15.0	1.0	0.0	0.000442213122049908
15631.0	15.0	1.0	0.0	0.0005956104278563868
15646.0	15.0	1.0	0.0	0.00046253064473465326
15661.0	15.0	1.0	0.0	0.0008850002288817866
15676.0	15.0	1.0	0.0	0.0012708353678384933
15691.0	15.0	1.0	0.0	0.0015963147481282
15706.0	15.0	1.0	0.0	0.004392248026529893
15721.0	15.0	1.0	0.0	0.002994362386067666
15736.0	15.0	1.0	0.0	0.0029624755859374535
15751.0	15.0	1.0	0.0	0.0023251383463541273
15766.0	15.0	1.0	0.0	0.0013279663085937132
15781.0	15.0	1.0	0.0	0.001191929117838507
15796.0	15.0	1.0	0.0	0.0006039611816405867
15811.0	15.0	1.0	0.0	0.000328525797526
15826.0	15.0	1.0	0.0	0.00022084350585934007
15841.0	15.0	1.0	0.0	0.00013864135742183337
15856.0	15.0	1.0	0.0	8.890584309895333e-05
15871.0	15.0	1.0	0.0	5.1544189453124995e-05
15886.0	15.0	1.0	0.0	3.6531575520833335e-05
15901.0	15.0	1.0	0.0	2.5396728515625e-05
15916.0	15.0	1.0	0.0	1.9073094924290974e-05
15931.0	15.0	1.0	0.0	1.4254518349965416e-05
15946.0	15.0	1.0	0.0	1.1805615822474162e-05
15961.0	15.0	1.0	0.0	1.4543994267781576e-05
15976.0	15.0	1.0	0.0	0.00014464412927626497
15991.0	15.0	1.0	0.0	0.00028919397989904
16006.0	15.0	1.0	0.0	0.0004842066446939796
16021.0	15.0	1.0	0.0	0.0010914587020873533
16036.0	15.0	1.0	0.0	0.00120278053283688
16051.0	15.0	1.0	0.0	0.003434389495849573
16066.0	15.0	1.0	0.0	0.0026525563557942273
16081.0	15.0	1.0	0.0	0.0022913269042968403
16096.0	15.0	1.0	0.0	0.002686806233723927
16111.0	15.0	1.0	0.0	0.002586662801106733
16126.0	15.0	1.0	0.0	0.00128630269368486
16141.0	15.0	1.0	0.0	0.0009330525716145465
16156.0	15.0	1.0	0.0	0.0004974507649739133
16171.0	15.0	1.0	0.0	0.0003803873697916266
16186.0	15.0	1.0	0.0	0.00020385131835934668
16201.0	15.0	1.0	0.0	0.00011280924479163832
16216.0	15.0	1.0	0.0	7.757975260416667e-05
16231.0	15.0	1.0	0.0	5.4947916666666666e-05
16246.0	15.0	1.0	0.0	0.00011173299153644833
16261.0	15.0	1.0	0.0	3.5909016927083336e-05
16276.0	15.0	1.0	0.0	2.5612643361091613e-05
16291.0	15.0	1.0	0.0	1.87772661447525e-05
16306.0	15.0	1.0	0.0	2.1512279907862347e-05
16321.0	15.0	1.0	0.0	1.2385654449462893e-05
16336.0	15.0	1.0	0.0	9.792745113372804e-06
16351.0	15.0	1.0	0.0	0.00010209341843922028
16366.0	15.0	1.0	0.0	0.0001482305844624522
16381.0	15.0	1.0	0.0	0.0005825899124145
16396.0	15.0	1.0	0.0	0.0002802380243936733
16411.0	15.0	1.0	0.0	0.0006714756011962535
16426.0	15.0	1.0	0.0	0.0010065862019856134
16441.0	15.0	1.0	0.0	0.0024214716593424068
16456.0	15.0	1.0	0.0	0.0016426340738931863
16471.0	15.0	1.0	0.0	0.0025586537679036137
16486.0	15.0	1.0	0.0	0.0030387074788410995
16501.0	15.0	1.0	0.0	0.002395551554361933
16516.0	15.0	1.0	0.0	0.0014729858398437128
16531.0	15.0	1.0	0.0	0.0005300638834634866
16546.0	15.0	1.0	0.0	0.00024590352376298666
16561.0	15.0	1.0	0.0	0.00014786987304683333
16576.0	15.0	1.0	0.0	7.397664388020834e-05
16591.0	15.0	1.0	0.0	8.396809895833166e-05
16606.0	15.0	1.0	0.0	4.007975260416667e-05
16621.0	15.0	1.0	0.0	3.7831624348958334e-05
16636.0	15.0	1.0	0.0	2.3497533301512403e-05
16651.0	15.0	1.0	0.0	1.616911341746648e-05
16666.0	15.0	1.0	0.0	1.1676120758056639e-05
16681.0	15.0	1.0	0.0	1.023366649945577e-05
16696.0	15.0	1.0	0.0	1.3302139441172282e-05
16711.0	15.0	1.0	0.0	0.0003160770654677995
16726.0	15.0	1.0	0.0	0.00022533432642613994
16741.0	15.0	1.0	0.0	0.0006586852391560332
16756.0	15.0	1.0	0.0	0.0008290634155272933
16771.0	15.0	1.0	0.0	0.0017367588043212534
16786.0	15.0	1.0	0.0	0.0020954579671223533
16801.0	15.0	1.0	0.0	0.0045211298624674
16816.0	15.0	1.0	0.0	0.003125867716471313
16831.0	15.0	1.0	0.0	0.0024769256591796332
16846.0	15.0	1.0	0.0	0.0035876200358072466
16861.0	15.0	1.0	0.0	0.0012198242187499667
16876.0	15.0	1.0	0.0	0.0006093912760416399
16891.0	15.0	1.0	0.0	0.00022786661783849997
16906.0	15.0	1.0	0.0	0.00012486775716141332
16921.0	15.0	1.0	0.0	0.00011837158203122001
16936.0	15.0	1.0	0.0	9.314168294269001e-05
16951.0	15.0	1.0	0.0	5.375773111979167e-05
16966.0	15.0	1.0	0.0	3.2122802734375e-05
16981.0	15.0	1.0	0.0	3.6096191406249995e-05
16996.0	15.0	1.0	0.0	1.616007486979167e-05
17011.0	15.0	1.0	0.0	1.1357941230138143e-05
17026.0	15.0	1.0	0.0	9.409256776173907e-06
17041.0	15.0	1.0	0.0	7.034236192703247e-06
17056.0	15.0	1.0	0.0	5.835145711898804e-06
17071.0	15.0	1.0	0.0	9.005406498907603e-05
17086.0	15.0	1.0	0.0	0.00017809364795684038
17101.0	15.0	1.0	0.0	0.0002504584948221405
17116.0	15.0	1.0	0.0	0.0004973660151163267
17131.0	15.0	1.0	0.0	0.00038493099212641993
17146.0	15.0	1.0	0.0	0.00037875340779617336
17161.0	15.0	1.0	0.0	0.0007543248494465666
17176.0	15.0	1.0	0.0	0.0009823079427082734
17191.0	15.0	1.0	0.0	0.0016796663920084001
17206.0	15.0	1.0	0.0	0.0007488886515298866
17221.0	15.0	1.0	0.0	0.00049819081624344
17236.0	15.0	1.0	0.0	0.0005692179361978667
17251.0	15.0	1.0	0.0	0.00070498809814448
17266.0	15.0	1.0	0.0	0.0004874033610025667
17281.0	15.0	1.0	0.0	0.00036031494140620004
17296.0	15.0	1.0	0.0	0.00020715128580724667
17311.0	15.0	1.0	0.0	9.126281738279502e-05
17326.0	15.0	1.0	0.0	5.202229817708333e-05
17341.0	15.0	1.0	0.0	3.1446329752604166e-05
17356.0	15.0	1.0	0.0	2.0379638671875002e-05
17371.0	15.0	1.0	0.0	1.4572928907970587e-05
17386.0	15.0	1.0	0.0	1.6463138163089752e-05
17401.0	15.0	1.0	0.0	9.445244073867796e-06
17416.0	15.0	1.0	0.0	1.2853815158208212e-05
17431.0	15.0	1.0	0.0	7.73016611735026e-06
17446.0	15.0	1.0	0.0	0.00035435895919794583
17461.0	15.0	1.0	0.0	0.00040185238520299994
17476.0	15.0	1.0	0.0	0.00013510030110672666
17491.0	15.0	1.0	0.0	0.00019956512451167332
17506.0	15.0	1.0	0.0	0.0004537123362222733
17521.0	15.0	1.0	0.0	0.0021085212707519004
17536.0	15.0	1.0	0.0	0.0019508155822753402
17551.0	15.0	1.0	0.0	0.00204448954264318
17566.0	15.0	1.0	0.0	0.0013769999186197465
17581.0	15.0	1.0	0.0	0.002642725626627567
17596.0	15.0	1.0	0.0	0.0013222452799478597
17611.0	15.0	1.0	0.0	0.0004918609619140333
17626.0	15.0	1.0	0.0	0.0005040771484374533
17641.0	15.0	1.0	0.0	0.0009287211100259934
17656.0	15.0	1.0	0.0	0.0007847076416015134
17671.0	15.0	1.0	0.0	0.00035658874511714666
17686.0	15.0	1.0	0.0	0.000140950520833295
17701.0	15.0	1.0	0.0	7.408854166666668e-05
17716.0	15.0	1.0	0.0	4.0485636393229167e-05
17731.0	15.0	1.0	0.0	2.4996274585525198e-05
17746.0	15.0	1.0	0.0	1.650166523953279e-05
17761.0	15.0	1.0	0.0	1.4061713218688967e-05
17776.0	15.0	1.0	0.0	1.0378930966059367e-05
17791.0	15.0	1.0	0.0	1.0898844401041664e-05
17806.0	15.0	1.0	0.0	7.805105050404867e-06
17821.0	15.0	1.0	0.0	2.4958217144012454e-05
17836.0	15.0	1.0	0.0	0.00010719814300535676
17851.0	15.0	1.0	0.0	0.00048043627738948507
17866.0	15.0	1.0	0.0	0.0005170862197875467
17881.0	15.0	1.0	0.0	0.0008134736378987065
17896.0	15.0	1.0	0.0	0.0004697516123453201
17911.0	15.0	1.0	0.0	0.00044407323201493327
17926.0	15.0	1.0	0.0	0.0005594388326008667
17941.0	15.0	1.0	0.0	0.0006982009887694733
17956.0	15.0	1.0	0.0	0.00039600346883134004
17971.0	15.0	1.0	0.0	0.00032999216715490665
17986.0	15.0	1.0	0.0	0.00028105214436844
18001.0	15.0	1.0	0.0	0.00018471781412754664
18016.0	15.0	1.0	0.0	0.00010921630859371793
18031.0	15.0	1.0	0.0	6.8505859375e-05
18046.0	15.0	1.0	0.0	4.136199951171875e-05
18061.0	15.0	1.0	0.0	2.376759847005208e-05
18076.0	15.0	1.0	0.0	1.5354410807291666e-05
18091.0	15.0	1.0	0.0	0.00014506683349607913
18106.0	15.0	1.0	0.0	1.6514765222867332e-05
18121.0	15.0	1.0	0.0	1.0820181171099346e-05
18136.0	15.0	1.0	0.0	8.428150415420533e-06
18151.0	15.0	1.0	0.0	7.398708661397298e-06
18166.0	15.0	1.0	0.0	1.6120791435241702e-05
18181.0	15.0	1.0	0.0	6.007800896961845e-05
18196.0	15.0	1.0	0.0	0.00022275810241696538
18211.0	15.0	1.0	0.0	0.0006047826131184333
18226.0	15.0	1.0	0.0	0.0011476788838703932
18241.0	15.0	1.0	0.0	0.0012853628794351664
18256.0	7.0	1.0	0.0	0.0009833063398088143
