stress_period	sp_length	time_step	study (0 : TS or 1 : SS)	rech
0.0	1.0	1.0	1.0	0.00019278781999037598
1.0	60.0	1.0	0.0	0.0004894232432047033
61.0	60.0	1.0	0.0	0.000198858769734661
121.0	60.0	1.0	0.0	9.166361490884909e-05
181.0	60.0	1.0	0.0	1.87549407283465e-05
241.0	60.0	1.0	0.0	7.482604682445526e-06
301.0	60.0	1.0	0.0	2.600105404853585e-05
361.0	60.0	1.0	0.0	0.00011715811888374246
421.0	60.0	1.0	0.0	8.308636347451781e-05
481.0	60.0	1.0	0.0	0.00010119504928587892
541.0	60.0	1.0	0.0	9.080598751703897e-06
601.0	60.0	1.0	0.0	2.9812147219970385e-05
661.0	60.0	1.0	0.0	0.0001473204930623167
721.0	60.0	1.0	0.0	0.00010303185780840961
781.0	60.0	1.0	0.0	0.00035076163609818514
841.0	60.0	1.0	0.0	3.195749918619792e-05
901.0	60.0	1.0	0.0	6.273610393206278e-06
961.0	60.0	1.0	0.0	6.719371564684989e-05
1021.0	60.0	1.0	0.0	1.2215042114257813e-05
1081.0	60.0	1.0	0.0	2.4635775883992515e-05
1141.0	60.0	1.0	0.0	4.176738262175859e-05
1201.0	60.0	1.0	0.0	1.4748700459798176e-05
1261.0	60.0	1.0	0.0	4.461880400776864e-06
1321.0	60.0	1.0	0.0	2.0182146380345034e-06
1381.0	60.0	1.0	0.0	3.759773050744917e-05
1441.0	60.0	1.0	0.0	6.820634206135104e-05
1501.0	60.0	1.0	0.0	6.27193609873399e-05
1561.0	60.0	1.0	0.0	0.0001821784496307135
1621.0	60.0	1.0	0.0	3.994440014163346e-05
1681.0	60.0	1.0	0.0	6.865507091084536e-05
1741.0	60.0	1.0	0.0	0.00014210139910377263
1801.0	60.0	1.0	0.0	0.00021842172940570012
1861.0	60.0	1.0	0.0	0.0005314194043476934
1921.0	60.0	1.0	0.0	5.850849151610744e-05
1981.0	60.0	1.0	0.0	1.0069739042470857e-05
2041.0	60.0	1.0	0.0	7.229516686249186e-06
2101.0	60.0	1.0	0.0	0.0003280539025862616
2161.0	60.0	1.0	0.0	0.0001976281801859167
2221.0	60.0	1.0	0.0	0.0008189959208170067
2281.0	60.0	1.0	0.0	0.00034576555887853
2341.0	60.0	1.0	0.0	0.00012159449259438407
2401.0	60.0	1.0	0.0	9.81550216674805e-06
2461.0	60.0	1.0	0.0	0.00010875770449638091
2521.0	60.0	1.0	0.0	0.00014302016894021031
2581.0	60.0	1.0	0.0	9.943256378172061e-05
2641.0	60.0	1.0	0.0	2.2880840301513018e-05
2701.0	60.0	1.0	0.0	5.783812204996745e-06
2761.0	60.0	1.0	0.0	2.3067272019880346e-05
2821.0	60.0	1.0	0.0	0.00037646326621371427
2881.0	60.0	1.0	0.0	0.0011059632619221515
2941.0	60.0	1.0	0.0	0.0007394390106200681
3001.0	60.0	1.0	0.0	0.00044206517537430666
3061.0	60.0	1.0	0.0	6.20371500650973e-05
3121.0	60.0	1.0	0.0	1.3546931743621831e-05
3181.0	60.0	1.0	0.0	2.58321166038484e-05
3241.0	60.0	1.0	0.0	0.0012423241376876342
3301.0	60.0	1.0	0.0	0.0011549789428710454
3361.0	60.0	1.0	0.0	0.0009594011942545146
3421.0	60.0	1.0	0.0	3.6387125651040214e-05
3481.0	60.0	1.0	0.0	7.03112358848254e-06
3541.0	60.0	1.0	0.0	0.00010188459381460075
3601.0	60.0	1.0	0.0	6.658564408618857e-05
3661.0	60.0	1.0	0.0	0.00047326693534846173
3721.0	60.0	1.0	0.0	0.00086207841237381
3781.0	60.0	1.0	0.0	4.3312835693354396e-05
3841.0	60.0	1.0	0.0	6.134556978940965e-06
3901.0	60.0	1.0	0.0	2.5500950713952382e-06
3961.0	60.0	1.0	0.0	0.00028247933288412156
4021.0	60.0	1.0	0.0	0.00030456730524693857
4081.0	60.0	1.0	0.0	4.816939036051276e-05
4141.0	60.0	1.0	0.0	1.2110265096028646e-05
4201.0	60.0	1.0	0.0	3.6607276648283e-06
4261.0	60.0	1.0	0.0	7.555920754868432e-06
4321.0	60.0	1.0	0.0	0.00020414319833117505
4381.0	60.0	1.0	0.0	0.0005582914034525081
4441.0	60.0	1.0	0.0	0.0001691832860310449
4501.0	60.0	1.0	0.0	5.044918060301787e-05
4561.0	60.0	1.0	0.0	7.77789081136386e-06
4621.0	60.0	1.0	0.0	3.0326180160045635e-06
4681.0	60.0	1.0	0.0	0.0006222561135887692
4741.0	60.0	1.0	0.0	0.0007673702239989749
4801.0	60.0	1.0	0.0	0.0007634696960448803
4861.0	60.0	1.0	0.0	0.00037801513671872086
4921.0	60.0	1.0	0.0	2.0056296636660892e-05
4981.0	60.0	1.0	0.0	2.0168364793061414e-05
5041.0	60.0	1.0	0.0	9.952311714489321e-05
5101.0	60.0	1.0	0.0	0.0002227005640665366
5161.0	60.0	1.0	0.0	0.0002062381426492856
5221.0	60.0	1.0	0.0	3.534901936848957e-05
5281.0	60.0	1.0	0.0	7.219575780133405e-06
5341.0	60.0	1.0	0.0	2.733453673621019e-06
5401.0	60.0	1.0	0.0	0.00023041997800267775
5461.0	60.0	1.0	0.0	0.0014554012616474917
5521.0	60.0	1.0	0.0	0.0004493653615315404
5581.0	60.0	1.0	0.0	4.9579366048175204e-05
5641.0	60.0	1.0	0.0	1.5375934913754257e-05
5701.0	60.0	1.0	0.0	0.00010696682545045241
5761.0	60.0	1.0	0.0	4.7282028198236185e-05
5821.0	60.0	1.0	0.0	4.7678502400715166e-05
5881.0	60.0	1.0	0.0	0.0003351824919382233
5941.0	60.0	1.0	0.0	5.1267115275057826e-05
6001.0	60.0	1.0	0.0	1.611362773304049e-05
6061.0	60.0	1.0	0.0	3.7790727801620953e-06
6121.0	60.0	1.0	0.0	6.789421240487548e-05
6181.0	60.0	1.0	0.0	1.0140156745910643e-05
6241.0	60.0	1.0	0.0	5.500618616739907e-06
6301.0	60.0	1.0	0.0	3.8260936737060535e-06
6361.0	60.0	1.0	0.0	5.370060602823888e-06
6421.0	60.0	1.0	0.0	1.2172609567642213e-06
6481.0	60.0	1.0	0.0	4.123507017890261e-05
6541.0	60.0	1.0	0.0	0.00046124500830964984
6601.0	60.0	1.0	0.0	0.0018510201136270694
6661.0	60.0	1.0	0.0	0.00010181681315102608
6721.0	60.0	1.0	0.0	1.212285359700521e-05
6781.0	60.0	1.0	0.0	4.8476291199525184e-06
6841.0	60.0	1.0	0.0	0.0002750277129312056
6901.0	60.0	1.0	0.0	0.00011415166854855461
6961.0	60.0	1.0	0.0	0.001485937563578242
7021.0	60.0	1.0	0.0	0.00024583053588863647
7081.0	60.0	1.0	0.0	1.8348058064778644e-05
7141.0	60.0	1.0	0.0	1.092033783594706e-05
7201.0	60.0	1.0	0.0	3.152859210968017e-06
7261.0	60.0	1.0	0.0	0.00013617453575132563
7321.0	60.0	1.0	0.0	0.0003458117802937422
7381.0	60.0	1.0	0.0	0.00010481112798052441
7441.0	60.0	1.0	0.0	1.340001424153646e-05
7501.0	60.0	1.0	0.0	4.1282862424850464e-06
7561.0	60.0	1.0	0.0	1.2919718027112486e-05
7621.0	60.0	1.0	0.0	0.00010848534603911761
7681.0	60.0	1.0	0.0	2.740894158681233e-05
7741.0	60.0	1.0	0.0	2.3221890131632482e-05
7801.0	60.0	1.0	0.0	3.4927225112909995e-05
7861.0	60.0	1.0	0.0	4.715350766976676e-06
7921.0	60.0	1.0	0.0	7.568953931331634e-06
7981.0	60.0	1.0	0.0	0.00012374381025630226
8041.0	60.0	1.0	0.0	4.467719395955403e-05
8101.0	60.0	1.0	0.0	0.00014453902244565482
8161.0	60.0	1.0	0.0	1.3234710693359371e-05
8221.0	60.0	1.0	0.0	9.752774300674106e-06
8281.0	60.0	1.0	0.0	2.3380303382870126e-05
8341.0	60.0	1.0	0.0	4.7125339508047916e-05
8401.0	60.0	1.0	0.0	2.3979775110880074e-05
8461.0	60.0	1.0	0.0	4.441018104552907e-05
8521.0	60.0	1.0	0.0	8.606386184692383e-06
8581.0	60.0	1.0	0.0	6.4679672320683804e-06
8641.0	60.0	1.0	0.0	1.4887524644531136e-05
8701.0	60.0	1.0	0.0	8.497565786042326e-05
8761.0	60.0	1.0	0.0	0.0003584062178929222
8821.0	60.0	1.0	0.0	0.0001433357238769247
8881.0	60.0	1.0	0.0	6.15493774413955e-05
8941.0	60.0	1.0	0.0	8.942131946484244e-06
9001.0	60.0	1.0	0.0	4.243610625465221e-05
9061.0	60.0	1.0	0.0	0.0009693564852078339
9121.0	60.0	1.0	0.0	0.002178299967447869
9181.0	60.0	1.0	0.0	0.0001743947347004979
9241.0	60.0	1.0	0.0	2.5662485758463543e-05
9301.0	60.0	1.0	0.0	5.268995215495427e-06
9361.0	60.0	1.0	0.0	7.354047646125112e-06
9421.0	60.0	1.0	0.0	5.413243869939878e-05
9481.0	60.0	1.0	0.0	8.019485870995881e-05
9541.0	60.0	1.0	0.0	2.1249691645304363e-05
9601.0	60.0	1.0	0.0	7.109909057616101e-05
9661.0	60.0	1.0	0.0	8.456020119289559e-06
9721.0	60.0	1.0	0.0	3.115187479803655e-05
9781.0	60.0	1.0	0.0	5.972841183343551e-05
9841.0	60.0	1.0	0.0	7.835461298623701e-05
9901.0	60.0	1.0	0.0	3.5918458302815746e-05
9961.0	60.0	1.0	0.0	1.3368288675944016e-05
10021.0	60.0	1.0	0.0	4.201584309339523e-06
10081.0	60.0	1.0	0.0	1.9678624967734014e-06
10141.0	60.0	1.0	0.0	0.0001433222929636478
10201.0	60.0	1.0	0.0	0.000999110682805332
10261.0	60.0	1.0	0.0	0.0001567742665608399
10321.0	60.0	1.0	0.0	2.4447123209635428e-05
10381.0	60.0	1.0	0.0	5.1459239058507e-06
10441.0	60.0	1.0	0.0	1.6930378364242673e-05
10501.0	60.0	1.0	0.0	4.0229167540864493e-05
10561.0	60.0	1.0	0.0	0.00011269406874972645
10621.0	60.0	1.0	0.0	0.000171501684188793
10681.0	60.0	1.0	0.0	4.7427527109780796e-05
10741.0	60.0	1.0	0.0	9.326330820719404e-06
10801.0	60.0	1.0	0.0	4.3415345251560206e-06
10861.0	60.0	1.0	0.0	3.5077494879563645e-06
10921.0	60.0	1.0	0.0	8.04496248563064e-05
10981.0	60.0	1.0	0.0	0.0007766547997792107
11041.0	60.0	1.0	0.0	0.00013974157969154314
11101.0	60.0	1.0	0.0	3.792502085367468e-05
11161.0	60.0	1.0	0.0	7.493174572785694e-06
11221.0	60.0	1.0	0.0	8.573185851175733e-05
11281.0	60.0	1.0	0.0	0.00014572601318356545
11341.0	60.0	1.0	0.0	0.0008777329126993369
11401.0	60.0	1.0	0.0	0.00010990498860675115
11461.0	60.0	1.0	0.0	1.2687301635742189e-05
11521.0	60.0	1.0	0.0	4.946512977282206e-06
11581.0	60.0	1.0	0.0	5.065390467643738e-06
11641.0	60.0	1.0	0.0	3.605252106984287e-05
11701.0	60.0	1.0	0.0	2.6782981554664325e-05
11761.0	60.0	1.0	0.0	8.195400238037108e-06
11821.0	60.0	1.0	0.0	3.933040301005047e-06
11881.0	60.0	1.0	0.0	1.703168265521526e-06
11941.0	60.0	1.0	0.0	5.2338975978393574e-05
12001.0	60.0	1.0	0.0	0.00031488380034760624
12061.0	60.0	1.0	0.0	0.00024219748179112998
12121.0	60.0	1.0	0.0	0.00014621213277176486
12181.0	60.0	1.0	0.0	2.6122156778971358e-05
12241.0	60.0	1.0	0.0	1.743560532728715e-05
12301.0	60.0	1.0	0.0	3.150738974412038e-05
12361.0	60.0	1.0	0.0	2.467446724573547e-05
12421.0	60.0	1.0	0.0	9.552872578300768e-05
12481.0	60.0	1.0	0.0	0.00014490168889359735
12541.0	60.0	1.0	0.0	3.899660110473253e-05
12601.0	60.0	1.0	0.0	6.2642186880111666e-06
12661.0	60.0	1.0	0.0	4.296445846557617e-06
12721.0	60.0	1.0	0.0	6.255253056684142e-05
12781.0	60.0	1.0	0.0	0.0005885676622390184
12841.0	60.0	1.0	0.0	0.0007062664031981958
12901.0	60.0	1.0	0.0	2.873560587565104e-05
12961.0	60.0	1.0	0.0	8.606263498464701e-06
13021.0	60.0	1.0	0.0	4.144112765789033e-06
13081.0	60.0	1.0	0.0	3.0954281489054372e-06
13141.0	60.0	1.0	0.0	2.3461918036142993e-06
13201.0	60.0	1.0	0.0	2.8803436954813896e-05
13261.0	60.0	1.0	0.0	9.507970015207923e-06
13321.0	60.0	1.0	0.0	2.6651740695039433e-06
13381.0	60.0	1.0	0.0	3.767819640537103e-06
13441.0	60.0	1.0	0.0	1.6189220050970288e-05
13501.0	60.0	1.0	0.0	0.00011287257870036175
13561.0	60.0	1.0	0.0	4.978009859720637e-05
13621.0	60.0	1.0	0.0	7.003763516743082e-05
13681.0	60.0	1.0	0.0	1.0746505732337632e-05
13741.0	60.0	1.0	0.0	3.28383060793082e-06
13801.0	60.0	1.0	0.0	4.116192758083001e-05
13861.0	60.0	1.0	0.0	3.204723199208344e-05
13921.0	60.0	1.0	0.0	7.210430304208168e-05
13981.0	60.0	1.0	0.0	1.9415553410847977e-05
14041.0	60.0	1.0	0.0	4.322084598243236e-06
14101.0	60.0	1.0	0.0	1.9990669563412662e-06
14161.0	60.0	1.0	0.0	0.0009543995457390643
14221.0	60.0	1.0	0.0	0.00045464083353673326
14281.0	60.0	1.0	0.0	0.00018192329406732964
14341.0	60.0	1.0	0.0	3.0560302734375e-05
14401.0	60.0	1.0	0.0	5.1542392000556e-06
14461.0	60.0	1.0	0.0	2.2079355393846833e-06
14521.0	60.0	1.0	0.0	4.939272825915943e-05
14581.0	60.0	1.0	0.0	9.49944853782538e-05
14641.0	60.0	1.0	0.0	0.00017278846104935004
14701.0	60.0	1.0	0.0	7.5980822245264e-05
14761.0	60.0	1.0	0.0	9.311707814534507e-06
14821.0	60.0	1.0	0.0	3.033207605282466e-06
14881.0	60.0	1.0	0.0	8.333253189920318e-05
14941.0	60.0	1.0	0.0	0.0006883121093113796
15001.0	60.0	1.0	0.0	0.0008338590621947813
15061.0	60.0	1.0	0.0	9.243036905922483e-05
15121.0	60.0	1.0	0.0	1.0225168863932292e-05
15181.0	60.0	1.0	0.0	4.418685461083601e-05
15241.0	60.0	1.0	0.0	0.0011537726640700875
15301.0	60.0	1.0	0.0	0.0009429484049478688
15361.0	60.0	1.0	0.0	0.002507770792643187
15421.0	60.0	1.0	0.0	0.0021038309733072596
15481.0	60.0	1.0	0.0	9.003957112629035e-05
15541.0	60.0	1.0	0.0	1.7836130658785244e-05
15601.0	60.0	1.0	0.0	0.0002878368685642589
15661.0	60.0	1.0	0.0	0.0016059002876281322
15721.0	60.0	1.0	0.0	0.0008332013448078965
15781.0	60.0	1.0	0.0	0.0001668886820474929
15841.0	60.0	1.0	0.0	3.2162729899088545e-05
15901.0	60.0	1.0	0.0	5.493429054816565e-06
15961.0	60.0	1.0	0.0	1.2868363906939573e-05
16021.0	60.0	1.0	0.0	4.8823734124501545e-06
16081.0	60.0	1.0	0.0	9.124899705249386e-05
16141.0	60.0	1.0	0.0	2.983182271321615e-05
16201.0	60.0	1.0	0.0	5.933729807535807e-06
16261.0	60.0	1.0	0.0	2.288311471541723e-06
16321.0	60.0	1.0	0.0	5.979622006415367e-05
16381.0	60.0	1.0	0.0	5.2681533495576945e-05
16441.0	60.0	1.0	0.0	0.0008071105559666451
16501.0	60.0	1.0	0.0	0.0005863978703816396
16561.0	60.0	1.0	0.0	2.510604858398437e-05
16621.0	60.0	1.0	0.0	5.1789407928784674e-06
16681.0	60.0	1.0	0.0	0.00011327373534440532
16741.0	60.0	1.0	0.0	0.00022104794184361838
16801.0	60.0	1.0	0.0	0.0002620264053344267
16861.0	60.0	1.0	0.0	0.000194410451253209
16921.0	60.0	1.0	0.0	3.64444096883138e-05
16981.0	60.0	1.0	0.0	5.857550352811812e-06
17041.0	60.0	1.0	0.0	5.6761659681797075e-06
17101.0	60.0	1.0	0.0	5.334324141342693e-05
17161.0	60.0	1.0	0.0	0.00022999825080231262
17221.0	60.0	1.0	0.0	0.00041138146718338843
17281.0	60.0	1.0	0.0	2.2045644124348968e-05
17341.0	60.0	1.0	0.0	4.519466559092204e-06
17401.0	60.0	1.0	0.0	0.00010354733069736621
17461.0	60.0	1.0	0.0	1.5462668736775718e-05
17521.0	60.0	1.0	0.0	1.271475950876872e-05
17581.0	60.0	1.0	0.0	4.2175761858618186e-05
17641.0	60.0	1.0	0.0	1.712501843770345e-05
17701.0	60.0	1.0	0.0	4.594088283677897e-06
17761.0	60.0	1.0	0.0	3.627101859698359e-05
17821.0	60.0	1.0	0.0	0.00047532785336174433
17881.0	60.0	1.0	0.0	0.0016004906336466002
17941.0	60.0	1.0	0.0	0.0006093373616535997
18001.0	60.0	1.0	0.0	4.857915242512438e-05
18061.0	60.0	1.0	0.0	6.5610667069753016e-06
18121.0	60.0	1.0	0.0	2.6905847092469538e-06
18181.0	60.0	1.0	0.0	4.9416135499866646e-05
18241.0	22.0	1.0	0.0	0.0006292510466141608
