stress_period	sp_length	time_step	study (0 : TS or 1 : SS)	rech
0.0	1.0	1.0	1.0	0.0005561797599414175
1.0	15.0	1.0	0.0	0.001737076568603473
16.0	15.0	1.0	0.0	0.0007962666829426535
31.0	15.0	1.0	0.0	0.0012393666585285936
46.0	15.0	1.0	0.0	0.0007775685628254668
61.0	15.0	1.0	0.0	0.0005491602579752135
76.0	15.0	1.0	0.0	0.0003787587483723534
91.0	15.0	1.0	0.0	0.0003392303466796399
106.0	15.0	1.0	0.0	0.00021058959960933998
121.0	15.0	1.0	0.0	0.00019364624023433333
136.0	15.0	1.0	0.0	0.00011421407063800082
151.0	15.0	1.0	0.0	6.377258300781249e-05
166.0	15.0	1.0	0.0	3.470662434895833e-05
181.0	15.0	1.0	0.0	2.2079467773437498e-05
196.0	15.0	1.0	0.0	1.4564005533854167e-05
211.0	15.0	1.0	0.0	1.0054284334182737e-05
226.0	15.0	1.0	0.0	7.526247700055441e-06
241.0	15.0	1.0	0.0	8.298229177792868e-06
256.0	15.0	1.0	0.0	1.5188676118850708e-05
271.0	15.0	1.0	0.0	2.4888984362280164e-05
286.0	15.0	1.0	0.0	0.00016427788337070333
301.0	15.0	1.0	0.0	8.82702827453496e-05
316.0	15.0	1.0	0.0	0.0004223411560058159
331.0	15.0	1.0	0.0	0.0010703268686929933
346.0	15.0	1.0	0.0	0.0019926298777262
361.0	15.0	1.0	0.0	0.0010780644734700135
376.0	15.0	1.0	0.0	0.001508089701334593
391.0	15.0	1.0	0.0	0.002417968749999953
406.0	15.0	1.0	0.0	0.0018005432128905866
421.0	15.0	1.0	0.0	0.0006228129069009934
436.0	15.0	1.0	0.0	0.0003263356526692267
451.0	15.0	1.0	0.0	0.0006818613688150467
466.0	15.0	1.0	0.0	0.0005003936767577599
481.0	15.0	1.0	0.0	0.00025433553059891334
496.0	15.0	1.0	0.0	0.0001296722412109
511.0	15.0	1.0	0.0	7.488606770833334e-05
526.0	15.0	1.0	0.0	6.81986490885375e-05
541.0	15.0	1.0	0.0	3.803914388020834e-05
556.0	15.0	1.0	0.0	2.3901367187500004e-05
571.0	15.0	1.0	0.0	1.625753243764241e-05
586.0	15.0	1.0	0.0	1.1765217781066896e-05
601.0	15.0	1.0	0.0	9.064137935638428e-06
616.0	15.0	1.0	0.0	1.9322935740153e-05
631.0	15.0	1.0	0.0	1.7715342839558916e-05
646.0	15.0	1.0	0.0	7.603508234023969e-05
661.0	15.0	1.0	0.0	0.00030656124750768666
676.0	15.0	1.0	0.0	0.00027710164388016005
691.0	15.0	1.0	0.0	0.0005225447336832267
706.0	15.0	1.0	0.0	0.00128708407084142
721.0	15.0	1.0	0.0	0.0018134653727213067
736.0	15.0	1.0	0.0	0.0019139211018879732
751.0	15.0	1.0	0.0	0.0009335896809895399
766.0	15.0	1.0	0.0	0.0005846227010090734
781.0	15.0	1.0	0.0	0.00050481262207026
796.0	15.0	1.0	0.0	0.0007343215942382465
811.0	15.0	1.0	0.0	0.0010540781656900667
826.0	15.0	1.0	0.0	0.0007330017089843266
841.0	15.0	1.0	0.0	0.0003551167805989066
856.0	15.0	1.0	0.0	0.0002192799886067334
871.0	15.0	1.0	0.0	0.00015096435546871332
886.0	15.0	1.0	0.0	7.460123697915917e-05
901.0	15.0	1.0	0.0	3.63189697265625e-05
916.0	15.0	1.0	0.0	2.1367390950520835e-05
931.0	15.0	1.0	0.0	1.3966791828473407e-05
946.0	15.0	1.0	0.0	1.0158589482307436e-05
961.0	15.0	1.0	0.0	1.1602421601613364e-05
976.0	15.0	1.0	0.0	8.865006764729819e-06
991.0	15.0	1.0	0.0	6.552497545878092e-06
1006.0	15.0	1.0	0.0	4.815552234648873e-05
1021.0	15.0	1.0	0.0	0.0001189520994821846
1036.0	15.0	1.0	0.0	0.0001176433404286466
1051.0	15.0	1.0	0.0	0.00016018829345698632
1066.0	15.0	1.0	0.0	0.0005643638928730735
1081.0	15.0	1.0	0.0	0.0026986506144205335
1096.0	15.0	1.0	0.0	0.0050351880391438335
1111.0	15.0	1.0	0.0	0.0026235717773437127
1126.0	15.0	1.0	0.0	0.0013541849772134998
1141.0	15.0	1.0	0.0	0.0031027282714843267
1156.0	15.0	1.0	0.0	0.002475050862630187
1171.0	15.0	1.0	0.0	0.0009015726725260001
1186.0	15.0	1.0	0.0	0.0002776753743489334
1201.0	15.0	1.0	0.0	0.000121000162760385
1216.0	15.0	1.0	0.0	6.923624674479166e-05
1231.0	15.0	1.0	0.0	4.446614583333333e-05
1246.0	15.0	1.0	0.0	3.024698893229167e-05
1261.0	15.0	1.0	0.0	2.0605468750000004e-05
1276.0	15.0	1.0	0.0	1.4341227213541668e-05
1291.0	15.0	1.0	0.0	1.004638671875e-05
1306.0	15.0	1.0	0.0	7.718210915724437e-06
1321.0	15.0	1.0	0.0	2.9436586797235e-05
1336.0	15.0	1.0	0.0	6.904689470926921e-06
1351.0	15.0	1.0	0.0	5.811504522959392e-06
1366.0	15.0	1.0	0.0	1.8084665139516193e-05
1381.0	15.0	1.0	0.0	9.89393353462022e-05
1396.0	15.0	1.0	0.0	0.00021558636029556186
1411.0	15.0	1.0	0.0	0.0008713782310485334
1426.0	15.0	1.0	0.0	0.001651874415079707
1441.0	15.0	1.0	0.0	0.00275943679809564
1456.0	15.0	1.0	0.0	0.0033875737508137537
1471.0	15.0	1.0	0.0	0.002978136189778607
1486.0	15.0	1.0	0.0	0.0011461029052733935
1501.0	15.0	1.0	0.0	0.00181917317708328
1516.0	15.0	1.0	0.0	0.0034356608072916395
1531.0	15.0	1.0	0.0	0.0017435709635416205
1546.0	15.0	1.0	0.0	0.002185534667968706
1561.0	15.0	1.0	0.0	0.0014252258300780868
1576.0	15.0	1.0	0.0	0.0005117167154947532
1591.0	15.0	1.0	0.0	0.00017361450195308665
1606.0	15.0	1.0	0.0	0.00010690917968747334
1621.0	15.0	1.0	0.0	6.330769856770834e-05
1636.0	15.0	1.0	0.0	3.6297607421875e-05
1651.0	15.0	1.0	0.0	2.4072265625e-05
1666.0	15.0	1.0	0.0	1.5902709464232125e-05
1681.0	15.0	1.0	0.0	1.1542787651220958e-05
1696.0	15.0	1.0	0.0	1.0171941916147865e-05
1711.0	15.0	1.0	0.0	7.3837260405222565e-06
1726.0	15.0	1.0	0.0	6.392987569171785e-05
1741.0	15.0	1.0	0.0	0.00012711862723028096
1756.0	15.0	1.0	0.0	8.756734530130317e-05
1771.0	15.0	1.0	0.0	0.00050628353754674
1786.0	15.0	1.0	0.0	0.0011703167597452333
1801.0	15.0	1.0	0.0	0.0011909694671630334
1816.0	15.0	1.0	0.0	0.0017505368550618133
1831.0	15.0	1.0	0.0	0.0017478246053059462
1846.0	15.0	1.0	0.0	0.0011685078938801468
1861.0	15.0	1.0	0.0	0.00062953491210932
1876.0	15.0	1.0	0.0	0.0006077285766601334
1891.0	15.0	1.0	0.0	0.00036240030924474664
1906.0	15.0	1.0	0.0	0.0005777292887369466
1921.0	15.0	1.0	0.0	0.00107616780598954
1936.0	15.0	1.0	0.0	0.0005699167887369401
1951.0	15.0	1.0	0.0	0.0001993306477864133
1966.0	15.0	1.0	0.0	9.790242513018499e-05
1981.0	15.0	1.0	0.0	5.3286743164062486e-05
1996.0	15.0	1.0	0.0	2.9110717773437506e-05
2011.0	15.0	1.0	0.0	1.8288167317708332e-05
2026.0	15.0	1.0	0.0	1.2733495359619461e-05
2041.0	15.0	1.0	0.0	9.172551706433298e-06
2056.0	15.0	1.0	0.0	7.008140285809835e-06
2071.0	15.0	1.0	0.0	3.730088671048009e-05
2086.0	15.0	1.0	0.0	2.1654458840688077e-05
2101.0	15.0	1.0	0.0	8.135239283243816e-06
2116.0	15.0	1.0	0.0	7.238435745239259e-06
2131.0	15.0	1.0	0.0	0.00011105866432187149
2146.0	15.0	1.0	0.0	0.0006292333602904732
2161.0	15.0	1.0	0.0	0.0006593182881672665
2176.0	15.0	1.0	0.0	0.0006513075510660266
2191.0	15.0	1.0	0.0	0.0014421480814615468
2206.0	15.0	1.0	0.0	0.0016548179626464468
2221.0	15.0	1.0	0.0	0.0008553441365559466
2236.0	15.0	1.0	0.0	0.0005650141398111534
2251.0	15.0	1.0	0.0	0.0023040700276692264
2266.0	15.0	1.0	0.0	0.0029713755289713
2281.0	15.0	1.0	0.0	0.00094191589355464
2296.0	15.0	1.0	0.0	0.0006691477457681866
2311.0	15.0	1.0	0.0	0.0003951568603515266
2326.0	15.0	1.0	0.0	0.0001725596110025667
2341.0	15.0	1.0	0.0	7.638956705728165e-05
2356.0	15.0	1.0	0.0	4.056803385416667e-05
2371.0	15.0	1.0	0.0	2.2674560546875e-05
2386.0	15.0	1.0	0.0	1.4069620768229165e-05
2401.0	15.0	1.0	0.0	1.0869891941547394e-05
2416.0	15.0	1.0	0.0	8.397458493709564e-06
2431.0	15.0	1.0	0.0	6.65385127067566e-06
2446.0	15.0	1.0	0.0	5.401277542114258e-06
2461.0	15.0	1.0	0.0	6.991314888000488e-06
2476.0	15.0	1.0	0.0	4.899843533833821e-06
2491.0	15.0	1.0	0.0	4.857508341470042e-05
2506.0	15.0	1.0	0.0	0.00011164212226865824
2521.0	15.0	1.0	0.0	5.1555951436360676e-05
2536.0	15.0	1.0	0.0	0.00021606375376381014
2551.0	15.0	1.0	0.0	0.00014947004318232668
2566.0	15.0	1.0	0.0	0.0005153244654337
2581.0	15.0	1.0	0.0	0.0009122985839843266
2596.0	15.0	1.0	0.0	0.0009756608327229334
2611.0	15.0	1.0	0.0	0.0009131187438964198
2626.0	15.0	1.0	0.0	0.0004368764241535933
2641.0	15.0	1.0	0.0	0.00016415659586583334
2656.0	15.0	1.0	0.0	8.141937255859125e-05
2671.0	15.0	1.0	0.0	9.961344401039502e-05
2686.0	15.0	1.0	0.0	0.0001316243489582733
2701.0	15.0	1.0	0.0	0.00014285074869787334
2716.0	15.0	1.0	0.0	0.00011609751383459542
2731.0	15.0	1.0	0.0	6.794687906901042e-05
2746.0	15.0	1.0	0.0	6.330312093098917e-05
2761.0	15.0	1.0	0.0	3.402271866798402e-05
2776.0	15.0	1.0	0.0	2.62561023235321e-05
2791.0	15.0	1.0	0.0	1.976527770360311e-05
2806.0	15.0	1.0	0.0	1.4028592904408772e-05
2821.0	15.0	1.0	0.0	2.4936842918395998e-05
2836.0	15.0	1.0	0.0	3.119994799296061e-05
2851.0	15.0	1.0	0.0	5.044194062550415e-05
2866.0	15.0	1.0	0.0	0.00013132403691607034
2881.0	15.0	1.0	0.0	0.00033954267501826
2896.0	15.0	1.0	0.0	0.00046305065155024665
2911.0	15.0	1.0	0.0	0.00177855504353836
2926.0	15.0	1.0	0.0	0.002185707855224553
2941.0	15.0	1.0	0.0	0.004376133219400992
2956.0	15.0	1.0	0.0	0.0040964721679687
2971.0	15.0	1.0	0.0	0.001810503133137987
2986.0	15.0	1.0	0.0	0.0011166585286458
3001.0	15.0	1.0	0.0	0.0007592519124348468
3016.0	15.0	1.0	0.0	0.00045863647460934006
3031.0	15.0	1.0	0.0	0.00029098917643225337
3046.0	15.0	1.0	0.0	0.00024229125976559334
3061.0	15.0	1.0	0.0	0.0001500773111978867
3076.0	15.0	1.0	0.0	7.168986002603666e-05
3091.0	15.0	1.0	0.0	3.571370442708334e-05
3106.0	15.0	1.0	0.0	2.2825113932291667e-05
3121.0	15.0	1.0	0.0	1.4713503730793795e-05
3136.0	15.0	1.0	0.0	1.0157766131063302e-05
3151.0	15.0	1.0	0.0	7.761816183725993e-06
3166.0	15.0	1.0	0.0	6.785078843434651e-06
3181.0	15.0	1.0	0.0	5.0839145978291835e-06
3196.0	15.0	1.0	0.0	9.42663351694743e-06
3211.0	15.0	1.0	0.0	6.420711676279704e-06
3226.0	15.0	1.0	0.0	8.085464636483398e-05
3241.0	15.0	1.0	0.0	0.00031682964960727994
3256.0	15.0	1.0	0.0	0.00045919675827022665
3271.0	15.0	1.0	0.0	0.0009798572540282865
3286.0	15.0	1.0	0.0	0.0010424147288004067
3301.0	15.0	1.0	0.0	0.001913732910156213
3316.0	15.0	1.0	0.0	0.00314701792399084
3331.0	15.0	1.0	0.0	0.0017027038574218335
3346.0	15.0	1.0	0.0	0.0011152425130207737
3361.0	15.0	1.0	0.0	0.00107159525553382
3376.0	15.0	1.0	0.0	0.0010563313802082934
3391.0	15.0	1.0	0.0	0.00029344278971348676
3406.0	15.0	1.0	0.0	0.00012240905761716335
3421.0	15.0	1.0	0.0	6.020100911458333e-05
3436.0	15.0	1.0	0.0	3.649291992187499e-05
3451.0	15.0	1.0	0.0	2.1860758463541665e-05
3466.0	15.0	1.0	0.0	1.4742024739583333e-05
3481.0	15.0	1.0	0.0	1.0392252604166667e-05
3496.0	15.0	1.0	0.0	7.6081186532974245e-06
3511.0	15.0	1.0	0.0	5.982169508934022e-06
3526.0	15.0	1.0	0.0	5.346401532491048e-06
3541.0	15.0	1.0	0.0	5.091838041941325e-06
3556.0	15.0	1.0	0.0	3.898819287618001e-06
3571.0	15.0	1.0	0.0	3.503318627675375e-06
3586.0	15.0	1.0	0.0	3.9357876777647666e-05
3601.0	15.0	1.0	0.0	3.3241248130798354e-05
3616.0	15.0	1.0	0.0	7.514394919075923e-05
3631.0	15.0	1.0	0.0	0.00042931586901341997
3646.0	15.0	1.0	0.0	0.00042693646748856657
3661.0	15.0	1.0	0.0	0.0007426877339680467
3676.0	15.0	1.0	0.0	0.0011872014363606398
3691.0	15.0	1.0	0.0	0.0005574872334797798
3706.0	15.0	1.0	0.0	0.0004418869018554267
3721.0	15.0	1.0	0.0	0.00028874944051101995
3736.0	15.0	1.0	0.0	0.00038264312744136
3751.0	15.0	1.0	0.0	0.00042414957682287334
3766.0	15.0	1.0	0.0	0.0001649124145507267
3781.0	15.0	1.0	0.0	8.431498209634084e-05
3796.0	15.0	1.0	0.0	5.433909098307291e-05
3811.0	15.0	1.0	0.0	3.50677490234375e-05
3826.0	15.0	1.0	0.0	2.2209676106770827e-05
3841.0	15.0	1.0	0.0	1.4717610677083335e-05
3856.0	15.0	1.0	0.0	1.0869019478559496e-05
3871.0	15.0	1.0	0.0	8.253681411345801e-06
3886.0	15.0	1.0	0.0	6.464321414629619e-06
3901.0	15.0	1.0	0.0	6.655073165893556e-06
3916.0	15.0	1.0	0.0	4.5370916525522874e-06
3931.0	15.0	1.0	0.0	7.11389561494119e-05
3946.0	15.0	1.0	0.0	0.00038092408974960677
3961.0	15.0	1.0	0.0	0.00025464893976842666
3976.0	15.0	1.0	0.0	0.0004185538609822
3991.0	15.0	1.0	0.0	0.00043479766845698676
4006.0	15.0	1.0	0.0	0.0014006286621093267
4021.0	15.0	1.0	0.0	0.0013589632670084136
4036.0	15.0	1.0	0.0	0.0008829320271809333
4051.0	15.0	1.0	0.0	0.002962855021158806
4066.0	15.0	1.0	0.0	0.0027588816324869265
4081.0	15.0	1.0	0.0	0.0011168823242187066
4096.0	15.0	1.0	0.0	0.0009993184407551666
4111.0	15.0	1.0	0.0	0.0033958658854166134
4126.0	15.0	1.0	0.0	0.002371250406901
4141.0	15.0	1.0	0.0	0.0006734558105468468
4156.0	15.0	1.0	0.0	0.0002750569661457867
4171.0	15.0	1.0	0.0	0.00012374877929685
4186.0	15.0	1.0	0.0	6.19140625e-05
4201.0	15.0	1.0	0.0	3.6376953125000005e-05
4216.0	15.0	1.0	0.0	2.284138997395834e-05
4231.0	15.0	1.0	0.0	1.4216422041257223e-05
4246.0	15.0	1.0	0.0	9.689520796140034e-06
4261.0	15.0	1.0	0.0	7.16455578804016e-06
4276.0	15.0	1.0	0.0	5.676400661468506e-06
4291.0	15.0	1.0	0.0	3.1016103426607233e-05
4306.0	15.0	1.0	0.0	1.545079549153646e-05
4321.0	15.0	1.0	0.0	8.029488722481602e-05
4336.0	15.0	1.0	0.0	0.00012740616798398647
4351.0	15.0	1.0	0.0	0.0006958917617797267
4366.0	15.0	1.0	0.0	0.001085233434041273
4381.0	15.0	1.0	0.0	0.00126861750284826
4396.0	15.0	1.0	0.0	0.0010644149780272933
4411.0	15.0	1.0	0.0	0.0026186574300129735
4426.0	15.0	1.0	0.0	0.001650962829589793
4441.0	15.0	1.0	0.0	0.0015320343017577668
4456.0	15.0	1.0	0.0	0.0005288106282551666
4471.0	15.0	1.0	0.0	0.0002106038411458
4486.0	15.0	1.0	0.0	0.00010919189453122664
4501.0	15.0	1.0	0.0	6.431783040364583e-05
4516.0	15.0	1.0	0.0	4.8664347330729174e-05
4531.0	15.0	1.0	0.0	8.297119140623583e-05
4546.0	15.0	1.0	0.0	4.290568033854167e-05
4561.0	15.0	1.0	0.0	2.9762776692708332e-05
4576.0	15.0	1.0	0.0	2.0318603515625002e-05
4591.0	15.0	1.0	0.0	1.47123783826828e-05
4606.0	15.0	1.0	0.0	1.3924697041511534e-05
4621.0	15.0	1.0	0.0	9.710419178009032e-06
4636.0	15.0	1.0	0.0	7.253638903299968e-06
4651.0	15.0	1.0	0.0	2.338781754175822e-05
4666.0	15.0	1.0	0.0	0.0002336194753646499
4681.0	15.0	1.0	0.0	8.187719980873865e-05
4696.0	15.0	1.0	0.0	0.00016583779652908193
4711.0	15.0	1.0	0.0	0.00015341784159337334
4726.0	15.0	1.0	0.0	0.0004910584131876133
4741.0	15.0	1.0	0.0	0.0014468204498290667
4756.0	15.0	1.0	0.0	0.001977125295003207
4771.0	15.0	1.0	0.0	0.0016038253784179132
4786.0	15.0	1.0	0.0	0.00145683390299474
4801.0	15.0	1.0	0.0	0.0007495035807291133
4816.0	15.0	1.0	0.0	0.00036390889485674006
4831.0	15.0	1.0	0.0	0.00018905334472652668
4846.0	15.0	1.0	0.0	0.0001121917724609025
4861.0	15.0	1.0	0.0	7.774658203125e-05
4876.0	15.0	1.0	0.0	4.89654541015625e-05
4891.0	15.0	1.0	0.0	3.5042317708333336e-05
4906.0	15.0	1.0	0.0	2.338663736979167e-05
4921.0	15.0	1.0	0.0	1.638997395833333e-05
4936.0	15.0	1.0	0.0	1.1649576822916668e-05
4951.0	15.0	1.0	0.0	8.578232427438102e-06
4966.0	15.0	1.0	0.0	6.414797405401865e-06
4981.0	15.0	1.0	0.0	5.234316984812418e-06
4996.0	15.0	1.0	0.0	4.129125674565633e-06
5011.0	15.0	1.0	0.0	3.852454821268718e-06
5026.0	15.0	1.0	0.0	2.114742596944052e-05
5041.0	15.0	1.0	0.0	9.199097553888194e-05
5056.0	15.0	1.0	0.0	0.00012532718976335507
5071.0	15.0	1.0	0.0	0.0005057092348733933
5086.0	15.0	1.0	0.0	0.0003622973124185667
5101.0	15.0	1.0	0.0	0.0009050544738769068
5116.0	15.0	1.0	0.0	0.0022073579152424665
5131.0	15.0	1.0	0.0	0.00123963343302404
5146.0	15.0	1.0	0.0	0.0011068125406900535
5161.0	15.0	1.0	0.0	0.0022212036132812003
5176.0	15.0	1.0	0.0	0.001372625732421827
5191.0	15.0	1.0	0.0	0.00099435017903642
5206.0	15.0	1.0	0.0	0.0003832570393879733
5221.0	15.0	1.0	0.0	0.00031922403971350674
5236.0	15.0	1.0	0.0	0.00023525899251298002
5251.0	15.0	1.0	0.0	0.00010334167480466667
5266.0	15.0	1.0	0.0	4.991861979166667e-05
5281.0	15.0	1.0	0.0	2.8664143880208334e-05
5296.0	15.0	1.0	0.0	1.8242390950520833e-05
5311.0	15.0	1.0	0.0	1.24786376953125e-05
5326.0	15.0	1.0	0.0	9.458180268605548e-06
5341.0	15.0	1.0	0.0	8.435149987538655e-06
5356.0	15.0	1.0	0.0	6.211727857589722e-06
5371.0	15.0	1.0	0.0	7.099701960881551e-06
5386.0	15.0	1.0	0.0	1.7237985134124756e-05
5401.0	15.0	1.0	0.0	1.627555688222249e-05
5416.0	15.0	1.0	0.0	0.0001840718507766445
5431.0	15.0	1.0	0.0	0.00031607673962907336
5446.0	15.0	1.0	0.0	0.0003655062993367066
5461.0	15.0	1.0	0.0	0.0006531334559122133
5476.0	15.0	1.0	0.0	0.0010669989267984533
5491.0	15.0	1.0	0.0	0.0011834548950194665
5506.0	15.0	1.0	0.0	0.00435852457682288
5521.0	15.0	1.0	0.0	0.0026630447387694864
5536.0	15.0	1.0	0.0	0.001573327636718713
5551.0	15.0	1.0	0.0	0.0021749298095702667
5566.0	15.0	1.0	0.0	0.0014316101074218332
5581.0	15.0	1.0	0.0	0.0006184987386067467
5596.0	15.0	1.0	0.0	0.00021555989583327335
5611.0	15.0	1.0	0.0	9.99379475911175e-05
5626.0	15.0	1.0	0.0	5.505472819010417e-05
5641.0	15.0	1.0	0.0	3.3815511067708336e-05
5656.0	15.0	1.0	0.0	2.413838704427083e-05
5671.0	15.0	1.0	0.0	1.5789794921875e-05
5686.0	15.0	1.0	0.0	1.1813915272553762e-05
5701.0	15.0	1.0	0.0	1.2934030592441558e-05
5716.0	15.0	1.0	0.0	7.92569915453593e-06
5731.0	15.0	1.0	0.0	7.253964742024739e-06
5746.0	15.0	1.0	0.0	5.9325305620813215e-05
5761.0	15.0	1.0	0.0	8.240926265715696e-05
5776.0	15.0	1.0	0.0	0.00012161750793455127
5791.0	15.0	1.0	0.0	0.00021809813181555333
5806.0	15.0	1.0	0.0	0.00118733647664384
5821.0	15.0	1.0	0.0	0.003343683369954373
5836.0	15.0	1.0	0.0	0.0031214879353840598
5851.0	15.0	1.0	0.0	0.0014135330200194867
5866.0	15.0	1.0	0.0	0.0022520894368489195
5881.0	15.0	1.0	0.0	0.003790737915039013
5896.0	15.0	1.0	0.0	0.00188927103678382
5911.0	15.0	1.0	0.0	0.0019184916178385067
5926.0	15.0	1.0	0.0	0.0010374532063801667
5941.0	15.0	1.0	0.0	0.0007778401692708
5956.0	15.0	1.0	0.0	0.0003782572428384933
5971.0	15.0	1.0	0.0	0.00013275960286455166
5986.0	15.0	1.0	0.0	6.338907877604166e-05
6001.0	15.0	1.0	0.0	3.514811197916667e-05
6016.0	15.0	1.0	0.0	2.3022460937500002e-05
6031.0	15.0	1.0	0.0	1.5684000651041667e-05
6046.0	15.0	1.0	0.0	1.1134076366821926e-05
6061.0	15.0	1.0	0.0	8.101269354422887e-06
6076.0	15.0	1.0	0.0	6.283333897590637e-06
6091.0	15.0	1.0	0.0	5.023962259292603e-06
6106.0	15.0	1.0	0.0	1.6294505198796595e-05
6121.0	15.0	1.0	0.0	5.4007887840271e-06
6136.0	15.0	1.0	0.0	4.172819058099074e-05
6151.0	15.0	1.0	0.0	0.00023597295284268335
6166.0	15.0	1.0	0.0	0.00042739283243810664
6181.0	15.0	1.0	0.0	0.0006148556391397668
6196.0	15.0	1.0	0.0	0.0015539721171060734
6211.0	15.0	1.0	0.0	0.0017415512084960534
6226.0	15.0	1.0	0.0	0.0032959365844726007
6241.0	15.0	1.0	0.0	0.003462871297200473
6256.0	15.0	1.0	0.0	0.0014904337565103671
6271.0	15.0	1.0	0.0	0.00108340657552078
6286.0	15.0	1.0	0.0	0.0017044881184895334
6301.0	15.0	1.0	0.0	0.0010611155192056865
6316.0	15.0	1.0	0.0	0.0004343566894530667
6331.0	15.0	1.0	0.0	0.00014980265299475502
6346.0	15.0	1.0	0.0	7.135416666666667e-05
6361.0	15.0	1.0	0.0	4.1579182942708335e-05
6376.0	15.0	1.0	0.0	2.5063069661458334e-05
6391.0	15.0	1.0	0.0	1.6389973958333334e-05
6406.0	15.0	1.0	0.0	1.4965820312500002e-05
6421.0	15.0	1.0	0.0	9.23048257827759e-06
6436.0	15.0	1.0	0.0	7.212680578231812e-06
6451.0	15.0	1.0	0.0	5.848604440689087e-06
6466.0	15.0	1.0	0.0	5.93214233716329e-06
6481.0	15.0	1.0	0.0	4.279301563898722e-06
6496.0	15.0	1.0	0.0	3.665558497111003e-06
6511.0	15.0	1.0	0.0	1.9437384605406405e-05
6526.0	15.0	1.0	0.0	0.00015586354335145281
6541.0	15.0	1.0	0.0	0.00045191639264419343
6556.0	15.0	1.0	0.0	0.00023598963419590663
6571.0	15.0	1.0	0.0	0.0006730165481566867
6586.0	15.0	1.0	0.0	0.002775052388509067
6601.0	15.0	1.0	0.0	0.0026468861897786062
6616.0	15.0	1.0	0.0	0.002608059692382767
6631.0	15.0	1.0	0.0	0.00116274820963538
6646.0	15.0	1.0	0.0	0.00065411478678382
6661.0	15.0	1.0	0.0	0.0003163157145181867
6676.0	15.0	1.0	0.0	0.00018141581217442665
6691.0	15.0	1.0	0.0	0.00011455078124995582
6706.0	15.0	1.0	0.0	7.96234130859375e-05
6721.0	15.0	1.0	0.0	4.63470458984375e-05
6736.0	15.0	1.0	0.0	2.7101643880208333e-05
6751.0	15.0	1.0	0.0	1.777140299479166e-05
6766.0	15.0	1.0	0.0	1.1992390950520832e-05
6781.0	15.0	1.0	0.0	8.92354299624761e-06
6796.0	15.0	1.0	0.0	8.639340102672577e-06
6811.0	15.0	1.0	0.0	7.529140512148539e-06
6826.0	15.0	1.0	0.0	5.994160970052085e-06
6841.0	15.0	1.0	0.0	1.1799492438634237e-05
6856.0	15.0	1.0	0.0	5.448561509449467e-05
6871.0	15.0	1.0	0.0	2.0392537117004394e-05
6886.0	15.0	1.0	0.0	2.833133538564046e-05
6901.0	15.0	1.0	0.0	0.0002959448655446166
6916.0	15.0	1.0	0.0	0.00047875235875442004
6931.0	15.0	1.0	0.0	0.0014019327799478668
6946.0	15.0	1.0	0.0	0.0016240880330403132
6961.0	15.0	1.0	0.0	0.0014212674458821063
6976.0	15.0	1.0	0.0	0.0019672571818033337
6991.0	15.0	1.0	0.0	0.00114117889404292
7006.0	15.0	1.0	0.0	0.0011016204833983933
7021.0	15.0	1.0	0.0	0.0008902547200520401
7036.0	15.0	1.0	0.0	0.00049769999186194
7051.0	15.0	1.0	0.0	0.00020345865885412664
7066.0	15.0	1.0	0.0	0.00012938130696612
7081.0	15.0	1.0	0.0	9.774373372393251e-05
7096.0	15.0	1.0	0.0	5.6134033203125e-05
7111.0	15.0	1.0	0.0	3.300069173177083e-05
7126.0	15.0	1.0	0.0	1.9827270507812498e-05
7141.0	15.0	1.0	0.0	1.2419503927230835e-05
7156.0	15.0	1.0	0.0	1.0830144087473552e-05
7171.0	15.0	1.0	0.0	7.674401998519899e-06
7186.0	15.0	1.0	0.0	6.641823053359986e-06
7201.0	15.0	1.0	0.0	5.30275305112203e-06
7216.0	15.0	1.0	0.0	4.360393683115641e-06
7231.0	15.0	1.0	0.0	2.690294186274211e-05
7246.0	15.0	1.0	0.0	4.6027020613352454e-05
7261.0	15.0	1.0	0.0	7.973803679146164e-05
7276.0	15.0	1.0	0.0	0.00042939686775202694
7291.0	15.0	1.0	0.0	0.0013480106989542065
7306.0	15.0	1.0	0.0	0.0029296234130858864
7321.0	15.0	1.0	0.0	0.0028252426147460465
7336.0	15.0	1.0	0.0	0.0018791219075520401
7351.0	15.0	1.0	0.0	0.0021979848225911133
7366.0	15.0	1.0	0.0	0.0010548238118489068
7381.0	15.0	1.0	0.0	0.00043866882324214
7396.0	15.0	1.0	0.0	0.00022504374186192667
7411.0	15.0	1.0	0.0	0.00012509460449214166
7426.0	15.0	1.0	0.0	7.880350748697917e-05
7441.0	15.0	1.0	0.0	7.244364420572916e-05
7456.0	15.0	1.0	0.0	5.2796427408854166e-05
7471.0	15.0	1.0	0.0	3.623453776041667e-05
7486.0	15.0	1.0	0.0	2.5043741861979166e-05
7501.0	15.0	1.0	0.0	3.731079101562416e-05
7516.0	15.0	1.0	0.0	8.020795583723151e-05
7531.0	15.0	1.0	0.0	1.7061249415079754e-05
7546.0	15.0	1.0	0.0	1.2431482474009195e-05
7561.0	15.0	1.0	0.0	2.8136857350667318e-05
7576.0	15.0	1.0	0.0	6.960643927255343e-05
7591.0	15.0	1.0	0.0	0.0002818324883778333
7606.0	15.0	1.0	0.0	0.00015764392216995334
7621.0	15.0	1.0	0.0	0.0003911328633625733
7636.0	15.0	1.0	0.0	0.00101105384826654
7651.0	15.0	1.0	0.0	0.00199816055297846
7666.0	15.0	1.0	0.0	0.0017962717692056867
7681.0	15.0	1.0	0.0	0.0009092442830403132
7696.0	15.0	1.0	0.0	0.0009384908040364133
7711.0	15.0	1.0	0.0	0.0006977935791015199
7726.0	15.0	1.0	0.0	0.0004949824015299
7741.0	15.0	1.0	0.0	0.00047627258300777343
7756.0	15.0	1.0	0.0	0.00035079345703120673
7771.0	15.0	1.0	0.0	0.00019647216796870662
7786.0	15.0	1.0	0.0	0.0001159515380859075
7801.0	15.0	1.0	0.0	6.83990478515625e-05
7816.0	15.0	1.0	0.0	4.036153157552084e-05
7831.0	15.0	1.0	0.0	2.3846435546875e-05
7846.0	15.0	1.0	0.0	1.6456095377604167e-05
7861.0	15.0	1.0	0.0	1.1801147460937501e-05
7876.0	15.0	1.0	0.0	8.390342940886815e-06
7891.0	15.0	1.0	0.0	6.281299640734989e-06
7906.0	15.0	1.0	0.0	9.575779239336652e-06
7921.0	15.0	1.0	0.0	9.45821205774943e-06
7936.0	15.0	1.0	0.0	1.0921937227249145e-05
7951.0	15.0	1.0	0.0	4.237174987792968e-06
7966.0	15.0	1.0	0.0	7.742464542388916e-06
7981.0	15.0	1.0	0.0	2.9783276716868087e-05
7996.0	15.0	1.0	0.0	0.000222028613090467
8011.0	15.0	1.0	0.0	0.0003744152704874133
8026.0	15.0	1.0	0.0	0.00041126492818192
8041.0	15.0	1.0	0.0	0.0013597713470458398
8056.0	15.0	1.0	0.0	0.0017999176025389934
8071.0	15.0	1.0	0.0	0.0016674336751301734
8086.0	15.0	1.0	0.0	0.0013164703369140268
8101.0	15.0	1.0	0.0	0.0013665384928384869
8116.0	15.0	1.0	0.0	0.00174940287272132
8131.0	15.0	1.0	0.0	0.0005760620117187066
8146.0	15.0	1.0	0.0	0.00037567240397131334
8161.0	15.0	1.0	0.0	0.00036474405924474004
8176.0	15.0	1.0	0.0	0.00022439575195307333
8191.0	15.0	1.0	0.0	0.00013784790039057332
8206.0	15.0	1.0	0.0	7.128804524739584e-05
8221.0	15.0	1.0	0.0	3.911234537760417e-05
8236.0	15.0	1.0	0.0	2.3899417618910474e-05
8251.0	15.0	1.0	0.0	2.0939050614833827e-05
8266.0	15.0	1.0	0.0	1.4447760581970215e-05
8281.0	15.0	1.0	0.0	1.1185491085052493e-05
8296.0	15.0	1.0	0.0	1.3156008720397948e-05
8311.0	15.0	1.0	0.0	8.3551287651062e-06
8326.0	15.0	1.0	0.0	4.962476094563718e-05
8341.0	15.0	1.0	0.0	6.0804160435983545e-05
8356.0	15.0	1.0	0.0	0.00010000410079953852
8371.0	15.0	1.0	0.0	0.0002905229250589674
8386.0	15.0	1.0	0.0	0.00071794745127356
8401.0	15.0	1.0	0.0	0.0019836859385172
8416.0	15.0	1.0	0.0	0.0018371452331542534
8431.0	15.0	1.0	0.0	0.0010979634602864133
8446.0	15.0	1.0	0.0	0.0007832702636718334
8461.0	15.0	1.0	0.0	0.0015240376790364128
8476.0	15.0	1.0	0.0	0.0006837112426757333
8491.0	15.0	1.0	0.0	0.0005105377197265201
8506.0	15.0	1.0	0.0	0.00036702779134110004
8521.0	15.0	1.0	0.0	0.00026815999348954006
8536.0	15.0	1.0	0.0	0.00019023742675778
8551.0	15.0	1.0	0.0	0.00011939392089841167
8566.0	15.0	1.0	0.0	7.013041178385417e-05
8581.0	15.0	1.0	0.0	3.8941446940104174e-05
8596.0	15.0	1.0	0.0	2.3012288411458337e-05
8611.0	15.0	1.0	0.0	1.5391575296719868e-05
8626.0	15.0	1.0	0.0	1.0722179214159648e-05
8641.0	15.0	1.0	0.0	7.97479550043742e-06
8656.0	15.0	1.0	0.0	6.324674685796102e-06
8671.0	15.0	1.0	0.0	6.957749525705973e-06
8686.0	15.0	1.0	0.0	1.516555150349935e-05
8701.0	15.0	1.0	0.0	4.5321393012996444e-05
8716.0	15.0	1.0	0.0	6.0223714510594865e-05
8731.0	15.0	1.0	0.0	0.00016410395304358486
8746.0	15.0	1.0	0.0	0.0004219208717345867
8761.0	15.0	1.0	0.0	0.0005538452784219801
8776.0	15.0	1.0	0.0	0.00045329259236648003
8791.0	15.0	1.0	0.0	0.0003245356241861533
8806.0	15.0	1.0	0.0	0.00047518577575678003
8821.0	15.0	1.0	0.0	0.0009713752746581533
8836.0	15.0	1.0	0.0	0.00057998962402338
8851.0	15.0	1.0	0.0	0.000603476969401
8866.0	15.0	1.0	0.0	0.0006734883626301533
8881.0	15.0	1.0	0.0	0.0003026138305663467
8896.0	15.0	1.0	0.0	0.00016086985270177332
8911.0	15.0	1.0	0.0	0.00010142618815101083
8926.0	15.0	1.0	0.0	5.174204508463541e-05
8941.0	15.0	1.0	0.0	2.9232279459635413e-05
8956.0	15.0	1.0	0.0	1.8417358398437504e-05
8971.0	15.0	1.0	0.0	1.2573082248369854e-05
8986.0	15.0	1.0	0.0	8.944305777549744e-06
9001.0	15.0	1.0	0.0	6.683991352717082e-06
9016.0	15.0	1.0	0.0	5.412129561106364e-06
9031.0	15.0	1.0	0.0	4.492841164271036e-06
9046.0	15.0	1.0	0.0	1.0213156541188558e-05
9061.0	15.0	1.0	0.0	4.509910742441423e-05
9076.0	15.0	1.0	0.0	2.8837132453918458e-05
9091.0	15.0	1.0	0.0	8.377622763313611e-05
9106.0	15.0	1.0	0.0	0.00022937579154963997
9121.0	15.0	1.0	0.0	0.0004810402552286267
9136.0	15.0	1.0	0.0	0.0006032719294229733
9151.0	15.0	1.0	0.0	0.0005444169362385666
9166.0	15.0	1.0	0.0	0.0008504444122313867
9181.0	15.0	1.0	0.0	0.00065249786376948
9196.0	15.0	1.0	0.0	0.0005161399841308067
9211.0	15.0	1.0	0.0	0.00041130650838210666
9226.0	15.0	1.0	0.0	0.0002534311930338133
9241.0	15.0	1.0	0.0	0.00022072245279942663
9256.0	15.0	1.0	0.0	0.0001763198852538533
9271.0	15.0	1.0	0.0	9.295196533201541e-05
9286.0	15.0	1.0	0.0	5.3809102376302076e-05
9301.0	15.0	1.0	0.0	3.0987548828125e-05
9316.0	15.0	1.0	0.0	3.508758544921875e-05
9331.0	15.0	1.0	0.0	1.5343826264142988e-05
9346.0	15.0	1.0	0.0	1.1207135270039242e-05
9361.0	15.0	1.0	0.0	8.293800552686054e-06
9376.0	15.0	1.0	0.0	6.453830003738402e-06
9391.0	15.0	1.0	0.0	5.241747697194418e-06
9406.0	15.0	1.0	0.0	6.490715344746907e-06
9421.0	15.0	1.0	0.0	7.500723997751871e-06
9436.0	15.0	1.0	0.0	3.0096065998074716e-05
9451.0	15.0	1.0	0.0	2.007913589477539e-05
9466.0	15.0	1.0	0.0	0.00031613736152643333
9481.0	15.0	1.0	0.0	0.00023855730692541333
9496.0	15.0	1.0	0.0	0.0013251235326130664
9511.0	15.0	1.0	0.0	0.0012278906504312535
9526.0	15.0	1.0	0.0	0.0007026100158690934
9541.0	15.0	1.0	0.0	0.0003627123514810733
9556.0	15.0	1.0	0.0	0.00048374481201166666
9571.0	15.0	1.0	0.0	0.0013996571858723465
9586.0	15.0	1.0	0.0	0.0023884521484374673
9601.0	15.0	1.0	0.0	0.0016616271972655868
9616.0	15.0	1.0	0.0	0.00040669453938797995
9631.0	15.0	1.0	0.0	0.0001974721272786
9646.0	15.0	1.0	0.0	8.995361328123501e-05
9661.0	15.0	1.0	0.0	5.0828043619791666e-05
9676.0	15.0	1.0	0.0	3.0307006835937496e-05
9691.0	15.0	1.0	0.0	1.996256510416667e-05
9706.0	15.0	1.0	0.0	1.3348283370335899e-05
9721.0	15.0	1.0	0.0	9.621759255727134e-06
9736.0	15.0	1.0	0.0	7.389612992604574e-06
9751.0	15.0	1.0	0.0	5.846508344014486e-06
9766.0	15.0	1.0	0.0	1.2342319885889688e-05
9781.0	15.0	1.0	0.0	7.422347863515217e-06
9796.0	15.0	1.0	0.0	2.728491226832072e-05
9811.0	15.0	1.0	0.0	5.6191960970554356e-05
9826.0	15.0	1.0	0.0	5.109826723734538e-05
9841.0	15.0	1.0	0.0	0.0003761589686075266
9856.0	15.0	1.0	0.0	0.0009166806538899267
9871.0	15.0	1.0	0.0	0.003282091395060167
9886.0	15.0	1.0	0.0	0.0023921915690103875
9901.0	15.0	1.0	0.0	0.0009991526285806935
9916.0	15.0	1.0	0.0	0.0007769231160481401
9931.0	15.0	1.0	0.0	0.0023934336344400464
9946.0	15.0	1.0	0.0	0.002448087565104113
9961.0	15.0	1.0	0.0	0.0019853729248046534
9976.0	15.0	1.0	0.0	0.0006496775309244266
9991.0	15.0	1.0	0.0	0.0002532073974609134
10006.0	15.0	1.0	0.0	0.00011945190429684917
10021.0	15.0	1.0	0.0	5.799357096354167e-05
10036.0	15.0	1.0	0.0	3.19244384765625e-05
10051.0	15.0	1.0	0.0	1.94061279296875e-05
10066.0	15.0	1.0	0.0	1.3022706906000772e-05
10081.0	15.0	1.0	0.0	9.081252415974934e-06
10096.0	15.0	1.0	0.0	7.829906543095907e-06
10111.0	15.0	1.0	0.0	6.804682811101278e-06
10126.0	15.0	1.0	0.0	7.706385850906372e-06
10141.0	15.0	1.0	0.0	5.666267871856689e-06
10156.0	15.0	1.0	0.0	1.8683481216430663e-05
10171.0	15.0	1.0	0.0	0.00017422449986135766
10186.0	15.0	1.0	0.0	0.0008045760949452267
10201.0	15.0	1.0	0.0	0.00069686196645096
10216.0	15.0	1.0	0.0	0.0024049840291340665
10231.0	15.0	1.0	0.0	0.0016745399475097064
10246.0	15.0	1.0	0.0	0.0007504460652668799
10261.0	15.0	1.0	0.0	0.0010647404988606266
10276.0	15.0	1.0	0.0	0.0018849512736002266
10291.0	15.0	1.0	0.0	0.002509308878580687
10306.0	15.0	1.0	0.0	0.0021102294921874535
10321.0	15.0	1.0	0.0	0.00122597452799474
10336.0	15.0	1.0	0.0	0.0008439860026041266
10351.0	15.0	1.0	0.0	0.00036349080403639335
10366.0	15.0	1.0	0.0	0.00015630594889318002
10381.0	15.0	1.0	0.0	8.282165527342832e-05
10396.0	15.0	1.0	0.0	4.381306966145834e-05
10411.0	15.0	1.0	0.0	2.447306315104166e-05
10426.0	15.0	1.0	0.0	1.526615731418133e-05
10441.0	15.0	1.0	0.0	1.0213771338264147e-05
10456.0	15.0	1.0	0.0	7.3618908723195395e-06
10471.0	15.0	1.0	0.0	5.767875909805299e-06
10486.0	15.0	1.0	0.0	4.772170384724935e-06
10501.0	15.0	1.0	0.0	3.954211870829264e-06
10516.0	15.0	1.0	0.0	1.984322865803535e-05
10531.0	15.0	1.0	0.0	5.425486564635719e-05
10546.0	15.0	1.0	0.0	4.614880084991455e-05
10561.0	15.0	1.0	0.0	0.0005859626611073515
10576.0	15.0	1.0	0.0	0.0010100618998209131
10591.0	15.0	1.0	0.0	0.0021237223307291266
10606.0	15.0	1.0	0.0	0.00379121627807612
10621.0	15.0	1.0	0.0	0.00419505615234372
10636.0	15.0	1.0	0.0	0.0024690745035807
10651.0	15.0	1.0	0.0	0.0011652394612629666
10666.0	15.0	1.0	0.0	0.00040103556315099334
10681.0	15.0	1.0	0.0	0.00015119018554683334
10696.0	15.0	1.0	0.0	7.197163899739584e-05
10711.0	15.0	1.0	0.0	4.5800781250000004e-05
10726.0	15.0	1.0	0.0	3.773091634114583e-05
10741.0	15.0	1.0	0.0	2.873026529947917e-05
10756.0	15.0	1.0	0.0	2.0172119140625e-05
10771.0	15.0	1.0	0.0	1.4910888671875003e-05
10786.0	15.0	1.0	0.0	1.0479736328125e-05
10801.0	15.0	1.0	0.0	7.760529220104217e-06
10816.0	15.0	1.0	0.0	6.192959845066072e-06
10831.0	15.0	1.0	0.0	5.269394318262736e-06
10846.0	15.0	1.0	0.0	7.639882961908979e-06
10861.0	15.0	1.0	0.0	6.3983976840972894e-06
10876.0	15.0	1.0	0.0	5.8244784673055026e-06
10891.0	15.0	1.0	0.0	1.0389610131581622e-05
10906.0	15.0	1.0	0.0	8.616247574486874e-05
10921.0	15.0	1.0	0.0	6.263081232706523e-05
10936.0	15.0	1.0	0.0	0.0004022539456685013
10951.0	15.0	1.0	0.0	0.0011941473642984467
10966.0	15.0	1.0	0.0	0.0026272656758625796
10981.0	15.0	1.0	0.0	0.0026481196085611533
10996.0	15.0	1.0	0.0	0.0029455708821614205
11011.0	15.0	1.0	0.0	0.002326966349283807
11026.0	15.0	1.0	0.0	0.0009085215250650668
11041.0	15.0	1.0	0.0	0.0005238779703775601
11056.0	15.0	1.0	0.0	0.00021335144042966
11071.0	15.0	1.0	0.0	0.00011519063313798498
11086.0	15.0	1.0	0.0	7.586161295572917e-05
11101.0	15.0	1.0	0.0	6.071879069010417e-05
11116.0	15.0	1.0	0.0	4.661356608072916e-05
11131.0	15.0	1.0	0.0	3.0655924479166665e-05
11146.0	15.0	1.0	0.0	1.8876139322916668e-05
11161.0	15.0	1.0	0.0	1.331723506251971e-05
11176.0	15.0	1.0	0.0	9.172377238670985e-06
11191.0	15.0	1.0	0.0	6.9730252027511595e-06
11206.0	15.0	1.0	0.0	5.421364307403564e-06
11221.0	15.0	1.0	0.0	4.4499774773915606e-06
11236.0	15.0	1.0	0.0	3.778994083404541e-06
11251.0	15.0	1.0	0.0	3.358932336171468e-06
11266.0	15.0	1.0	0.0	0.00013380137284594836
11281.0	15.0	1.0	0.0	3.5315990447998055e-05
11296.0	15.0	1.0	0.0	0.00017786474227901195
11311.0	15.0	1.0	0.0	0.00017683483759557334
11326.0	15.0	1.0	0.0	0.0007086802164713133
11341.0	15.0	1.0	0.0	0.0008849205017089267
11356.0	15.0	1.0	0.0	0.0007056734720865401
11371.0	15.0	1.0	0.0	0.0004949607849120734
11386.0	15.0	1.0	0.0	0.0004336708068847066
11401.0	15.0	1.0	0.0	0.00100097885131832
11416.0	15.0	1.0	0.0	0.0003939910888671466
11431.0	15.0	1.0	0.0	0.00045978190104162004
11446.0	15.0	1.0	0.0	0.00025752410888667336
11461.0	15.0	1.0	0.0	0.00011898295084632708
11476.0	15.0	1.0	0.0	5.241953531901041e-05
11491.0	15.0	1.0	0.0	3.1204223632812506e-05
11506.0	15.0	1.0	0.0	1.767374674479167e-05
11521.0	15.0	1.0	0.0	1.1507670084635416e-05
11536.0	15.0	1.0	0.0	8.21319669485092e-06
11551.0	15.0	1.0	0.0	6.163535018761952e-06
11566.0	15.0	1.0	0.0	5.924344062805174e-06
11581.0	15.0	1.0	0.0	4.166191816329956e-06
11596.0	15.0	1.0	0.0	3.4738818804423014e-06
11611.0	15.0	1.0	0.0	1.1322003602981567e-05
11626.0	15.0	1.0	0.0	2.8266604741414385e-05
11641.0	15.0	1.0	0.0	0.00012412961324055011
11656.0	15.0	1.0	0.0	0.00021723961830132663
11671.0	15.0	1.0	0.0	0.00031667760213212
11686.0	15.0	1.0	0.0	0.0017454093297322
11701.0	15.0	1.0	0.0	0.002277403259277293
11716.0	15.0	1.0	0.0	0.0026477422078449997
11731.0	15.0	1.0	0.0	0.0026868682861327666
11746.0	15.0	1.0	0.0	0.0009584421793619334
11761.0	15.0	1.0	0.0	0.0007852305094400733
11776.0	15.0	1.0	0.0	0.0006190917968749467
11791.0	15.0	1.0	0.0	0.00023795166015619335
11806.0	15.0	1.0	0.0	0.00011244608561195084
11821.0	15.0	1.0	0.0	8.364562988280332e-05
11836.0	15.0	1.0	0.0	5.5498250325520826e-05
11851.0	15.0	1.0	0.0	3.08685302734375e-05
11866.0	15.0	1.0	0.0	1.9289143880208333e-05
11881.0	15.0	1.0	0.0	1.3232421875e-05
11896.0	15.0	1.0	0.0	9.501286347707111e-06
11911.0	15.0	1.0	0.0	7.068394621213278e-06
11926.0	15.0	1.0	0.0	5.5118411779403684e-06
11941.0	15.0	1.0	0.0	1.737868785858154e-05
11956.0	15.0	1.0	0.0	7.625033458072787e-05
11971.0	15.0	1.0	0.0	2.937541007995606e-05
11986.0	15.0	1.0	0.0	0.00014977819124855114
12001.0	15.0	1.0	0.0	0.00021642697652175748
12016.0	15.0	1.0	0.0	0.00020045013427727332
12031.0	15.0	1.0	0.0	0.00047110862731929333
12046.0	15.0	1.0	0.0	0.0010901580810546265
12061.0	15.0	1.0	0.0	0.002730235036214153
12076.0	15.0	1.0	0.0	0.0018340677897134867
12091.0	15.0	1.0	0.0	0.0026301951090494328
12106.0	15.0	1.0	0.0	0.0026820149739582868
12121.0	15.0	1.0	0.0	0.0014526265462239199
12136.0	15.0	1.0	0.0	0.00047203877766922663
12151.0	15.0	1.0	0.0	0.00026146341959632
12166.0	15.0	1.0	0.0	0.0002040852864583
12181.0	15.0	1.0	0.0	0.00015270284016923337
12196.0	15.0	1.0	0.0	8.617248535154582e-05
12211.0	15.0	1.0	0.0	3.833211263020833e-05
12226.0	15.0	1.0	0.0	2.0978800455729164e-05
12241.0	15.0	1.0	0.0	1.3219197591145834e-05
12256.0	15.0	1.0	0.0	9.15129358569781e-06
12271.0	15.0	1.0	0.0	6.7686162889003745e-06
12286.0	15.0	1.0	0.0	7.78482755025228e-06
12301.0	15.0	1.0	0.0	4.600663979848226e-06
12316.0	15.0	1.0	0.0	4.106936852137248e-06
12331.0	15.0	1.0	0.0	7.386790116626001e-05
12346.0	15.0	1.0	0.0	6.17186466852789e-05
12361.0	15.0	1.0	0.0	2.6098903020222983e-05
12376.0	15.0	1.0	0.0	2.0096333821614582e-05
12391.0	15.0	1.0	0.0	0.00034708758989966844
12406.0	15.0	1.0	0.0	0.0006188006083170199
12421.0	15.0	1.0	0.0	0.0013044053395588672
12436.0	15.0	1.0	0.0	0.00311390711466468
12451.0	15.0	1.0	0.0	0.00239433746337886
12466.0	15.0	1.0	0.0	0.0019271957397460529
12481.0	15.0	1.0	0.0	0.0012696889241535997
12496.0	15.0	1.0	0.0	0.0004508982340494334
12511.0	15.0	1.0	0.0	0.00032394307454422
12526.0	15.0	1.0	0.0	0.00028706054687496
12541.0	15.0	1.0	0.0	0.00014154357910151332
12556.0	15.0	1.0	0.0	7.003784179687501e-05
12571.0	15.0	1.0	0.0	3.5246785481770834e-05
12586.0	15.0	1.0	0.0	2.0189412434895836e-05
12601.0	15.0	1.0	0.0	1.3152058919270833e-05
12616.0	15.0	1.0	0.0	9.494018554687498e-06
12631.0	15.0	1.0	0.0	6.9704532623291025e-06
12646.0	15.0	1.0	0.0	5.491181214650471e-06
12661.0	15.0	1.0	0.0	4.418746630350749e-06
12676.0	15.0	1.0	0.0	3.6466121673583984e-06
12691.0	15.0	1.0	0.0	8.090108633041382e-06
12706.0	15.0	1.0	0.0	9.094670812288599e-05
12721.0	15.0	1.0	0.0	0.00033270943164821597
12736.0	15.0	1.0	0.0	0.0007115538914998
12751.0	15.0	1.0	0.0	0.003385869216918893
12766.0	15.0	1.0	0.0	0.0021626327514647865
12781.0	15.0	1.0	0.0	0.0015585240681965733
12796.0	15.0	1.0	0.0	0.0014025995890299065
12811.0	15.0	1.0	0.0	0.00225107320149736
12826.0	15.0	1.0	0.0	0.0026439219156900663
12841.0	15.0	1.0	0.0	0.0020406270345051532
12856.0	15.0	1.0	0.0	0.0010117513020832935
12871.0	15.0	1.0	0.0	0.0005816446940103732
12886.0	15.0	1.0	0.0	0.0003011840820312133
12901.0	15.0	1.0	0.0	0.00011665039062497336
12916.0	15.0	1.0	0.0	5.8371988932291655e-05
12931.0	15.0	1.0	0.0	3.4832763671875006e-05
12946.0	15.0	1.0	0.0	2.3089599609374998e-05
12961.0	15.0	1.0	0.0	2.4062093098958326e-05
12976.0	15.0	1.0	0.0	1.3403320312500003e-05
12991.0	15.0	1.0	0.0	1.0194628437360128e-05
13006.0	15.0	1.0	0.0	7.945885260899863e-06
13021.0	15.0	1.0	0.0	6.336006522178651e-06
13036.0	15.0	1.0	0.0	5.705642700195313e-06
13051.0	15.0	1.0	0.0	1.522104740142822e-05
13066.0	15.0	1.0	0.0	7.920630772908529e-06
13081.0	15.0	1.0	0.0	5.576899846393941e-05
13096.0	15.0	1.0	0.0	0.00024828475316362954
13111.0	15.0	1.0	0.0	0.0002909112612405934
13126.0	15.0	1.0	0.0	0.00032670841217036
13141.0	15.0	1.0	0.0	0.0004030953089395734
13156.0	15.0	1.0	0.0	0.0013583070119221603
13171.0	15.0	1.0	0.0	0.0023875094095865265
13186.0	15.0	1.0	0.0	0.001740246073404906
13201.0	15.0	1.0	0.0	0.00098518778483068
13216.0	15.0	1.0	0.0	0.0006647445678710466
13231.0	15.0	1.0	0.0	0.0007550837198892801
13246.0	15.0	1.0	0.0	0.0006464904785155865
13261.0	15.0	1.0	0.0	0.0004480183919270401
13276.0	15.0	1.0	0.0	0.00025647074381506
13291.0	15.0	1.0	0.0	0.00017691345214839997
13306.0	15.0	1.0	0.0	8.852844238279251e-05
13321.0	15.0	1.0	0.0	4.231669108072917e-05
13336.0	15.0	1.0	0.0	2.5841267903645837e-05
13351.0	15.0	1.0	0.0	1.7190844813982645e-05
13366.0	15.0	1.0	0.0	1.2037269274393715e-05
13381.0	15.0	1.0	0.0	9.319872657457987e-06
13396.0	15.0	1.0	0.0	7.339966297149658e-06
13411.0	15.0	1.0	0.0	5.862341324488322e-06
13426.0	15.0	1.0	0.0	4.932582378387449e-06
13441.0	15.0	1.0	0.0	3.420946995417277e-05
13456.0	15.0	1.0	0.0	0.0001945358276366913
13471.0	15.0	1.0	0.0	0.00034014835357660666
13486.0	15.0	1.0	0.0	0.0006477775573730066
13501.0	15.0	1.0	0.0	0.003837166849772073
13516.0	15.0	1.0	0.0	0.00302982635498042
13531.0	15.0	1.0	0.0	0.0019658315022786
13546.0	15.0	1.0	0.0	0.00161484680175776
13561.0	15.0	1.0	0.0	0.00165398254394526
13576.0	15.0	1.0	0.0	0.0013830434163410934
13591.0	15.0	1.0	0.0	0.0009290924072265199
13606.0	15.0	1.0	0.0	0.0003623046874999667
13621.0	15.0	1.0	0.0	0.0002080637613931867
13636.0	15.0	1.0	0.0	0.00014458109537755334
13651.0	15.0	1.0	0.0	7.480061848958334e-05
13666.0	15.0	1.0	0.0	4.3905639648437496e-05
13681.0	15.0	1.0	0.0	2.606913248697917e-05
13696.0	15.0	1.0	0.0	1.84722900390625e-05
13711.0	15.0	1.0	0.0	1.2403361002604168e-05
13726.0	15.0	1.0	0.0	9.04752711455027e-06
13741.0	15.0	1.0	0.0	6.7909528811772666e-06
13756.0	15.0	1.0	0.0	5.322001377741496e-06
13771.0	15.0	1.0	0.0	4.352972904841105e-06
13786.0	15.0	1.0	0.0	3.4485367933902725e-05
13801.0	15.0	1.0	0.0	8.542358875273003e-05
13816.0	15.0	1.0	0.0	7.244973182677156e-05
13831.0	15.0	1.0	0.0	0.0006074179013569735
13846.0	15.0	1.0	0.0	0.001792547225952093
13861.0	15.0	1.0	0.0	0.0031542442321776934
13876.0	15.0	1.0	0.0	0.0030672688802082936
13891.0	15.0	1.0	0.0	0.0022017252604166135
13906.0	15.0	1.0	0.0	0.0019458394368489001
13921.0	15.0	1.0	0.0	0.003875753784179647
13936.0	15.0	1.0	0.0	0.0031114552815754864
13951.0	15.0	1.0	0.0	0.002003224690755167
13966.0	15.0	1.0	0.0	0.0013786478678385066
13981.0	15.0	1.0	0.0	0.00146699625651038
13996.0	15.0	1.0	0.0	0.0005916076660155932
14011.0	15.0	1.0	0.0	0.0002943196614582933
14026.0	15.0	1.0	0.0	0.00011482543945310668
14041.0	15.0	1.0	0.0	5.2166748046874994e-05
14056.0	15.0	1.0	0.0	2.659912109375e-05
14071.0	15.0	1.0	0.0	1.7232259114583336e-05
14086.0	15.0	1.0	0.0	1.1907629668712615e-05
14101.0	15.0	1.0	0.0	8.590007325013477e-06
14116.0	15.0	1.0	0.0	6.657788157463074e-06
14131.0	15.0	1.0	0.0	6.749286254247031e-06
14146.0	15.0	1.0	0.0	4.5337458451588946e-06
14161.0	15.0	1.0	0.0	7.3116123676300046e-06
14176.0	15.0	1.0	0.0	0.00012429486115771634
14191.0	15.0	1.0	0.0	0.00026662022272742
14206.0	15.0	1.0	0.0	0.0005029485066731268
14221.0	15.0	1.0	0.0	0.00104624284108474
14236.0	15.0	1.0	0.0	0.0020382223765054936
14251.0	15.0	1.0	0.0	0.00288278096516922
14266.0	15.0	1.0	0.0	0.0023116338094075067
14281.0	15.0	1.0	0.0	0.0014973571777343261
14296.0	15.0	1.0	0.0	0.002289037068684854
14311.0	15.0	1.0	0.0	0.0020989145914713137
14326.0	15.0	1.0	0.0	0.0013106669108072669
14341.0	15.0	1.0	0.0	0.0010396341959634933
14356.0	15.0	1.0	0.0	0.0004527303059895467
14371.0	15.0	1.0	0.0	0.00017883911132808
14386.0	15.0	1.0	0.0	8.318074544270167e-05
14401.0	15.0	1.0	0.0	5.198771158854166e-05
14416.0	15.0	1.0	0.0	3.630167643229167e-05
14431.0	15.0	1.0	0.0	2.372639973958333e-05
14446.0	15.0	1.0	0.0	1.539132495721181e-05
14461.0	15.0	1.0	0.0	1.0566956798235576e-05
14476.0	15.0	1.0	0.0	7.774068911870322e-06
14491.0	15.0	1.0	0.0	6.656235456466675e-06
14506.0	15.0	1.0	0.0	5.786039431889852e-06
14521.0	15.0	1.0	0.0	0.00014476850430168768
14536.0	15.0	1.0	0.0	0.0001843940258025708
14551.0	15.0	1.0	0.0	0.00021556930541987335
14566.0	15.0	1.0	0.0	0.00024881540934239336
14581.0	15.0	1.0	0.0	0.0024525477727253735
14596.0	15.0	1.0	0.0	0.0015586026509602333
14611.0	15.0	1.0	0.0	0.0007440933227538533
14626.0	15.0	1.0	0.0	0.0013403386433918738
14641.0	15.0	1.0	0.0	0.0013720713297525533
14656.0	15.0	1.0	0.0	0.00144404754638668
14671.0	15.0	1.0	0.0	0.0014058258056640267
14686.0	15.0	1.0	0.0	0.0011591156005859
14701.0	15.0	1.0	0.0	0.0003949584960937133
14716.0	15.0	1.0	0.0	0.00019320882161452004
14731.0	15.0	1.0	0.0	0.00018125813802079995
14746.0	15.0	1.0	0.0	0.00011845397949215499
14761.0	15.0	1.0	0.0	6.340230305989585e-05
14776.0	15.0	1.0	0.0	3.895263671874999e-05
14791.0	15.0	1.0	0.0	2.5050862630208332e-05
14806.0	15.0	1.0	0.0	1.6902669270833335e-05
14821.0	15.0	1.0	0.0	1.1606477697690329e-05
14836.0	15.0	1.0	0.0	8.262951175371805e-06
14851.0	15.0	1.0	0.0	7.024975617726645e-06
14866.0	15.0	1.0	0.0	5.241052309672038e-06
14881.0	15.0	1.0	0.0	4.540055990219116e-06
14896.0	15.0	1.0	0.0	8.920904000600178e-06
14911.0	15.0	1.0	0.0	2.1914541721343992e-05
14926.0	15.0	1.0	0.0	9.800656239189805e-05
14941.0	15.0	1.0	0.0	0.0003455035845438
14956.0	15.0	1.0	0.0	0.0017962204615274667
14971.0	15.0	1.0	0.0	0.002643053944905567
14986.0	15.0	1.0	0.0	0.00085107320149734
15001.0	15.0	1.0	0.0	0.001399144999186153
15016.0	15.0	1.0	0.0	0.0015338551839192266
15031.0	15.0	1.0	0.0	0.0013050659179687065
15046.0	15.0	1.0	0.0	0.0004853993733723533
15061.0	15.0	1.0	0.0	0.00019128519694006665
15076.0	15.0	1.0	0.0	0.00011162618001298334
15091.0	15.0	1.0	0.0	8.62213134765625e-05
15106.0	15.0	1.0	0.0	5.0816853841145834e-05
15121.0	15.0	1.0	0.0	2.9789225260416662e-05
15136.0	15.0	1.0	0.0	1.875813802083333e-05
15151.0	15.0	1.0	0.0	1.21490478515625e-05
15166.0	15.0	1.0	0.0	8.33740234375e-06
15181.0	15.0	1.0	0.0	6.381623446941376e-06
15196.0	15.0	1.0	0.0	5.206006268660227e-06
15211.0	15.0	1.0	0.0	4.055089751879374e-06
15226.0	15.0	1.0	0.0	3.5336186488469434e-06
15241.0	15.0	1.0	0.0	2.1043986082074127e-05
15256.0	15.0	1.0	0.0	0.00018978454271947447
15271.0	15.0	1.0	0.0	0.000334515396753913
15286.0	15.0	1.0	0.0	0.0005876659393310067
15301.0	15.0	1.0	0.0	0.0010706867218017067
15316.0	15.0	1.0	0.0	0.0024461527506509937
15331.0	15.0	1.0	0.0	0.0013824895222981333
15346.0	15.0	1.0	0.0	0.0007703689575194933
15361.0	15.0	1.0	0.0	0.00048230895996089336
15376.0	15.0	1.0	0.0	0.00071687571207678
15391.0	15.0	1.0	0.0	0.0014794581095377067
15406.0	15.0	1.0	0.0	0.0016765706380207934
15421.0	15.0	1.0	0.0	0.0017381968180338132
15436.0	15.0	1.0	0.0	0.0006717447916666199
15451.0	15.0	1.0	0.0	0.0006197133382161066
15466.0	15.0	1.0	0.0	0.0003563171386718334
15481.0	15.0	1.0	0.0	0.00022076619466141332
15496.0	15.0	1.0	0.0	0.00011582336425778251
15511.0	15.0	1.0	0.0	5.8730061848958336e-05
15526.0	15.0	1.0	0.0	3.2508341471354164e-05
15541.0	15.0	1.0	0.0	2.0812654495239255e-05
15556.0	15.0	1.0	0.0	1.4417133728663127e-05
15571.0	15.0	1.0	0.0	1.0703174273173016e-05
15586.0	15.0	1.0	0.0	7.809879382451377e-06
15601.0	15.0	1.0	0.0	6.107040246327717e-06
15616.0	15.0	1.0	0.0	8.674335479736329e-06
15631.0	15.0	1.0	0.0	1.0251645247141519e-05
15646.0	15.0	1.0	0.0	6.322888533274331e-06
15661.0	15.0	1.0	0.0	2.305586338043213e-05
15676.0	15.0	1.0	0.0	0.00012874647776282917
15691.0	15.0	1.0	0.0	3.8926792144775386e-05
15706.0	15.0	1.0	0.0	0.00036732072830195615
15721.0	15.0	1.0	0.0	0.0002182696660359267
15736.0	15.0	1.0	0.0	0.00027911605834956665
15751.0	15.0	1.0	0.0	0.0007810648600259934
15766.0	15.0	1.0	0.0	0.0016636610666910334
15781.0	15.0	1.0	0.0	0.0011980369567870601
15796.0	15.0	1.0	0.0	0.0006294891357421332
15811.0	15.0	1.0	0.0	0.0005803146362304199
15826.0	15.0	1.0	0.0	0.00032797546386713333
15841.0	15.0	1.0	0.0	0.00020812886555984667
15856.0	15.0	1.0	0.0	9.964090983070458e-05
15871.0	15.0	1.0	0.0	5.281829833984376e-05
15886.0	15.0	1.0	0.0	3.0075581868489585e-05
15901.0	15.0	1.0	0.0	1.8404134114583336e-05
15916.0	15.0	1.0	0.0	1.2594224015871684e-05
15931.0	15.0	1.0	0.0	8.965868751207989e-06
15946.0	15.0	1.0	0.0	6.798132260640464e-06
15961.0	15.0	1.0	0.0	1.4630889892578123e-05
15976.0	15.0	1.0	0.0	2.117642561594043e-05
15991.0	15.0	1.0	0.0	4.691286484400432e-05
16006.0	15.0	1.0	0.0	0.00013908362388608607
16021.0	15.0	1.0	0.0	4.296124776204428e-05
16036.0	15.0	1.0	0.0	6.09027862548828e-05
16051.0	15.0	1.0	0.0	5.866193771362304e-05
16066.0	15.0	1.0	0.0	8.968893686929219e-05
16081.0	15.0	1.0	0.0	0.0002916236877441
16096.0	15.0	1.0	0.0	0.00023387883504227334
16111.0	15.0	1.0	0.0	0.00016796340942377332
16126.0	15.0	1.0	0.0	0.00014164975484206666
16141.0	15.0	1.0	0.0	0.0003852940877278
16156.0	15.0	1.0	0.0	0.0004624654134114065
16171.0	15.0	1.0	0.0	0.0002320897420247
16186.0	15.0	1.0	0.0	0.00012363917032871897
16201.0	15.0	1.0	0.0	7.220586140950521e-05
16216.0	15.0	1.0	0.0	4.043629964192709e-05
16231.0	15.0	1.0	0.0	2.590179443359376e-05
16246.0	15.0	1.0	0.0	1.6311136881510416e-05
16261.0	15.0	1.0	0.0	1.1147562662760415e-05
16276.0	15.0	1.0	0.0	8.102713773647944e-06
16291.0	15.0	1.0	0.0	6.104184438784916e-06
16306.0	15.0	1.0	0.0	4.916457335154214e-06
16321.0	15.0	1.0	0.0	4.7870953877766926e-06
16336.0	15.0	1.0	0.0	4.548276662825971e-05
16351.0	15.0	1.0	0.0	8.630009492238362e-06
16366.0	15.0	1.0	0.0	5.984969139098826e-05
16381.0	15.0	1.0	0.0	0.00031995506286616005
16396.0	15.0	1.0	0.0	0.0006151415824889532
16411.0	15.0	1.0	0.0	0.0027208778381347136
16426.0	15.0	1.0	0.0	0.0021896036783853735
16441.0	15.0	1.0	0.0	0.0025170313517252135
16456.0	15.0	1.0	0.0	0.0019058024088541268
16471.0	15.0	1.0	0.0	0.002475151570637973
16486.0	15.0	1.0	0.0	0.0026731811523437133
16501.0	15.0	1.0	0.0	0.0034616607666015198
16516.0	15.0	1.0	0.0	0.002021183268229133
16531.0	15.0	1.0	0.0	0.00099024251302078
16546.0	15.0	1.0	0.0	0.0006357889811197601
16561.0	15.0	1.0	0.0	0.0002063252766926733
16576.0	15.0	1.0	0.0	7.916056315103668e-05
16591.0	15.0	1.0	0.0	4.048461914062499e-05
16606.0	15.0	1.0	0.0	2.4383544921874998e-05
16621.0	15.0	1.0	0.0	1.5649414062499998e-05
16636.0	15.0	1.0	0.0	1.073934535185496e-05
16651.0	15.0	1.0	0.0	7.83765415350596e-06
16666.0	15.0	1.0	0.0	5.867374936739604e-06
16681.0	15.0	1.0	0.0	4.593407114346821e-06
16696.0	15.0	1.0	0.0	4.456698894500732e-06
16711.0	15.0	1.0	0.0	7.071890433629353e-06
16726.0	15.0	1.0	0.0	6.93501889705586e-05
16741.0	15.0	1.0	0.0	0.00010981785456337268
16756.0	15.0	1.0	0.0	0.00039884271621698665
16771.0	15.0	1.0	0.0	0.00043475271860752673
16786.0	15.0	1.0	0.0	0.0005236377716063866
16801.0	15.0	1.0	0.0	0.0011106602986653202
16816.0	15.0	1.0	0.0	0.00221751530965164
16831.0	15.0	1.0	0.0	0.0018498667399088136
16846.0	15.0	1.0	0.0	0.0008640589396158399
16861.0	15.0	1.0	0.0	0.0005373519897460533
16876.0	15.0	1.0	0.0	0.00044370320638015335
16891.0	15.0	1.0	0.0	0.00045401814778639997
16906.0	15.0	1.0	0.0	0.0006375447591145334
16921.0	15.0	1.0	0.0	0.00044535624186192664
16936.0	15.0	1.0	0.0	0.0002312591552733867
16951.0	15.0	1.0	0.0	9.51792399088325e-05
16966.0	15.0	1.0	0.0	4.87213134765625e-05
16981.0	15.0	1.0	0.0	2.9551188151041665e-05
16996.0	15.0	1.0	0.0	1.8743896484375e-05
17011.0	15.0	1.0	0.0	1.6074570020039876e-05
17026.0	15.0	1.0	0.0	1.0937674840291343e-05
17041.0	15.0	1.0	0.0	1.0468773047129313e-05
17056.0	15.0	1.0	0.0	7.05803632736206e-06
17071.0	15.0	1.0	0.0	1.2987522284189861e-05
17086.0	15.0	1.0	0.0	4.3206846714015334e-05
17101.0	15.0	1.0	0.0	2.559176286061604e-05
17116.0	15.0	1.0	0.0	0.00011925435860948861
17131.0	15.0	1.0	0.0	0.00012523185412084166
17146.0	15.0	1.0	0.0	0.00028367996215813995
17161.0	15.0	1.0	0.0	0.0005072593053181534
17176.0	15.0	1.0	0.0	0.0016811885833739734
17191.0	15.0	1.0	0.0	0.003283005777994746
17206.0	15.0	1.0	0.0	0.00183086598714188
17221.0	15.0	1.0	0.0	0.0012328557332356399
17236.0	15.0	1.0	0.0	0.00222784932454422
17251.0	15.0	1.0	0.0	0.0019857126871744334
17266.0	15.0	1.0	0.0	0.0006501342773437066
17281.0	15.0	1.0	0.0	0.00023405863444006666
17296.0	15.0	1.0	0.0	9.240824381509165e-05
17311.0	15.0	1.0	0.0	4.6801757812499995e-05
17326.0	15.0	1.0	0.0	2.7982584635416665e-05
17341.0	15.0	1.0	0.0	1.9173177083333333e-05
17356.0	15.0	1.0	0.0	1.4618937174479168e-05
17371.0	15.0	1.0	0.0	9.648432582616805e-06
17386.0	15.0	1.0	0.0	7.300168027480443e-06
17401.0	15.0	1.0	0.0	5.706129471460979e-06
17416.0	15.0	1.0	0.0	4.7052363554636634e-06
17431.0	15.0	1.0	0.0	2.1260861555735272e-05
17446.0	15.0	1.0	0.0	8.42609167098903e-05
17461.0	15.0	1.0	0.0	0.00010544280211127589
17476.0	15.0	1.0	0.0	0.00026687243779498747
17491.0	15.0	1.0	0.0	0.00058728793462112
17506.0	15.0	1.0	0.0	0.0011298631032307402
17521.0	15.0	1.0	0.0	0.0011894989013671268
17536.0	15.0	1.0	0.0	0.00266109873453772
17551.0	15.0	1.0	0.0	0.003046880594889266
17566.0	15.0	1.0	0.0	0.0030910756429035997
17581.0	15.0	1.0	0.0	0.0023949666341145396
17596.0	15.0	1.0	0.0	0.0013781962076822468
17611.0	15.0	1.0	0.0	0.0004592458089192266
17626.0	15.0	1.0	0.0	0.00024314473470047997
17641.0	15.0	1.0	0.0	0.00023090718587235332
17656.0	15.0	1.0	0.0	0.0001297973632812
17671.0	15.0	1.0	0.0	8.30525716145825e-05
17686.0	15.0	1.0	0.0	5.199991861979166e-05
17701.0	15.0	1.0	0.0	3.0255126953125e-05
17716.0	15.0	1.0	0.0	1.9248453776041664e-05
17731.0	15.0	1.0	0.0	1.2700799480080603e-05
17746.0	15.0	1.0	0.0	8.999940380454063e-06
17761.0	15.0	1.0	0.0	7.009754578272501e-06
17776.0	15.0	1.0	0.0	9.634854396184286e-06
17791.0	15.0	1.0	0.0	5.250894625981252e-05
17806.0	15.0	1.0	0.0	1.3891092936197917e-05
17821.0	15.0	1.0	0.0	2.433444658915202e-05
17836.0	15.0	1.0	0.0	2.4049631754557294e-05
17851.0	15.0	1.0	0.0	0.00015363618532811274
17866.0	15.0	1.0	0.0	7.598063151041666e-05
17881.0	15.0	1.0	0.0	0.000494069385528513
17896.0	15.0	1.0	0.0	0.0009683589935302265
17911.0	15.0	1.0	0.0	0.0009615331013997
17926.0	15.0	1.0	0.0	0.0025024754842122
17941.0	15.0	1.0	0.0	0.0035189692179361603
17956.0	15.0	1.0	0.0	0.0017511291503905734
17971.0	15.0	1.0	0.0	0.0005671468098957934
17986.0	15.0	1.0	0.0	0.0005223225911458067
18001.0	15.0	1.0	0.0	0.0003601847330728866
18016.0	15.0	1.0	0.0	0.0002449991861978667
18031.0	15.0	1.0	0.0	0.00011004231770830248
18046.0	15.0	1.0	0.0	4.4912719726562493e-05
18061.0	15.0	1.0	0.0	2.439473470052084e-05
18076.0	15.0	1.0	0.0	1.662495930989583e-05
18091.0	15.0	1.0	0.0	1.1131795247395836e-05
18106.0	15.0	1.0	0.0	9.586027761300404e-06
18121.0	15.0	1.0	0.0	7.0186252395311996e-06
18136.0	15.0	1.0	0.0	5.807392795880638e-06
18151.0	15.0	1.0	0.0	4.793572425842286e-06
18166.0	15.0	1.0	0.0	3.287086884180116e-05
18181.0	15.0	1.0	0.0	5.883495410282175e-05
18196.0	15.0	1.0	0.0	0.00010347870190936638
18211.0	15.0	1.0	0.0	4.486398696899414e-05
18226.0	15.0	1.0	0.0	0.00011038150787351374
18241.0	15.0	1.0	0.0	0.0003549098968505401
18256.0	7.0	1.0	0.0	0.0011364183425902716
