stress_period	sp_length	time_step	study (0 : TS or 1 : SS)	rech
0.0	1.0	1.0	1.0	0.0007526627990352651
1462.0	7.0	1.0	0.0	2.5714285714285714e-05
1469.0	7.0	1.0	0.0	2.7142857142857144e-05
1476.0	7.0	1.0	0.0	0.0
1483.0	7.0	1.0	0.0	1.4285714285714286e-06
1490.0	7.0	1.0	0.0	0.00025428571428571427
1497.0	7.0	1.0	0.0	8.714285714285715e-05
1504.0	7.0	1.0	0.0	3.714285714285715e-05
1511.0	7.0	1.0	0.0	0.0007314285714285713
1518.0	7.0	1.0	0.0	0.0014399999999999999
1525.0	7.0	1.0	0.0	0.005195714285714285
1532.0	7.0	1.0	0.0	0.003641428571428571
1539.0	7.0	1.0	0.0	0.006172857142857142
1546.0	7.0	1.0	0.0	0.0034885714285714286
1553.0	7.0	1.0	0.0	0.0025671428571428572
1560.0	7.0	1.0	0.0	0.0033257142857142856
1567.0	7.0	1.0	0.0	0.004567142857142857
1574.0	7.0	1.0	0.0	0.004625714285714287
1581.0	7.0	1.0	0.0	0.0035728571428571424
1588.0	7.0	1.0	0.0	0.0013185714285714287
1595.0	7.0	1.0	0.0	0.001392857142857143
1602.0	7.0	1.0	0.0	0.0012771428571428571
1609.0	7.0	1.0	0.0	0.0011171428571428571
1616.0	7.0	1.0	0.0	0.00043
1623.0	7.0	1.0	0.0	5.000000000000001e-05
1630.0	7.0	1.0	0.0	0.0012085714285714286
1637.0	7.0	1.0	0.0	0.0028785714285714283
1644.0	7.0	1.0	0.0	0.0022314285714285713
1651.0	7.0	1.0	0.0	0.0006971428571428572
1658.0	7.0	1.0	0.0	0.0013299999999999998
1665.0	7.0	1.0	0.0	0.00056
1672.0	7.0	1.0	0.0	0.0006585714285714285
1679.0	7.0	1.0	0.0	0.0035057142857142856
1686.0	7.0	1.0	0.0	0.0017057142857142857
1693.0	7.0	1.0	0.0	0.001575714285714286
1700.0	7.0	1.0	0.0	0.0024614285714285714
1707.0	7.0	1.0	0.0	0.0022
1714.0	7.0	1.0	0.0	0.0014757142857142857
1721.0	7.0	1.0	0.0	0.0008428571428571428
1728.0	7.0	1.0	0.0	5.714285714285715e-05
1735.0	7.0	1.0	0.0	3.714285714285715e-05
1742.0	7.0	1.0	0.0	0.00020571428571428572
1749.0	7.0	1.0	0.0	0.0003171428571428571
1756.0	7.0	1.0	0.0	7e-05
1763.0	7.0	1.0	0.0	1.4285714285714286e-06
1770.0	7.0	1.0	0.0	0.0
1777.0	7.0	1.0	0.0	0.00012714285714285714
1784.0	7.0	1.0	0.0	0.0
1791.0	7.0	1.0	0.0	0.0
1798.0	7.0	1.0	0.0	1.2857142857142857e-05
1805.0	7.0	1.0	0.0	3.714285714285715e-05
1812.0	7.0	1.0	0.0	1.4285714285714286e-06
1819.0	7.0	1.0	0.0	0.0
1826.0	7.0	1.0	0.0	2e-05
8773.0	7.0	1.0	0.0	0.0003914285714285715
8780.0	7.0	1.0	0.0	5e-05
8787.0	7.0	1.0	0.0	0.00011285714285714286
8794.0	7.0	1.0	0.0	0.0002814285714285714
8801.0	7.0	1.0	0.0	0.00033999999999999997
8808.0	7.0	1.0	0.0	0.0007199999999999999
8815.0	7.0	1.0	0.0	0.0016557142857142858
8822.0	7.0	1.0	0.0	0.0011057142857142858
8829.0	7.0	1.0	0.0	6.571428571428573e-05
8836.0	7.0	1.0	0.0	0.0
8843.0	7.0	1.0	0.0	0.00038714285714285717
8850.0	7.0	1.0	0.0	0.001612857142857143
8857.0	7.0	1.0	0.0	0.0058428571428571436
8864.0	7.0	1.0	0.0	0.005815714285714285
8871.0	7.0	1.0	0.0	0.005408571428571428
8878.0	7.0	1.0	0.0	0.002791428571428571
8885.0	7.0	1.0	0.0	0.0008328571428571429
8892.0	7.0	1.0	0.0	0.0024728571428571425
8899.0	7.0	1.0	0.0	0.002258571428571429
8906.0	7.0	1.0	0.0	0.0020757142857142858
8913.0	7.0	1.0	0.0	0.003931428571428571
8920.0	7.0	1.0	0.0	0.0034128571428571433
8927.0	7.0	1.0	0.0	0.0022071428571428576
8934.0	7.0	1.0	0.0	0.00313
8941.0	7.0	1.0	0.0	0.008857142857142857
8948.0	7.0	1.0	0.0	0.007192857142857142
8955.0	7.0	1.0	0.0	0.004161428571428572
8962.0	7.0	1.0	0.0	0.003861428571428571
8969.0	7.0	1.0	0.0	0.0039585714285714285
8976.0	7.0	1.0	0.0	0.0029971428571428575
8983.0	7.0	1.0	0.0	0.003334285714285714
8990.0	7.0	1.0	0.0	0.001917142857142857
8997.0	7.0	1.0	0.0	0.0016142857142857144
9004.0	7.0	1.0	0.0	0.0003528571428571429
9011.0	7.0	1.0	0.0	8.571428571428571e-06
9018.0	7.0	1.0	0.0	0.0
9025.0	7.0	1.0	0.0	0.0002757142857142857
9032.0	7.0	1.0	0.0	0.00028142857142857147
9039.0	7.0	1.0	0.0	0.0
9046.0	7.0	1.0	0.0	0.00024
9053.0	7.0	1.0	0.0	9.571428571428571e-05
9060.0	7.0	1.0	0.0	3.142857142857143e-05
9067.0	7.0	1.0	0.0	9.857142857142858e-05
9074.0	7.0	1.0	0.0	5.7142857142857145e-06
9081.0	7.0	1.0	0.0	0.00015
9088.0	7.0	1.0	0.0	0.0
9095.0	7.0	1.0	0.0	5.428571428571429e-05
9102.0	7.0	1.0	0.0	1.7142857142857142e-05
9109.0	7.0	1.0	0.0	1.4285714285714289e-05
9116.0	7.0	1.0	0.0	1.2857142857142857e-05
9123.0	7.0	1.0	0.0	3.571428571428572e-05
9130.0	7.0	1.0	0.0	0.0
9502.0	7.0	1.0	0.0	3e-05
9509.0	7.0	1.0	0.0	0.0
9516.0	7.0	1.0	0.0	7.1428571428571436e-06
9523.0	7.0	1.0	0.0	5.428571428571429e-05
9530.0	7.0	1.0	0.0	1.4285714285714286e-06
9537.0	7.0	1.0	0.0	0.0
9544.0	7.0	1.0	0.0	1.4285714285714286e-06
9551.0	7.0	1.0	0.0	3.428571428571429e-05
9558.0	7.0	1.0	0.0	0.00010999999999999999
9565.0	7.0	1.0	0.0	2.8571428571428573e-06
9572.0	7.0	1.0	0.0	0.00017
9579.0	7.0	1.0	0.0	2.2857142857142858e-05
9586.0	7.0	1.0	0.0	0.00023285714285714286
9593.0	7.0	1.0	0.0	0.00016571428571428572
9600.0	7.0	1.0	0.0	7.714285714285714e-05
9607.0	7.0	1.0	0.0	0.0009014285714285714
9614.0	7.0	1.0	0.0	0.0017485714285714288
9621.0	7.0	1.0	0.0	0.0038057142857142864
9628.0	7.0	1.0	0.0	0.0012828571428571429
9635.0	7.0	1.0	0.0	0.0028971428571428572
9642.0	7.0	1.0	0.0	0.0014814285714285715
9649.0	7.0	1.0	0.0	7.285714285714286e-05
9656.0	7.0	1.0	0.0	6.142857142857142e-05
9663.0	7.0	1.0	0.0	0.00010714285714285715
9670.0	7.0	1.0	0.0	0.0005442857142857143
9677.0	7.0	1.0	0.0	0.00020285714285714286
9684.0	7.0	1.0	0.0	0.0012171428571428572
9691.0	7.0	1.0	0.0	0.0030085714285714286
9698.0	7.0	1.0	0.0	0.0023771428571428567
9705.0	7.0	1.0	0.0	0.00041285714285714287
9712.0	7.0	1.0	0.0	1.8571428571428575e-05
9719.0	7.0	1.0	0.0	1.7142857142857145e-05
9726.0	7.0	1.0	0.0	3.571428571428572e-05
9733.0	7.0	1.0	0.0	3.4285714285714284e-05
9740.0	7.0	1.0	0.0	0.0
9747.0	7.0	1.0	0.0	0.0
9754.0	7.0	1.0	0.0	0.0
9761.0	7.0	1.0	0.0	0.00013
9768.0	7.0	1.0	0.0	4.428571428571428e-05
9775.0	7.0	1.0	0.0	0.00016142857142857145
9782.0	7.0	1.0	0.0	0.0002785714285714286
9789.0	7.0	1.0	0.0	8.428571428571427e-05
9796.0	7.0	1.0	0.0	0.0
9803.0	7.0	1.0	0.0	5.2857142857142855e-05
9810.0	7.0	1.0	0.0	7e-05
9817.0	7.0	1.0	0.0	0.00012857142857142858
9824.0	7.0	1.0	0.0	0.00033285714285714293
9831.0	7.0	1.0	0.0	0.00011
9838.0	7.0	1.0	0.0	0.0
9845.0	7.0	1.0	0.0	0.0
9852.0	7.0	1.0	0.0	1.7142857142857142e-05
9859.0	7.0	1.0	0.0	0.0
6944.0	7.0	1.0	0.0	1.4285714285714286e-06
6951.0	7.0	1.0	0.0	2.571428571428571e-05
6958.0	7.0	1.0	0.0	0.0
6965.0	7.0	1.0	0.0	4.2857142857142855e-06
6972.0	7.0	1.0	0.0	0.0
6979.0	7.0	1.0	0.0	0.00015857142857142857
6986.0	7.0	1.0	0.0	2.8571428571428573e-06
6993.0	7.0	1.0	0.0	0.0
7000.0	7.0	1.0	0.0	8.571428571428571e-06
7007.0	7.0	1.0	0.0	2.8571428571428573e-06
7014.0	7.0	1.0	0.0	1e-05
7021.0	7.0	1.0	0.0	4.285714285714286e-06
7028.0	7.0	1.0	0.0	8.142857142857142e-05
7035.0	7.0	1.0	0.0	0.00046285714285714284
7042.0	7.0	1.0	0.0	0.0
7049.0	7.0	1.0	0.0	9.714285714285715e-05
7056.0	7.0	1.0	0.0	0.0
7063.0	7.0	1.0	0.0	0.0
7070.0	7.0	1.0	0.0	0.00033142857142857144
7077.0	7.0	1.0	0.0	0.0007357142857142857
7084.0	7.0	1.0	0.0	5.5714285714285715e-05
7091.0	7.0	1.0	0.0	7.857142857142858e-05
7098.0	7.0	1.0	0.0	0.0011014285714285716
7105.0	7.0	1.0	0.0	0.0009785714285714287
7112.0	7.0	1.0	0.0	0.002525714285714286
7119.0	7.0	1.0	0.0	0.003175714285714286
7126.0	7.0	1.0	0.0	0.001972857142857143
7133.0	7.0	1.0	0.0	0.00643
7140.0	7.0	1.0	0.0	0.006625714285714285
7147.0	7.0	1.0	0.0	0.00196
7154.0	7.0	1.0	0.0	0.0003842857142857143
7161.0	7.0	1.0	0.0	2.8571428571428567e-05
7168.0	7.0	1.0	0.0	2.8571428571428567e-05
7175.0	7.0	1.0	0.0	4.142857142857143e-05
7182.0	7.0	1.0	0.0	9e-05
7189.0	7.0	1.0	0.0	4.714285714285715e-05
7196.0	7.0	1.0	0.0	0.00037714285714285714
7203.0	7.0	1.0	0.0	5.2857142857142855e-05
7210.0	7.0	1.0	0.0	0.0
7217.0	7.0	1.0	0.0	4.2857142857142855e-06
7224.0	7.0	1.0	0.0	5.7142857142857145e-06
7231.0	7.0	1.0	0.0	1.1428571428571429e-05
7238.0	7.0	1.0	0.0	0.0
7245.0	7.0	1.0	0.0	3.571428571428572e-05
7252.0	7.0	1.0	0.0	5.7142857142857145e-06
7259.0	7.0	1.0	0.0	0.00015999999999999999
7266.0	7.0	1.0	0.0	0.0
7273.0	7.0	1.0	0.0	6.42857142857143e-05
7280.0	7.0	1.0	0.0	3e-05
7287.0	7.0	1.0	0.0	0.0
7294.0	7.0	1.0	0.0	0.0
7301.0	7.0	1.0	0.0	4.285714285714286e-06
14248.0	7.0	1.0	0.0	4.857142857142857e-05
14255.0	7.0	1.0	0.0	5.7142857142857145e-06
14262.0	7.0	1.0	0.0	0.0
14269.0	7.0	1.0	0.0	0.0
14276.0	7.0	1.0	0.0	5.7142857142857145e-06
14283.0	7.0	1.0	0.0	0.0
14290.0	7.0	1.0	0.0	5.857142857142857e-05
14297.0	7.0	1.0	0.0	0.0
14304.0	7.0	1.0	0.0	3.4285714285714284e-05
14311.0	7.0	1.0	0.0	0.00012571428571428572
14318.0	7.0	1.0	0.0	0.0
14325.0	7.0	1.0	0.0	0.00010857142857142858
14332.0	7.0	1.0	0.0	0.00017285714285714287
14339.0	7.0	1.0	0.0	0.001324285714285714
14346.0	7.0	1.0	0.0	0.000984285714285714
14353.0	7.0	1.0	0.0	0.0019514285714285712
14360.0	7.0	1.0	0.0	0.002668571428571429
14367.0	7.0	1.0	0.0	0.0033185714285714285
14374.0	7.0	1.0	0.0	0.003797142857142857
14381.0	7.0	1.0	0.0	0.0018571428571428571
14388.0	7.0	1.0	0.0	0.0022571428571428573
14395.0	7.0	1.0	0.0	0.0022785714285714284
14402.0	7.0	1.0	0.0	0.000747142857142857
14409.0	7.0	1.0	0.0	0.0029128571428571432
14416.0	7.0	1.0	0.0	0.0028542857142857146
14423.0	7.0	1.0	0.0	0.00165
14430.0	7.0	1.0	0.0	0.0012185714285714285
14437.0	7.0	1.0	0.0	0.0005985714285714286
14444.0	7.0	1.0	0.0	0.0003885714285714286
14451.0	7.0	1.0	0.0	0.0039928571428571435
14458.0	7.0	1.0	0.0	0.003504285714285714
14465.0	7.0	1.0	0.0	0.0002585714285714286
14472.0	7.0	1.0	0.0	0.00011714285714285714
14479.0	7.0	1.0	0.0	0.00019857142857142857
14486.0	7.0	1.0	0.0	0.0002928571428571429
14493.0	7.0	1.0	0.0	0.0
14500.0	7.0	1.0	0.0	0.0
14507.0	7.0	1.0	0.0	0.0
14514.0	7.0	1.0	0.0	1.8571428571428575e-05
14521.0	7.0	1.0	0.0	8.571428571428571e-06
14528.0	7.0	1.0	0.0	7.1428571428571436e-06
14535.0	7.0	1.0	0.0	0.0
14542.0	7.0	1.0	0.0	3.571428571428572e-05
14549.0	7.0	1.0	0.0	9.999999999999999e-06
14556.0	7.0	1.0	0.0	3.1428571428571424e-05
14563.0	7.0	1.0	0.0	1.4285714285714286e-06
14570.0	7.0	1.0	0.0	0.0
14577.0	7.0	1.0	0.0	0.0
14584.0	7.0	1.0	0.0	0.0
14591.0	7.0	1.0	0.0	2.8571428571428573e-06
14598.0	7.0	1.0	0.0	0.0
14605.0	7.0	1.0	0.0	1.4285714285714286e-06
6211.0	7.0	1.0	0.0	6e-05
6218.0	7.0	1.0	0.0	2.8571428571428573e-06
6225.0	7.0	1.0	0.0	5.714285714285715e-05
6232.0	7.0	1.0	0.0	3.142857142857143e-05
6239.0	7.0	1.0	0.0	1.4285714285714287e-05
6246.0	7.0	1.0	0.0	8.571428571428573e-05
6253.0	7.0	1.0	0.0	0.0
6260.0	7.0	1.0	0.0	6.714285714285715e-05
6267.0	7.0	1.0	0.0	2.2857142857142855e-05
6274.0	7.0	1.0	0.0	0.0004728571428571428
6281.0	7.0	1.0	0.0	0.00048571428571428577
6288.0	7.0	1.0	0.0	0.0002585714285714286
6295.0	7.0	1.0	0.0	8.857142857142857e-05
6302.0	7.0	1.0	0.0	0.00018285714285714286
6309.0	7.0	1.0	0.0	0.0012171428571428572
6316.0	7.0	1.0	0.0	0.003027142857142857
6323.0	7.0	1.0	0.0	0.0016214285714285716
6330.0	7.0	1.0	0.0	0.0006285714285714286
6337.0	7.0	1.0	0.0	0.0012314285714285713
6344.0	7.0	1.0	0.0	0.002184285714285714
6351.0	7.0	1.0	0.0	0.002201428571428571
6358.0	7.0	1.0	0.0	0.0020714285714285713
6365.0	7.0	1.0	0.0	0.004141428571428572
6372.0	7.0	1.0	0.0	0.0032242857142857143
6379.0	7.0	1.0	0.0	0.0024300000000000003
6386.0	7.0	1.0	0.0	0.004527142857142857
6393.0	7.0	1.0	0.0	0.006497142857142857
6400.0	7.0	1.0	0.0	0.005778571428571429
6407.0	7.0	1.0	0.0	0.002524285714285714
6414.0	7.0	1.0	0.0	0.0002671428571428572
6421.0	7.0	1.0	0.0	0.0001485714285714286
6428.0	7.0	1.0	0.0	3e-05
6435.0	7.0	1.0	0.0	0.0015057142857142858
6442.0	7.0	1.0	0.0	0.0023785714285714282
6449.0	7.0	1.0	0.0	0.0013314285714285713
6456.0	7.0	1.0	0.0	0.00012714285714285716
6463.0	7.0	1.0	0.0	0.00014142857142857143
6470.0	7.0	1.0	0.0	3.285714285714286e-05
6477.0	7.0	1.0	0.0	6.285714285714286e-05
6484.0	7.0	1.0	0.0	9.428571428571429e-05
6491.0	7.0	1.0	0.0	1.5714285714285715e-05
6498.0	7.0	1.0	0.0	7.1428571428571436e-06
6505.0	7.0	1.0	0.0	0.00015999999999999999
6512.0	7.0	1.0	0.0	0.0002528571428571429
6519.0	7.0	1.0	0.0	0.0
6526.0	7.0	1.0	0.0	0.0
6533.0	7.0	1.0	0.0	0.0
6540.0	7.0	1.0	0.0	8.571428571428573e-05
6547.0	7.0	1.0	0.0	6.428571428571429e-05
6554.0	7.0	1.0	0.0	3.571428571428572e-05
6561.0	7.0	1.0	0.0	7.1428571428571436e-06
6568.0	7.0	1.0	0.0	2.9999999999999997e-05
731.0	7.0	1.0	0.0	0.00010857142857142858
738.0	7.0	1.0	0.0	1.5714285714285715e-05
745.0	7.0	1.0	0.0	1.4285714285714286e-06
752.0	7.0	1.0	0.0	0.0
759.0	7.0	1.0	0.0	5.7142857142857145e-06
766.0	7.0	1.0	0.0	6.142857142857143e-05
773.0	7.0	1.0	0.0	3.714285714285715e-05
780.0	7.0	1.0	0.0	1.2857142857142857e-05
787.0	7.0	1.0	0.0	0.0
794.0	7.0	1.0	0.0	4.2857142857142855e-06
801.0	7.0	1.0	0.0	7e-05
808.0	7.0	1.0	0.0	0.0
815.0	7.0	1.0	0.0	4.571428571428571e-05
822.0	7.0	1.0	0.0	1.8571428571428575e-05
829.0	7.0	1.0	0.0	0.00032142857142857147
836.0	7.0	1.0	0.0	0.0011385714285714285
843.0	7.0	1.0	0.0	2.4285714285714288e-05
850.0	7.0	1.0	0.0	0.00022714285714285718
857.0	7.0	1.0	0.0	0.0008900000000000002
864.0	7.0	1.0	0.0	0.0019414285714285716
871.0	7.0	1.0	0.0	0.0005
878.0	7.0	1.0	0.0	0.00021714285714285718
885.0	7.0	1.0	0.0	8.571428571428571e-06
892.0	7.0	1.0	0.0	7.857142857142858e-05
899.0	7.0	1.0	0.0	0.00043142857142857143
906.0	7.0	1.0	0.0	0.002662857142857143
913.0	7.0	1.0	0.0	0.0027057142857142857
920.0	7.0	1.0	0.0	0.001465714285714286
927.0	7.0	1.0	0.0	0.0021614285714285715
934.0	7.0	1.0	0.0	0.0019442857142857144
941.0	7.0	1.0	0.0	0.0015499999999999997
948.0	7.0	1.0	0.0	0.0002671428571428571
955.0	7.0	1.0	0.0	0.0
962.0	7.0	1.0	0.0	6.285714285714286e-05
969.0	7.0	1.0	0.0	7.714285714285714e-05
976.0	7.0	1.0	0.0	0.00010571428571428571
983.0	7.0	1.0	0.0	7.1428571428571436e-06
990.0	7.0	1.0	0.0	5.857142857142857e-05
997.0	7.0	1.0	0.0	0.0002785714285714286
1004.0	7.0	1.0	0.0	0.0003742857142857143
1011.0	7.0	1.0	0.0	7.1428571428571436e-06
1018.0	7.0	1.0	0.0	0.0003128571428571429
1025.0	7.0	1.0	0.0	0.0003128571428571429
1032.0	7.0	1.0	0.0	0.0003642857142857143
1039.0	7.0	1.0	0.0	1.4285714285714286e-06
1046.0	7.0	1.0	0.0	0.0
1053.0	7.0	1.0	0.0	0.00024
1060.0	7.0	1.0	0.0	0.00010999999999999998
1067.0	7.0	1.0	0.0	0.0003014285714285714
1074.0	7.0	1.0	0.0	0.0002585714285714286
1081.0	7.0	1.0	0.0	0.00022142857142857142
1088.0	7.0	1.0	0.0	3.4285714285714284e-05
1095.0	7.0	1.0	0.0	0.0
12059.0	7.0	1.0	0.0	0.0
12066.0	7.0	1.0	0.0	0.0
12073.0	7.0	1.0	0.0	0.0
12080.0	7.0	1.0	0.0	0.0
12087.0	7.0	1.0	0.0	8.571428571428571e-06
12094.0	7.0	1.0	0.0	0.0
12101.0	7.0	1.0	0.0	2.8571428571428573e-06
12108.0	7.0	1.0	0.0	1.4285714285714287e-05
12115.0	7.0	1.0	0.0	9.714285714285714e-05
12122.0	7.0	1.0	0.0	1.8571428571428575e-05
12129.0	7.0	1.0	0.0	4.714285714285714e-05
12136.0	7.0	1.0	0.0	4.428571428571428e-05
12143.0	7.0	1.0	0.0	0.00012285714285714284
12150.0	7.0	1.0	0.0	7.428571428571427e-05
12157.0	7.0	1.0	0.0	8.857142857142857e-05
12164.0	7.0	1.0	0.0	0.0003971428571428572
12171.0	7.0	1.0	0.0	0.0004000000000000001
12178.0	7.0	1.0	0.0	1.4285714285714286e-06
12185.0	7.0	1.0	0.0	0.00019857142857142857
12192.0	7.0	1.0	0.0	0.0003528571428571429
12199.0	7.0	1.0	0.0	0.0006828571428571428
12206.0	7.0	1.0	0.0	0.002112857142857143
12213.0	7.0	1.0	0.0	0.003635714285714286
12220.0	7.0	1.0	0.0	0.004682857142857143
12227.0	7.0	1.0	0.0	0.004502857142857143
12234.0	7.0	1.0	0.0	0.00327
12241.0	7.0	1.0	0.0	0.0006071428571428572
12248.0	7.0	1.0	0.0	4.5714285714285716e-05
12255.0	7.0	1.0	0.0	2.2857142857142858e-05
12262.0	7.0	1.0	0.0	0.00013
12269.0	7.0	1.0	0.0	0.0001842857142857143
12276.0	7.0	1.0	0.0	0.0005371428571428572
12283.0	7.0	1.0	0.0	0.00046285714285714284
12290.0	7.0	1.0	0.0	0.00028714285714285723
12297.0	7.0	1.0	0.0	0.00012857142857142858
12304.0	7.0	1.0	0.0	2.8571428571428573e-06
12311.0	7.0	1.0	0.0	0.00017428571428571428
12318.0	7.0	1.0	0.0	5.714285714285715e-05
12325.0	7.0	1.0	0.0	0.0003214285714285714
12332.0	7.0	1.0	0.0	0.00028285714285714286
12339.0	7.0	1.0	0.0	0.0
12346.0	7.0	1.0	0.0	0.0
12353.0	7.0	1.0	0.0	8.714285714285715e-05
12360.0	7.0	1.0	0.0	0.0
12367.0	7.0	1.0	0.0	1.8571428571428575e-05
12374.0	7.0	1.0	0.0	8.571428571428573e-06
12381.0	7.0	1.0	0.0	1.4285714285714286e-06
12388.0	7.0	1.0	0.0	3.4285714285714284e-05
12395.0	7.0	1.0	0.0	0.00019
12402.0	7.0	1.0	0.0	3.857142857142857e-05
12409.0	7.0	1.0	0.0	3.857142857142857e-05
12416.0	7.0	1.0	0.0	0.0
7675.0	7.0	1.0	0.0	0.0
7682.0	7.0	1.0	0.0	0.0
7689.0	7.0	1.0	0.0	4.2857142857142855e-06
7696.0	7.0	1.0	0.0	1.1428571428571427e-05
7703.0	7.0	1.0	0.0	0.0
7710.0	7.0	1.0	0.0	0.0
7717.0	7.0	1.0	0.0	4.2857142857142855e-06
7724.0	7.0	1.0	0.0	0.0001942857142857143
7731.0	7.0	1.0	0.0	3.714285714285715e-05
7738.0	7.0	1.0	0.0	3.571428571428572e-05
7745.0	7.0	1.0	0.0	0.00026857142857142856
7752.0	7.0	1.0	0.0	3.4285714285714284e-05
7759.0	7.0	1.0	0.0	0.0004257142857142857
7766.0	7.0	1.0	0.0	0.00028571428571428574
7773.0	7.0	1.0	0.0	0.0005985714285714285
7780.0	7.0	1.0	0.0	0.0009728571428571428
7787.0	7.0	1.0	0.0	0.0009142857142857145
7794.0	7.0	1.0	0.0	0.0001271428571428571
7801.0	7.0	1.0	0.0	7.999999999999999e-05
7808.0	7.0	1.0	0.0	0.0010257142857142856
7815.0	7.0	1.0	0.0	0.0008257142857142857
7822.0	7.0	1.0	0.0	0.0003128571428571429
7829.0	7.0	1.0	0.0	0.0009099999999999999
7836.0	7.0	1.0	0.0	0.0004985714285714286
7843.0	7.0	1.0	0.0	0.00010285714285714284
7850.0	7.0	1.0	0.0	2.8571428571428574e-05
7857.0	7.0	1.0	0.0	0.00011857142857142858
7864.0	7.0	1.0	0.0	0.00118
7871.0	7.0	1.0	0.0	0.00037714285714285714
7878.0	7.0	1.0	0.0	2.8571428571428574e-05
7885.0	7.0	1.0	0.0	9.999999999999999e-06
7892.0	7.0	1.0	0.0	8.571428571428571e-05
7899.0	7.0	1.0	0.0	7.857142857142857e-05
7906.0	7.0	1.0	0.0	0.00042285714285714284
7913.0	7.0	1.0	0.0	6e-05
7920.0	7.0	1.0	0.0	0.00018714285714285716
7927.0	7.0	1.0	0.0	0.00018285714285714286
7934.0	7.0	1.0	0.0	0.00018
7941.0	7.0	1.0	0.0	0.00024285714285714283
7948.0	7.0	1.0	0.0	0.00017142857142857145
7955.0	7.0	1.0	0.0	8.571428571428571e-06
7962.0	7.0	1.0	0.0	2.142857142857143e-05
7969.0	7.0	1.0	0.0	0.00032857142857142856
7976.0	7.0	1.0	0.0	8.571428571428573e-05
7983.0	7.0	1.0	0.0	0.0
7990.0	7.0	1.0	0.0	9.142857142857143e-05
7997.0	7.0	1.0	0.0	1.4285714285714286e-06
8004.0	7.0	1.0	0.0	0.00012714285714285714
8011.0	7.0	1.0	0.0	1.8571428571428575e-05
8018.0	7.0	1.0	0.0	3e-05
8025.0	7.0	1.0	0.0	3.285714285714286e-05
8032.0	7.0	1.0	0.0	3.142857142857143e-05
5848.0	7.0	1.0	0.0	9.999999999999999e-06
5855.0	7.0	1.0	0.0	5.7142857142857145e-06
5862.0	7.0	1.0	0.0	9.714285714285717e-05
5869.0	7.0	1.0	0.0	0.00014428571428571428
5876.0	7.0	1.0	0.0	4.2857142857142855e-06
5883.0	7.0	1.0	0.0	0.00028285714285714286
5890.0	7.0	1.0	0.0	0.0002185714285714286
5897.0	7.0	1.0	0.0	1.4285714285714287e-05
5904.0	7.0	1.0	0.0	0.0
5911.0	7.0	1.0	0.0	1.1428571428571429e-05
5918.0	7.0	1.0	0.0	0.0002728571428571429
5925.0	7.0	1.0	0.0	0.0005342857142857144
5932.0	7.0	1.0	0.0	0.00031999999999999997
5939.0	7.0	1.0	0.0	0.0001342857142857143
5946.0	7.0	1.0	0.0	0.0009242857142857143
5953.0	7.0	1.0	0.0	0.0033142857142857136
5960.0	7.0	1.0	0.0	0.00225
5967.0	7.0	1.0	0.0	0.0008557142857142858
5974.0	7.0	1.0	0.0	0.0015157142857142858
5981.0	7.0	1.0	0.0	0.003924285714285714
5988.0	7.0	1.0	0.0	0.004685714285714285
5995.0	7.0	1.0	0.0	0.0045
6002.0	7.0	1.0	0.0	0.0024342857142857144
6009.0	7.0	1.0	0.0	0.00023142857142857142
6016.0	7.0	1.0	0.0	1.4285714285714286e-06
6023.0	7.0	1.0	0.0	4.8571428571428576e-05
6030.0	7.0	1.0	0.0	0.0002614285714285714
6037.0	7.0	1.0	0.0	0.0005271428571428572
6044.0	7.0	1.0	0.0	0.0008542857142857143
6051.0	7.0	1.0	0.0	0.0013414285714285715
6058.0	7.0	1.0	0.0	0.0011728571428571432
6065.0	7.0	1.0	0.0	0.00015571428571428572
6072.0	7.0	1.0	0.0	0.0006714285714285713
6079.0	7.0	1.0	0.0	0.0019514285714285714
6086.0	7.0	1.0	0.0	0.0014614285714285714
6093.0	7.0	1.0	0.0	0.00032142857142857147
6100.0	7.0	1.0	0.0	8.571428571428571e-05
6107.0	7.0	1.0	0.0	1.4285714285714286e-06
6114.0	7.0	1.0	0.0	4.714285714285715e-05
6121.0	7.0	1.0	0.0	0.0
6128.0	7.0	1.0	0.0	0.00013285714285714287
6135.0	7.0	1.0	0.0	2.8571428571428573e-06
6142.0	7.0	1.0	0.0	3.571428571428572e-05
6149.0	7.0	1.0	0.0	0.00016
6156.0	7.0	1.0	0.0	0.00010142857142857143
6163.0	7.0	1.0	0.0	0.00027428571428571427
6170.0	7.0	1.0	0.0	8.428571428571429e-05
6177.0	7.0	1.0	0.0	0.0
6184.0	7.0	1.0	0.0	1.4285714285714286e-06
6191.0	7.0	1.0	0.0	0.0004842857142857143
6198.0	7.0	1.0	0.0	0.00014428571428571428
6205.0	7.0	1.0	0.0	1.4285714285714287e-05
9499.0	7.0	1.0	0.0	1.4285714285714287e-05
9506.0	7.0	1.0	0.0	1.5714285714285715e-05
9513.0	7.0	1.0	0.0	5.7142857142857145e-06
9520.0	7.0	1.0	0.0	5.571428571428572e-05
9527.0	7.0	1.0	0.0	0.0
9534.0	7.0	1.0	0.0	1.4285714285714286e-06
9541.0	7.0	1.0	0.0	1.4285714285714286e-06
9548.0	7.0	1.0	0.0	1e-05
9555.0	7.0	1.0	0.0	8.285714285714286e-05
9562.0	7.0	1.0	0.0	5.4285714285714295e-05
9569.0	7.0	1.0	0.0	0.00011285714285714287
9576.0	7.0	1.0	0.0	6.142857142857142e-05
9583.0	7.0	1.0	0.0	9.571428571428571e-05
9590.0	7.0	1.0	0.0	0.0002585714285714286
9597.0	7.0	1.0	0.0	0.00010428571428571428
9604.0	7.0	1.0	0.0	0.00044714285714285716
9611.0	7.0	1.0	0.0	0.001207142857142857
9618.0	7.0	1.0	0.0	0.0035585714285714287
9625.0	7.0	1.0	0.0	0.0022099999999999997
9632.0	7.0	1.0	0.0	0.0019428571428571427
9639.0	7.0	1.0	0.0	0.0024542857142857144
9646.0	7.0	1.0	0.0	0.00039000000000000005
9653.0	7.0	1.0	0.0	6.571428571428571e-05
9660.0	7.0	1.0	0.0	9.857142857142856e-05
9667.0	7.0	1.0	0.0	0.0002971428571428572
9674.0	7.0	1.0	0.0	0.00042714285714285716
9681.0	7.0	1.0	0.0	0.0007328571428571428
9688.0	7.0	1.0	0.0	0.0021
9695.0	7.0	1.0	0.0	0.00316
9702.0	7.0	1.0	0.0	0.0009685714285714287
9709.0	7.0	1.0	0.0	0.00011571428571428572
9716.0	7.0	1.0	0.0	1.4285714285714286e-06
9723.0	7.0	1.0	0.0	1.7142857142857142e-05
9730.0	7.0	1.0	0.0	6.857142857142857e-05
9737.0	7.0	1.0	0.0	0.0
9744.0	7.0	1.0	0.0	0.0
9751.0	7.0	1.0	0.0	0.0
9758.0	7.0	1.0	0.0	3e-05
9765.0	7.0	1.0	0.0	0.00010000000000000002
9772.0	7.0	1.0	0.0	0.00016285714285714284
9779.0	7.0	1.0	0.0	0.00013142857142857143
9786.0	7.0	1.0	0.0	0.00027428571428571427
9793.0	7.0	1.0	0.0	0.0
9800.0	7.0	1.0	0.0	5.7142857142857145e-06
9807.0	7.0	1.0	0.0	9.285714285714286e-05
9814.0	7.0	1.0	0.0	8.857142857142859e-05
9821.0	7.0	1.0	0.0	0.0002642857142857143
9828.0	7.0	1.0	0.0	0.0002428571428571429
9835.0	7.0	1.0	0.0	0.0
9842.0	7.0	1.0	0.0	0.0
9849.0	7.0	1.0	0.0	1.4285714285714287e-05
9856.0	7.0	1.0	0.0	2.8571428571428573e-06
12054.0	7.0	1.0	0.0	0.0
12061.0	7.0	1.0	0.0	0.0
12068.0	7.0	1.0	0.0	0.0
12075.0	7.0	1.0	0.0	0.0
12082.0	7.0	1.0	0.0	0.0
12089.0	7.0	1.0	0.0	8.571428571428571e-06
12096.0	7.0	1.0	0.0	0.0
12103.0	7.0	1.0	0.0	2.8571428571428573e-06
12110.0	7.0	1.0	0.0	3.285714285714286e-05
12117.0	7.0	1.0	0.0	7.857142857142858e-05
12124.0	7.0	1.0	0.0	1.8571428571428575e-05
12131.0	7.0	1.0	0.0	4.8571428571428576e-05
12138.0	7.0	1.0	0.0	0.00014714285714285716
12145.0	7.0	1.0	0.0	1.8571428571428575e-05
12152.0	7.0	1.0	0.0	7.428571428571427e-05
12159.0	7.0	1.0	0.0	0.00017
12166.0	7.0	1.0	0.0	0.00032714285714285717
12173.0	7.0	1.0	0.0	0.0003885714285714286
12180.0	7.0	1.0	0.0	0.00011714285714285714
12187.0	7.0	1.0	0.0	8.285714285714286e-05
12194.0	7.0	1.0	0.0	0.0003757142857142857
12201.0	7.0	1.0	0.0	0.0013957142857142855
12208.0	7.0	1.0	0.0	0.0020357142857142857
12215.0	7.0	1.0	0.0	0.004515714285714285
12222.0	7.0	1.0	0.0	0.004224285714285714
12229.0	7.0	1.0	0.0	0.004708571428571429
12236.0	7.0	1.0	0.0	0.0023085714285714285
12243.0	7.0	1.0	0.0	0.00029
12250.0	7.0	1.0	0.0	4e-05
12257.0	7.0	1.0	0.0	0.00013714285714285713
12264.0	7.0	1.0	0.0	0.00015714285714285716
12271.0	7.0	1.0	0.0	0.0003385714285714286
12278.0	7.0	1.0	0.0	0.00026285714285714286
12285.0	7.0	1.0	0.0	0.0006114285714285713
12292.0	7.0	1.0	0.0	0.00016714285714285716
12299.0	7.0	1.0	0.0	8e-05
12306.0	7.0	1.0	0.0	0.0
12313.0	7.0	1.0	0.0	0.00017428571428571428
12320.0	7.0	1.0	0.0	0.00022571428571428571
12327.0	7.0	1.0	0.0	0.00043142857142857143
12334.0	7.0	1.0	0.0	4.285714285714286e-06
12341.0	7.0	1.0	0.0	0.0
12348.0	7.0	1.0	0.0	4.2857142857142855e-06
12355.0	7.0	1.0	0.0	8.285714285714286e-05
12362.0	7.0	1.0	0.0	1.8571428571428575e-05
12369.0	7.0	1.0	0.0	0.0
12376.0	7.0	1.0	0.0	1e-05
12383.0	7.0	1.0	0.0	2.8571428571428573e-06
12390.0	7.0	1.0	0.0	0.00012857142857142858
12397.0	7.0	1.0	0.0	9.428571428571429e-05
12404.0	7.0	1.0	0.0	7.571428571428571e-05
12411.0	7.0	1.0	0.0	0.0
12418.0	7.0	1.0	0.0	1.4285714285714287e-05
12791.0	7.0	1.0	0.0	1.4285714285714286e-06
12798.0	7.0	1.0	0.0	2.8571428571428573e-06
12805.0	7.0	1.0	0.0	0.00014285714285714287
12812.0	7.0	1.0	0.0	0.0
12819.0	7.0	1.0	0.0	1e-05
12826.0	7.0	1.0	0.0	4.2857142857142855e-06
12833.0	7.0	1.0	0.0	2.8571428571428573e-06
12840.0	7.0	1.0	0.0	3.571428571428572e-05
12847.0	7.0	1.0	0.0	0.0
12854.0	7.0	1.0	0.0	0.00025714285714285715
12861.0	7.0	1.0	0.0	0.0004214285714285714
12868.0	7.0	1.0	0.0	0.0003114285714285714
12875.0	7.0	1.0	0.0	0.0004285714285714286
12882.0	7.0	1.0	0.0	0.0003614285714285714
12889.0	7.0	1.0	0.0	5.285714285714286e-05
12896.0	7.0	1.0	0.0	0.0003271428571428571
12903.0	7.0	1.0	0.0	0.0014385714285714284
12910.0	7.0	1.0	0.0	0.0039900000000000005
12917.0	7.0	1.0	0.0	0.0017814285714285714
12924.0	7.0	1.0	0.0	0.0006771428571428572
12931.0	7.0	1.0	0.0	0.0012542857142857143
12938.0	7.0	1.0	0.0	0.002837142857142857
12945.0	7.0	1.0	0.0	0.0015571428571428572
12952.0	7.0	1.0	0.0	0.0020371428571428576
12959.0	7.0	1.0	0.0	0.0007085714285714285
12966.0	7.0	1.0	0.0	3.285714285714286e-05
12973.0	7.0	1.0	0.0	1.4285714285714287e-05
12980.0	7.0	1.0	0.0	0.0008328571428571428
12987.0	7.0	1.0	0.0	0.0024628571428571425
12994.0	7.0	1.0	0.0	0.0020900000000000003
13001.0	7.0	1.0	0.0	0.0031442857142857145
13008.0	7.0	1.0	0.0	0.0007842857142857143
13015.0	7.0	1.0	0.0	0.0005714285714285715
13022.0	7.0	1.0	0.0	0.0009857142857142855
13029.0	7.0	1.0	0.0	9.571428571428571e-05
13036.0	7.0	1.0	0.0	0.0004057142857142857
13043.0	7.0	1.0	0.0	2.2857142857142858e-05
13050.0	7.0	1.0	0.0	8e-05
13057.0	7.0	1.0	0.0	0.00012857142857142858
13064.0	7.0	1.0	0.0	8.428571428571429e-05
13071.0	7.0	1.0	0.0	6.285714285714286e-05
13078.0	7.0	1.0	0.0	9.428571428571429e-05
13085.0	7.0	1.0	0.0	0.0
13092.0	7.0	1.0	0.0	0.0
13099.0	7.0	1.0	0.0	1.4285714285714287e-05
13106.0	7.0	1.0	0.0	1.4285714285714286e-06
13113.0	7.0	1.0	0.0	5.7142857142857145e-06
13120.0	7.0	1.0	0.0	4.285714285714286e-06
13127.0	7.0	1.0	0.0	0.0
13134.0	7.0	1.0	0.0	4.2857142857142855e-06
13141.0	7.0	1.0	0.0	1.1428571428571429e-05
13148.0	7.0	1.0	0.0	2e-05
8407.0	7.0	1.0	0.0	4.5714285714285716e-05
8414.0	7.0	1.0	0.0	7.1428571428571436e-06
8421.0	7.0	1.0	0.0	2.8571428571428574e-05
8428.0	7.0	1.0	0.0	0.0
8435.0	7.0	1.0	0.0	0.0001257142857142857
8442.0	7.0	1.0	0.0	0.0008271428571428571
8449.0	7.0	1.0	0.0	9.428571428571429e-05
8456.0	7.0	1.0	0.0	0.0008071428571428572
8463.0	7.0	1.0	0.0	0.003475714285714286
8470.0	7.0	1.0	0.0	0.0045
8477.0	7.0	1.0	0.0	0.00213
8484.0	7.0	1.0	0.0	0.0005642857142857143
8491.0	7.0	1.0	0.0	3.4285714285714284e-05
8498.0	7.0	1.0	0.0	0.0009128571428571429
8505.0	7.0	1.0	0.0	0.0015628571428571432
8512.0	7.0	1.0	0.0	0.00018571428571428574
8519.0	7.0	1.0	0.0	0.00046285714285714284
8526.0	7.0	1.0	0.0	0.002337142857142857
8533.0	7.0	1.0	0.0	0.006678571428571429
8540.0	7.0	1.0	0.0	0.00704857142857143
8547.0	7.0	1.0	0.0	0.005347142857142857
8554.0	7.0	1.0	0.0	0.005755714285714286
8561.0	7.0	1.0	0.0	0.0045957142857142854
8568.0	7.0	1.0	0.0	0.0036714285714285716
8575.0	7.0	1.0	0.0	0.004411428571428572
8582.0	7.0	1.0	0.0	0.0029028571428571424
8589.0	7.0	1.0	0.0	0.002588571428571429
8596.0	7.0	1.0	0.0	0.003144285714285714
8603.0	7.0	1.0	0.0	0.0028099999999999996
8610.0	7.0	1.0	0.0	0.0022214285714285717
8617.0	7.0	1.0	0.0	0.001097142857142857
8624.0	7.0	1.0	0.0	0.00030714285714285707
8631.0	7.0	1.0	0.0	0.0010785714285714285
8638.0	7.0	1.0	0.0	0.0005328571428571429
8645.0	7.0	1.0	0.0	0.00315
8652.0	7.0	1.0	0.0	0.003434285714285715
8659.0	7.0	1.0	0.0	0.0009028571428571429
8666.0	7.0	1.0	0.0	0.00022428571428571427
8673.0	7.0	1.0	0.0	3.142857142857143e-05
8680.0	7.0	1.0	0.0	0.00023857142857142857
8687.0	7.0	1.0	0.0	0.003098571428571429
8694.0	7.0	1.0	0.0	0.005274285714285713
8701.0	7.0	1.0	0.0	0.0017757142857142856
8708.0	7.0	1.0	0.0	0.001097142857142857
8715.0	7.0	1.0	0.0	1.1428571428571427e-05
8722.0	7.0	1.0	0.0	1.4285714285714286e-06
8729.0	7.0	1.0	0.0	5.857142857142857e-05
8736.0	7.0	1.0	0.0	0.00018857142857142857
8743.0	7.0	1.0	0.0	0.0
8750.0	7.0	1.0	0.0	2.4285714285714288e-05
8757.0	7.0	1.0	0.0	2.2857142857142858e-05
8764.0	7.0	1.0	0.0	3.571428571428572e-05
9501.0	7.0	1.0	0.0	3e-05
9508.0	7.0	1.0	0.0	0.0
9515.0	7.0	1.0	0.0	7.1428571428571436e-06
9522.0	7.0	1.0	0.0	5.428571428571429e-05
9529.0	7.0	1.0	0.0	0.0
9536.0	7.0	1.0	0.0	1.4285714285714286e-06
9543.0	7.0	1.0	0.0	1.4285714285714286e-06
9550.0	7.0	1.0	0.0	1e-05
9557.0	7.0	1.0	0.0	0.00013
9564.0	7.0	1.0	0.0	7.1428571428571436e-06
9571.0	7.0	1.0	0.0	0.00014428571428571428
9578.0	7.0	1.0	0.0	3.142857142857143e-05
9585.0	7.0	1.0	0.0	0.00010714285714285715
9592.0	7.0	1.0	0.0	0.00029142857142857144
9599.0	7.0	1.0	0.0	9.428571428571429e-05
9606.0	7.0	1.0	0.0	0.0006457142857142857
9613.0	7.0	1.0	0.0	0.0015499999999999997
9620.0	7.0	1.0	0.0	0.0039014285714285717
9627.0	7.0	1.0	0.0	0.0015371428571428571
9634.0	7.0	1.0	0.0	0.0025142857142857146
9641.0	7.0	1.0	0.0	0.001902857142857143
9648.0	7.0	1.0	0.0	0.00012571428571428572
9655.0	7.0	1.0	0.0	7.42857142857143e-05
9662.0	7.0	1.0	0.0	0.00010571428571428571
9669.0	7.0	1.0	0.0	0.0004657142857142857
9676.0	7.0	1.0	0.0	0.0002728571428571429
9683.0	7.0	1.0	0.0	0.0010085714285714286
9690.0	7.0	1.0	0.0	0.0027071428571428567
9697.0	7.0	1.0	0.0	0.0027414285714285717
9704.0	7.0	1.0	0.0	0.0005371428571428571
9711.0	7.0	1.0	0.0	5.000000000000001e-05
9718.0	7.0	1.0	0.0	1.7142857142857145e-05
9725.0	7.0	1.0	0.0	1.4285714285714286e-06
9732.0	7.0	1.0	0.0	6.857142857142857e-05
9739.0	7.0	1.0	0.0	0.0
9746.0	7.0	1.0	0.0	0.0
9753.0	7.0	1.0	0.0	0.0
9760.0	7.0	1.0	0.0	0.00010285714285714284
9767.0	7.0	1.0	0.0	2.7142857142857144e-05
9774.0	7.0	1.0	0.0	0.0002
9781.0	7.0	1.0	0.0	0.00022428571428571425
9788.0	7.0	1.0	0.0	0.00014428571428571428
9795.0	7.0	1.0	0.0	0.0
9802.0	7.0	1.0	0.0	3.9999999999999996e-05
9809.0	7.0	1.0	0.0	7.571428571428571e-05
9816.0	7.0	1.0	0.0	0.00011857142857142858
9823.0	7.0	1.0	0.0	0.0002542857142857143
9830.0	7.0	1.0	0.0	0.00020571428571428572
9837.0	7.0	1.0	0.0	0.0
9844.0	7.0	1.0	0.0	0.0
9851.0	7.0	1.0	0.0	1.7142857142857142e-05
9858.0	7.0	1.0	0.0	1.857142857142857e-05
1099.0	7.0	1.0	0.0	0.00014714285714285716
1106.0	7.0	1.0	0.0	3e-05
1113.0	7.0	1.0	0.0	3.714285714285714e-05
1120.0	7.0	1.0	0.0	8.571428571428571e-06
1127.0	7.0	1.0	0.0	0.0
1134.0	7.0	1.0	0.0	1.7142857142857142e-05
1141.0	7.0	1.0	0.0	0.00017285714285714284
1148.0	7.0	1.0	0.0	0.0005014285714285714
1155.0	7.0	1.0	0.0	0.0002285714285714286
1162.0	7.0	1.0	0.0	2.714285714285714e-05
1169.0	7.0	1.0	0.0	0.00038428571428571423
1176.0	7.0	1.0	0.0	7.999999999999999e-05
1183.0	7.0	1.0	0.0	0.0
1190.0	7.0	1.0	0.0	0.00022428571428571433
1197.0	7.0	1.0	0.0	0.00020285714285714284
1204.0	7.0	1.0	0.0	0.0
1211.0	7.0	1.0	0.0	0.0007742857142857143
1218.0	7.0	1.0	0.0	0.0019
1225.0	7.0	1.0	0.0	0.0027614285714285714
1232.0	7.0	1.0	0.0	0.0023914285714285713
1239.0	7.0	1.0	0.0	0.002534285714285714
1246.0	7.0	1.0	0.0	0.0011414285714285714
1253.0	7.0	1.0	0.0	0.0020528571428571427
1260.0	7.0	1.0	0.0	0.003085714285714286
1267.0	7.0	1.0	0.0	0.0010414285714285714
1274.0	7.0	1.0	0.0	0.0006399999999999999
1281.0	7.0	1.0	0.0	0.002242857142857143
1288.0	7.0	1.0	0.0	0.0038642857142857146
1295.0	7.0	1.0	0.0	0.002
1302.0	7.0	1.0	0.0	0.0008428571428571428
1309.0	7.0	1.0	0.0	0.0017828571428571429
1316.0	7.0	1.0	0.0	0.0016657142857142858
1323.0	7.0	1.0	0.0	0.003942857142857143
1330.0	7.0	1.0	0.0	0.0009657142857142857
1337.0	7.0	1.0	0.0	4.571428571428571e-05
1344.0	7.0	1.0	0.0	1.1428571428571427e-05
1351.0	7.0	1.0	0.0	0.0
1358.0	7.0	1.0	0.0	1.4285714285714287e-05
1365.0	7.0	1.0	0.0	4.4285714285714296e-05
1372.0	7.0	1.0	0.0	3.571428571428572e-05
1379.0	7.0	1.0	0.0	2.8571428571428574e-05
1386.0	7.0	1.0	0.0	5.2857142857142855e-05
1393.0	7.0	1.0	0.0	1.9999999999999998e-05
1400.0	7.0	1.0	0.0	0.0
1407.0	7.0	1.0	0.0	1.7142857142857142e-05
1414.0	7.0	1.0	0.0	1.4285714285714286e-06
1421.0	7.0	1.0	0.0	0.00014714285714285713
1428.0	7.0	1.0	0.0	5.2857142857142855e-05
1435.0	7.0	1.0	0.0	0.0
1442.0	7.0	1.0	0.0	7.285714285714286e-05
1449.0	7.0	1.0	0.0	1.4285714285714286e-06
1456.0	7.0	1.0	0.0	0.0
14247.0	7.0	1.0	0.0	5.142857142857142e-05
14254.0	7.0	1.0	0.0	5.7142857142857145e-06
14261.0	7.0	1.0	0.0	0.0
14268.0	7.0	1.0	0.0	0.0
14275.0	7.0	1.0	0.0	5.7142857142857145e-06
14282.0	7.0	1.0	0.0	0.0
14289.0	7.0	1.0	0.0	5.857142857142857e-05
14296.0	7.0	1.0	0.0	0.0
14303.0	7.0	1.0	0.0	1.4285714285714286e-06
14310.0	7.0	1.0	0.0	0.00015857142857142857
14317.0	7.0	1.0	0.0	0.0
14324.0	7.0	1.0	0.0	0.00010857142857142858
14331.0	7.0	1.0	0.0	6e-05
14338.0	7.0	1.0	0.0	0.001404285714285714
14345.0	7.0	1.0	0.0	0.0007171428571428572
14352.0	7.0	1.0	0.0	0.001841428571428571
14359.0	7.0	1.0	0.0	0.0026100000000000003
14366.0	7.0	1.0	0.0	0.0031957142857142857
14373.0	7.0	1.0	0.0	0.004007142857142857
14380.0	7.0	1.0	0.0	0.001994285714285714
14387.0	7.0	1.0	0.0	0.0021542857142857145
14394.0	7.0	1.0	0.0	0.0024171428571428573
14401.0	7.0	1.0	0.0	0.0009057142857142856
14408.0	7.0	1.0	0.0	0.0025042857142857145
14415.0	7.0	1.0	0.0	0.0029742857142857145
14422.0	7.0	1.0	0.0	0.0017757142857142856
14429.0	7.0	1.0	0.0	0.0013071428571428572
14436.0	7.0	1.0	0.0	0.0006542857142857141
14443.0	7.0	1.0	0.0	0.0003771428571428571
14450.0	7.0	1.0	0.0	0.0032857142857142855
14457.0	7.0	1.0	0.0	0.004087142857142857
14464.0	7.0	1.0	0.0	0.00046142857142857145
14471.0	7.0	1.0	0.0	0.00011857142857142858
14478.0	7.0	1.0	0.0	0.00018571428571428572
14485.0	7.0	1.0	0.0	0.00030571428571428573
14492.0	7.0	1.0	0.0	0.0
14499.0	7.0	1.0	0.0	0.0
14506.0	7.0	1.0	0.0	0.0
14513.0	7.0	1.0	0.0	1.8571428571428575e-05
14520.0	7.0	1.0	0.0	0.0
14527.0	7.0	1.0	0.0	1.2857142857142857e-05
14534.0	7.0	1.0	0.0	2.8571428571428573e-06
14541.0	7.0	1.0	0.0	3.142857142857143e-05
14548.0	7.0	1.0	0.0	1.4285714285714284e-05
14555.0	7.0	1.0	0.0	2.2857142857142855e-05
14562.0	7.0	1.0	0.0	1e-05
14569.0	7.0	1.0	0.0	0.0
14576.0	7.0	1.0	0.0	0.0
14583.0	7.0	1.0	0.0	0.0
14590.0	7.0	1.0	0.0	2.8571428571428573e-06
14597.0	7.0	1.0	0.0	0.0
14604.0	7.0	1.0	0.0	0.0
1462.0	7.0	1.0	0.0	2.5714285714285714e-05
1469.0	7.0	1.0	0.0	2.7142857142857144e-05
1476.0	7.0	1.0	0.0	0.0
1483.0	7.0	1.0	0.0	1.4285714285714286e-06
1490.0	7.0	1.0	0.0	0.00025428571428571427
1497.0	7.0	1.0	0.0	8.714285714285715e-05
1504.0	7.0	1.0	0.0	3.714285714285715e-05
1511.0	7.0	1.0	0.0	0.0007314285714285713
1518.0	7.0	1.0	0.0	0.0014399999999999999
1525.0	7.0	1.0	0.0	0.005195714285714285
1532.0	7.0	1.0	0.0	0.003641428571428571
1539.0	7.0	1.0	0.0	0.006172857142857142
1546.0	7.0	1.0	0.0	0.0034885714285714286
1553.0	7.0	1.0	0.0	0.0025671428571428572
1560.0	7.0	1.0	0.0	0.0033257142857142856
1567.0	7.0	1.0	0.0	0.004567142857142857
1574.0	7.0	1.0	0.0	0.004625714285714287
1581.0	7.0	1.0	0.0	0.0035728571428571424
1588.0	7.0	1.0	0.0	0.0013185714285714287
1595.0	7.0	1.0	0.0	0.001392857142857143
1602.0	7.0	1.0	0.0	0.0012771428571428571
1609.0	7.0	1.0	0.0	0.0011171428571428571
1616.0	7.0	1.0	0.0	0.00043
1623.0	7.0	1.0	0.0	5.000000000000001e-05
1630.0	7.0	1.0	0.0	0.0012085714285714286
1637.0	7.0	1.0	0.0	0.0028785714285714283
1644.0	7.0	1.0	0.0	0.0022314285714285713
1651.0	7.0	1.0	0.0	0.0006971428571428572
1658.0	7.0	1.0	0.0	0.0013299999999999998
1665.0	7.0	1.0	0.0	0.00056
1672.0	7.0	1.0	0.0	0.0006585714285714285
1679.0	7.0	1.0	0.0	0.0035057142857142856
1686.0	7.0	1.0	0.0	0.0017057142857142857
1693.0	7.0	1.0	0.0	0.001575714285714286
1700.0	7.0	1.0	0.0	0.0024614285714285714
1707.0	7.0	1.0	0.0	0.0022
1714.0	7.0	1.0	0.0	0.0014757142857142857
1721.0	7.0	1.0	0.0	0.0008428571428571428
1728.0	7.0	1.0	0.0	5.714285714285715e-05
1735.0	7.0	1.0	0.0	3.714285714285715e-05
1742.0	7.0	1.0	0.0	0.00020571428571428572
1749.0	7.0	1.0	0.0	0.0003171428571428571
1756.0	7.0	1.0	0.0	7e-05
1763.0	7.0	1.0	0.0	1.4285714285714286e-06
1770.0	7.0	1.0	0.0	0.0
1777.0	7.0	1.0	0.0	0.00012714285714285714
1784.0	7.0	1.0	0.0	0.0
1791.0	7.0	1.0	0.0	0.0
1798.0	7.0	1.0	0.0	1.2857142857142857e-05
1805.0	7.0	1.0	0.0	3.714285714285715e-05
1812.0	7.0	1.0	0.0	1.4285714285714286e-06
1819.0	7.0	1.0	0.0	0.0
1826.0	7.0	1.0	0.0	0.0
5120.0	7.0	1.0	0.0	0.0
5127.0	7.0	1.0	0.0	0.0
5134.0	7.0	1.0	0.0	0.0
5141.0	7.0	1.0	0.0	0.0
5148.0	7.0	1.0	0.0	2e-05
5155.0	7.0	1.0	0.0	1.8571428571428575e-05
5162.0	7.0	1.0	0.0	0.00013571428571428572
5169.0	7.0	1.0	0.0	0.0003
5176.0	7.0	1.0	0.0	0.00017999999999999998
5183.0	7.0	1.0	0.0	7.1428571428571436e-06
5190.0	7.0	1.0	0.0	0.0001
5197.0	7.0	1.0	0.0	0.0002942857142857143
5204.0	7.0	1.0	0.0	0.00013571428571428572
5211.0	7.0	1.0	0.0	0.0003014285714285714
5218.0	7.0	1.0	0.0	0.0005785714285714285
5225.0	7.0	1.0	0.0	0.002457142857142857
5232.0	7.0	1.0	0.0	0.0018385714285714286
5239.0	7.0	1.0	0.0	0.0015914285714285715
5246.0	7.0	1.0	0.0	0.0015785714285714287
5253.0	7.0	1.0	0.0	0.003972857142857143
5260.0	7.0	1.0	0.0	0.0034871428571428566
5267.0	7.0	1.0	0.0	0.0017014285714285714
5274.0	7.0	1.0	0.0	0.0004942857142857143
5281.0	7.0	1.0	0.0	0.0013285714285714285
5288.0	7.0	1.0	0.0	0.003834285714285714
5295.0	7.0	1.0	0.0	0.0030871428571428573
5302.0	7.0	1.0	0.0	0.0019371428571428571
5309.0	7.0	1.0	0.0	0.0019114285714285713
5316.0	7.0	1.0	0.0	0.0005271428571428572
5323.0	7.0	1.0	0.0	0.0007057142857142858
5330.0	7.0	1.0	0.0	0.0013085714285714285
5337.0	7.0	1.0	0.0	0.0010642857142857142
5344.0	7.0	1.0	0.0	0.0015257142857142858
5351.0	7.0	1.0	0.0	0.002344285714285714
5358.0	7.0	1.0	0.0	0.0011228571428571429
5365.0	7.0	1.0	0.0	0.0018085714285714287
5372.0	7.0	1.0	0.0	0.00038285714285714285
5379.0	7.0	1.0	0.0	8.571428571428571e-05
5386.0	7.0	1.0	0.0	0.00013285714285714287
5393.0	7.0	1.0	0.0	5.9999999999999995e-05
5400.0	7.0	1.0	0.0	0.0
5407.0	7.0	1.0	0.0	0.00023428571428571427
5414.0	7.0	1.0	0.0	2.1428571428571428e-05
5421.0	7.0	1.0	0.0	8.857142857142857e-05
5428.0	7.0	1.0	0.0	0.0
5435.0	7.0	1.0	0.0	5.5714285714285715e-05
5442.0	7.0	1.0	0.0	0.0
5449.0	7.0	1.0	0.0	0.0
5456.0	7.0	1.0	0.0	0.0
5463.0	7.0	1.0	0.0	5.428571428571429e-05
5470.0	7.0	1.0	0.0	5.7142857142857145e-06
5477.0	7.0	1.0	0.0	2.1428571428571428e-05
11693.0	7.0	1.0	0.0	0.00015571428571428572
11700.0	7.0	1.0	0.0	0.0
11707.0	7.0	1.0	0.0	1.2857142857142857e-05
11714.0	7.0	1.0	0.0	2.8571428571428574e-05
11721.0	7.0	1.0	0.0	0.00018714285714285713
11728.0	7.0	1.0	0.0	0.00010571428571428571
11735.0	7.0	1.0	0.0	3.142857142857143e-05
11742.0	7.0	1.0	0.0	0.0
11749.0	7.0	1.0	0.0	5.142857142857143e-05
11756.0	7.0	1.0	0.0	5.5714285714285715e-05
11763.0	7.0	1.0	0.0	0.00022857142857142854
11770.0	7.0	1.0	0.0	0.0005342857142857142
11777.0	7.0	1.0	0.0	0.0005057142857142857
11784.0	7.0	1.0	0.0	0.0015385714285714286
11791.0	7.0	1.0	0.0	0.00392
11798.0	7.0	1.0	0.0	0.0017057142857142859
11805.0	7.0	1.0	0.0	0.00196
11812.0	7.0	1.0	0.0	0.0028142857142857145
11819.0	7.0	1.0	0.0	0.0014657142857142855
11826.0	7.0	1.0	0.0	0.0024385714285714284
11833.0	7.0	1.0	0.0	0.0039614285714285715
11840.0	7.0	1.0	0.0	0.00505142857142857
11847.0	7.0	1.0	0.0	0.00191
11854.0	7.0	1.0	0.0	0.0012357142857142857
11861.0	7.0	1.0	0.0	0.002271428571428571
11868.0	7.0	1.0	0.0	0.0025571428571428577
11875.0	7.0	1.0	0.0	0.003172857142857143
11882.0	7.0	1.0	0.0	0.0016185714285714286
11889.0	7.0	1.0	0.0	9.142857142857142e-05
11896.0	7.0	1.0	0.0	0.0006742857142857143
11903.0	7.0	1.0	0.0	0.0017100000000000001
11910.0	7.0	1.0	0.0	0.0002871428571428572
11917.0	7.0	1.0	0.0	0.0
11924.0	7.0	1.0	0.0	7.714285714285714e-05
11931.0	7.0	1.0	0.0	5.7142857142857145e-06
11938.0	7.0	1.0	0.0	5.7142857142857145e-06
11945.0	7.0	1.0	0.0	0.0
11952.0	7.0	1.0	0.0	3.142857142857143e-05
11959.0	7.0	1.0	0.0	3.571428571428572e-05
11966.0	7.0	1.0	0.0	1.4285714285714287e-05
11973.0	7.0	1.0	0.0	0.00015857142857142855
11980.0	7.0	1.0	0.0	0.00013
11987.0	7.0	1.0	0.0	1.1428571428571429e-05
11994.0	7.0	1.0	0.0	2.2857142857142858e-05
12001.0	7.0	1.0	0.0	1.5714285714285715e-05
12008.0	7.0	1.0	0.0	0.0
12015.0	7.0	1.0	0.0	1.4285714285714286e-06
12022.0	7.0	1.0	0.0	1.4285714285714286e-06
12029.0	7.0	1.0	0.0	0.0
12036.0	7.0	1.0	0.0	3.571428571428572e-05
12043.0	7.0	1.0	0.0	2e-05
12050.0	7.0	1.0	0.0	3.142857142857143e-05
5848.0	7.0	1.0	0.0	9.999999999999999e-06
5855.0	7.0	1.0	0.0	5.7142857142857145e-06
5862.0	7.0	1.0	0.0	9.714285714285717e-05
5869.0	7.0	1.0	0.0	0.00014428571428571428
5876.0	7.0	1.0	0.0	4.2857142857142855e-06
5883.0	7.0	1.0	0.0	0.00028285714285714286
5890.0	7.0	1.0	0.0	0.0002185714285714286
5897.0	7.0	1.0	0.0	1.4285714285714287e-05
5904.0	7.0	1.0	0.0	0.0
5911.0	7.0	1.0	0.0	1.1428571428571429e-05
5918.0	7.0	1.0	0.0	0.0002728571428571429
5925.0	7.0	1.0	0.0	0.0005342857142857144
5932.0	7.0	1.0	0.0	0.00031999999999999997
5939.0	7.0	1.0	0.0	0.0001342857142857143
5946.0	7.0	1.0	0.0	0.0009242857142857143
5953.0	7.0	1.0	0.0	0.0033142857142857136
5960.0	7.0	1.0	0.0	0.00225
5967.0	7.0	1.0	0.0	0.0008557142857142858
5974.0	7.0	1.0	0.0	0.0015157142857142858
5981.0	7.0	1.0	0.0	0.003924285714285714
5988.0	7.0	1.0	0.0	0.004685714285714285
5995.0	7.0	1.0	0.0	0.0045
6002.0	7.0	1.0	0.0	0.0024342857142857144
6009.0	7.0	1.0	0.0	0.00023142857142857142
6016.0	7.0	1.0	0.0	1.4285714285714286e-06
6023.0	7.0	1.0	0.0	4.8571428571428576e-05
6030.0	7.0	1.0	0.0	0.0002614285714285714
6037.0	7.0	1.0	0.0	0.0005271428571428572
6044.0	7.0	1.0	0.0	0.0008542857142857143
6051.0	7.0	1.0	0.0	0.0013414285714285715
6058.0	7.0	1.0	0.0	0.0011728571428571432
6065.0	7.0	1.0	0.0	0.00015571428571428572
6072.0	7.0	1.0	0.0	0.0006714285714285713
6079.0	7.0	1.0	0.0	0.0019514285714285714
6086.0	7.0	1.0	0.0	0.0014614285714285714
6093.0	7.0	1.0	0.0	0.00032142857142857147
6100.0	7.0	1.0	0.0	8.571428571428571e-05
6107.0	7.0	1.0	0.0	1.4285714285714286e-06
6114.0	7.0	1.0	0.0	4.714285714285715e-05
6121.0	7.0	1.0	0.0	0.0
6128.0	7.0	1.0	0.0	0.00013285714285714287
6135.0	7.0	1.0	0.0	2.8571428571428573e-06
6142.0	7.0	1.0	0.0	3.571428571428572e-05
6149.0	7.0	1.0	0.0	0.00016
6156.0	7.0	1.0	0.0	0.00010142857142857143
6163.0	7.0	1.0	0.0	0.00027428571428571427
6170.0	7.0	1.0	0.0	8.428571428571429e-05
6177.0	7.0	1.0	0.0	0.0
6184.0	7.0	1.0	0.0	1.4285714285714286e-06
6191.0	7.0	1.0	0.0	0.0004842857142857143
6198.0	7.0	1.0	0.0	0.00014428571428571428
6205.0	7.0	1.0	0.0	1.7142857142857142e-05
14248.0	7.0	1.0	0.0	4.857142857142857e-05
14255.0	7.0	1.0	0.0	5.7142857142857145e-06
14262.0	7.0	1.0	0.0	0.0
14269.0	7.0	1.0	0.0	0.0
14276.0	7.0	1.0	0.0	5.7142857142857145e-06
14283.0	7.0	1.0	0.0	0.0
14290.0	7.0	1.0	0.0	5.857142857142857e-05
14297.0	7.0	1.0	0.0	0.0
14304.0	7.0	1.0	0.0	3.4285714285714284e-05
14311.0	7.0	1.0	0.0	0.00012571428571428572
14318.0	7.0	1.0	0.0	0.0
14325.0	7.0	1.0	0.0	0.00010857142857142858
14332.0	7.0	1.0	0.0	0.00017285714285714287
14339.0	7.0	1.0	0.0	0.001324285714285714
14346.0	7.0	1.0	0.0	0.000984285714285714
14353.0	7.0	1.0	0.0	0.0019514285714285712
14360.0	7.0	1.0	0.0	0.002668571428571429
14367.0	7.0	1.0	0.0	0.0033185714285714285
14374.0	7.0	1.0	0.0	0.003797142857142857
14381.0	7.0	1.0	0.0	0.0018571428571428571
14388.0	7.0	1.0	0.0	0.0022571428571428573
14395.0	7.0	1.0	0.0	0.0022785714285714284
14402.0	7.0	1.0	0.0	0.000747142857142857
14409.0	7.0	1.0	0.0	0.0029128571428571432
14416.0	7.0	1.0	0.0	0.0028542857142857146
14423.0	7.0	1.0	0.0	0.00165
14430.0	7.0	1.0	0.0	0.0012185714285714285
14437.0	7.0	1.0	0.0	0.0005985714285714286
14444.0	7.0	1.0	0.0	0.0003885714285714286
14451.0	7.0	1.0	0.0	0.0039928571428571435
14458.0	7.0	1.0	0.0	0.003504285714285714
14465.0	7.0	1.0	0.0	0.0002585714285714286
14472.0	7.0	1.0	0.0	0.00011714285714285714
14479.0	7.0	1.0	0.0	0.00019857142857142857
14486.0	7.0	1.0	0.0	0.0002928571428571429
14493.0	7.0	1.0	0.0	0.0
14500.0	7.0	1.0	0.0	0.0
14507.0	7.0	1.0	0.0	0.0
14514.0	7.0	1.0	0.0	1.8571428571428575e-05
14521.0	7.0	1.0	0.0	8.571428571428571e-06
14528.0	7.0	1.0	0.0	7.1428571428571436e-06
14535.0	7.0	1.0	0.0	0.0
14542.0	7.0	1.0	0.0	3.571428571428572e-05
14549.0	7.0	1.0	0.0	9.999999999999999e-06
14556.0	7.0	1.0	0.0	3.1428571428571424e-05
14563.0	7.0	1.0	0.0	1.4285714285714286e-06
14570.0	7.0	1.0	0.0	0.0
14577.0	7.0	1.0	0.0	0.0
14584.0	7.0	1.0	0.0	0.0
14591.0	7.0	1.0	0.0	2.8571428571428573e-06
14598.0	7.0	1.0	0.0	0.0
14605.0	7.0	1.0	0.0	0.0
5115.0	7.0	1.0	0.0	0.0
5122.0	7.0	1.0	0.0	0.0
5129.0	7.0	1.0	0.0	0.0
5136.0	7.0	1.0	0.0	0.0
5143.0	7.0	1.0	0.0	1.5714285714285715e-05
5150.0	7.0	1.0	0.0	2e-05
5157.0	7.0	1.0	0.0	1.2857142857142856e-05
5164.0	7.0	1.0	0.0	0.00023857142857142854
5171.0	7.0	1.0	0.0	0.00018857142857142857
5178.0	7.0	1.0	0.0	0.0001842857142857143
5185.0	7.0	1.0	0.0	1.4285714285714287e-05
5192.0	7.0	1.0	0.0	0.00013285714285714287
5199.0	7.0	1.0	0.0	0.00024857142857142857
5206.0	7.0	1.0	0.0	0.00017
5213.0	7.0	1.0	0.0	0.00043571428571428575
5220.0	7.0	1.0	0.0	0.0006457142857142858
5227.0	7.0	1.0	0.0	0.00287
5234.0	7.0	1.0	0.0	0.0016585714285714283
5241.0	7.0	1.0	0.0	0.0013900000000000002
5248.0	7.0	1.0	0.0	0.002292857142857143
5255.0	7.0	1.0	0.0	0.004244285714285714
5262.0	7.0	1.0	0.0	0.0029085714285714283
5269.0	7.0	1.0	0.0	0.001247142857142857
5276.0	7.0	1.0	0.0	0.0002842857142857143
5283.0	7.0	1.0	0.0	0.002348571428571428
5290.0	7.0	1.0	0.0	0.003945714285714286
5297.0	7.0	1.0	0.0	0.0024114285714285713
5304.0	7.0	1.0	0.0	0.001958571428571429
5311.0	7.0	1.0	0.0	0.001751428571428571
5318.0	7.0	1.0	0.0	0.0002
5325.0	7.0	1.0	0.0	0.0012142857142857144
5332.0	7.0	1.0	0.0	0.0008971428571428573
5339.0	7.0	1.0	0.0	0.0012928571428571427
5346.0	7.0	1.0	0.0	0.0020585714285714283
5353.0	7.0	1.0	0.0	0.0017885714285714282
5360.0	7.0	1.0	0.0	0.0013085714285714285
5367.0	7.0	1.0	0.0	0.0015842857142857145
5374.0	7.0	1.0	0.0	0.00011857142857142858
5381.0	7.0	1.0	0.0	8.571428571428571e-05
5388.0	7.0	1.0	0.0	0.00013285714285714287
5395.0	7.0	1.0	0.0	5.9999999999999995e-05
5402.0	7.0	1.0	0.0	0.00016571428571428572
5409.0	7.0	1.0	0.0	8.857142857142855e-05
5416.0	7.0	1.0	0.0	1.9999999999999998e-05
5423.0	7.0	1.0	0.0	7e-05
5430.0	7.0	1.0	0.0	0.0
5437.0	7.0	1.0	0.0	5.5714285714285715e-05
5444.0	7.0	1.0	0.0	0.0
5451.0	7.0	1.0	0.0	0.0
5458.0	7.0	1.0	0.0	0.0
5465.0	7.0	1.0	0.0	5.428571428571429e-05
5472.0	7.0	1.0	0.0	1e-05
5479.0	7.0	1.0	0.0	1.4285714285714284e-05
2564.0	7.0	1.0	0.0	0.0
2571.0	7.0	1.0	0.0	3.142857142857143e-05
2578.0	7.0	1.0	0.0	0.00011
2585.0	7.0	1.0	0.0	2.7142857142857144e-05
2592.0	7.0	1.0	0.0	7.1428571428571436e-06
2599.0	7.0	1.0	0.0	0.0
2606.0	7.0	1.0	0.0	1.7142857142857142e-05
2613.0	7.0	1.0	0.0	5.142857142857143e-05
2620.0	7.0	1.0	0.0	7e-05
2627.0	7.0	1.0	0.0	1.4285714285714286e-06
2634.0	7.0	1.0	0.0	9.142857142857143e-05
2641.0	7.0	1.0	0.0	6.000000000000001e-05
2648.0	7.0	1.0	0.0	0.00037142857142857143
2655.0	7.0	1.0	0.0	0.00036142857142857146
2662.0	7.0	1.0	0.0	0.0008428571428571429
2669.0	7.0	1.0	0.0	0.0014814285714285715
2676.0	7.0	1.0	0.0	0.0009614285714285714
2683.0	7.0	1.0	0.0	0.0017757142857142856
2690.0	7.0	1.0	0.0	0.0016928571428571429
2697.0	7.0	1.0	0.0	0.0013257142857142858
2704.0	7.0	1.0	0.0	0.003367142857142857
2711.0	7.0	1.0	0.0	0.0018085714285714285
2718.0	7.0	1.0	0.0	0.0015914285714285713
2725.0	7.0	1.0	0.0	0.0011714285714285713
2732.0	7.0	1.0	0.0	0.003627142857142857
2739.0	7.0	1.0	0.0	0.005227142857142856
2746.0	7.0	1.0	0.0	0.0037957142857142855
2753.0	7.0	1.0	0.0	0.0044485714285714285
2760.0	7.0	1.0	0.0	0.005431428571428571
2767.0	7.0	1.0	0.0	0.00233
2774.0	7.0	1.0	0.0	0.0004385714285714285
2781.0	7.0	1.0	0.0	0.0018328571428571428
2788.0	7.0	1.0	0.0	0.004102857142857143
2795.0	7.0	1.0	0.0	0.0030614285714285717
2802.0	7.0	1.0	0.0	0.0018014285714285714
2809.0	7.0	1.0	0.0	0.00035
2816.0	7.0	1.0	0.0	0.00035285714285714293
2823.0	7.0	1.0	0.0	0.0002357142857142857
2830.0	7.0	1.0	0.0	0.0007585714285714287
2837.0	7.0	1.0	0.0	0.0004828571428571429
2844.0	7.0	1.0	0.0	9.571428571428571e-05
2851.0	7.0	1.0	0.0	0.0
2858.0	7.0	1.0	0.0	0.00018142857142857145
2865.0	7.0	1.0	0.0	5.857142857142856e-05
2872.0	7.0	1.0	0.0	9.000000000000002e-05
2879.0	7.0	1.0	0.0	0.00019857142857142857
2886.0	7.0	1.0	0.0	6e-05
2893.0	7.0	1.0	0.0	0.00025142857142857145
2900.0	7.0	1.0	0.0	2.8571428571428573e-06
2907.0	7.0	1.0	0.0	0.0
2914.0	7.0	1.0	0.0	0.00015142857142857143
2921.0	7.0	1.0	0.0	0.00016714285714285716
4754.0	7.0	1.0	0.0	0.0
4761.0	7.0	1.0	0.0	0.0
4768.0	7.0	1.0	0.0	3.285714285714286e-05
4775.0	7.0	1.0	0.0	0.0
4782.0	7.0	1.0	0.0	4e-05
4789.0	7.0	1.0	0.0	0.00011428571428571431
4796.0	7.0	1.0	0.0	0.00016285714285714284
4803.0	7.0	1.0	0.0	0.0
4810.0	7.0	1.0	0.0	1.4285714285714286e-06
4817.0	7.0	1.0	0.0	0.00011
4824.0	7.0	1.0	0.0	0.00014571428571428572
4831.0	7.0	1.0	0.0	2.8571428571428573e-06
4838.0	7.0	1.0	0.0	3.285714285714286e-05
4845.0	7.0	1.0	0.0	0.0
4852.0	7.0	1.0	0.0	2.8571428571428573e-06
4859.0	7.0	1.0	0.0	0.00024142857142857145
4866.0	7.0	1.0	0.0	0.00015714285714285713
4873.0	7.0	1.0	0.0	0.0001342857142857143
4880.0	7.0	1.0	0.0	0.00018857142857142857
4887.0	7.0	1.0	0.0	0.00027571428571428576
4894.0	7.0	1.0	0.0	0.0001242857142857143
4901.0	7.0	1.0	0.0	0.0005857142857142858
4908.0	7.0	1.0	0.0	0.0019214285714285715
4915.0	7.0	1.0	0.0	0.004200000000000001
4922.0	7.0	1.0	0.0	0.004682857142857142
4929.0	7.0	1.0	0.0	0.00529
4936.0	7.0	1.0	0.0	0.003622857142857143
4943.0	7.0	1.0	0.0	0.0006642857142857143
4950.0	7.0	1.0	0.0	0.001004285714285714
4957.0	7.0	1.0	0.0	0.0006442857142857143
4964.0	7.0	1.0	0.0	2.2857142857142858e-05
4971.0	7.0	1.0	0.0	0.00012714285714285714
4978.0	7.0	1.0	0.0	0.00014714285714285716
4985.0	7.0	1.0	0.0	0.0008185714285714286
4992.0	7.0	1.0	0.0	0.0018457142857142858
4999.0	7.0	1.0	0.0	0.00015285714285714287
5006.0	7.0	1.0	0.0	1.4285714285714286e-06
5013.0	7.0	1.0	0.0	0.0
5020.0	7.0	1.0	0.0	5.714285714285715e-05
5027.0	7.0	1.0	0.0	8.428571428571429e-05
5034.0	7.0	1.0	0.0	9.428571428571429e-05
5041.0	7.0	1.0	0.0	0.0003885714285714286
5048.0	7.0	1.0	0.0	6.428571428571429e-05
5055.0	7.0	1.0	0.0	4.285714285714286e-05
5062.0	7.0	1.0	0.0	0.0
5069.0	7.0	1.0	0.0	7.1428571428571436e-06
5076.0	7.0	1.0	0.0	0.0
5083.0	7.0	1.0	0.0	0.0
5090.0	7.0	1.0	0.0	3.4285714285714284e-05
5097.0	7.0	1.0	0.0	1.4285714285714286e-06
5104.0	7.0	1.0	0.0	1.4285714285714286e-06
5111.0	7.0	1.0	0.0	0.0002185714285714286
370.0	7.0	1.0	0.0	4.8571428571428576e-05
377.0	7.0	1.0	0.0	7.714285714285714e-05
384.0	7.0	1.0	0.0	0.00014285714285714287
391.0	7.0	1.0	0.0	5.7142857142857145e-06
398.0	7.0	1.0	0.0	0.0
405.0	7.0	1.0	0.0	9e-05
412.0	7.0	1.0	0.0	3e-05
419.0	7.0	1.0	0.0	1.2857142857142857e-05
426.0	7.0	1.0	0.0	9.999999999999999e-06
433.0	7.0	1.0	0.0	2.8571428571428574e-05
440.0	7.0	1.0	0.0	8.142857142857142e-05
447.0	7.0	1.0	0.0	0.0
454.0	7.0	1.0	0.0	0.0
461.0	7.0	1.0	0.0	0.0002514285714285714
468.0	7.0	1.0	0.0	0.0003528571428571429
475.0	7.0	1.0	0.0	0.00061
482.0	7.0	1.0	0.0	0.00083
489.0	7.0	1.0	0.0	0.0016742857142857143
496.0	7.0	1.0	0.0	0.00041285714285714287
503.0	7.0	1.0	0.0	0.00034142857142857146
510.0	7.0	1.0	0.0	0.0004585714285714286
517.0	7.0	1.0	0.0	0.00017
524.0	7.0	1.0	0.0	0.0015371428571428571
531.0	7.0	1.0	0.0	0.00257
538.0	7.0	1.0	0.0	0.0044771428571428575
545.0	7.0	1.0	0.0	0.0049471428571428566
552.0	7.0	1.0	0.0	0.003534285714285714
559.0	7.0	1.0	0.0	0.005195714285714285
566.0	7.0	1.0	0.0	0.0035900000000000003
573.0	7.0	1.0	0.0	0.0014228571428571428
580.0	7.0	1.0	0.0	0.0023985714285714283
587.0	7.0	1.0	0.0	0.0020057142857142856
594.0	7.0	1.0	0.0	0.00019571428571428577
601.0	7.0	1.0	0.0	9e-05
608.0	7.0	1.0	0.0	0.0002671428571428572
615.0	7.0	1.0	0.0	0.0010299999999999999
622.0	7.0	1.0	0.0	0.001177142857142857
629.0	7.0	1.0	0.0	4e-05
636.0	7.0	1.0	0.0	0.00045571428571428575
643.0	7.0	1.0	0.0	0.001487142857142857
650.0	7.0	1.0	0.0	0.0008185714285714286
657.0	7.0	1.0	0.0	0.0003357142857142857
664.0	7.0	1.0	0.0	0.00016428571428571428
671.0	7.0	1.0	0.0	0.00024142857142857145
678.0	7.0	1.0	0.0	0.0003557142857142857
685.0	7.0	1.0	0.0	4.5714285714285716e-05
692.0	7.0	1.0	0.0	1.1428571428571429e-05
699.0	7.0	1.0	0.0	0.00013428571428571428
706.0	7.0	1.0	0.0	1.4285714285714286e-06
713.0	7.0	1.0	0.0	4.428571428571428e-05
720.0	7.0	1.0	0.0	2.4285714285714288e-05
727.0	7.0	1.0	0.0	6.857142857142857e-05
2195.0	7.0	1.0	0.0	1.4285714285714286e-06
2202.0	7.0	1.0	0.0	0.0
2209.0	7.0	1.0	0.0	1.4285714285714286e-06
2216.0	7.0	1.0	0.0	1.8571428571428575e-05
2223.0	7.0	1.0	0.0	5.7142857142857145e-06
2230.0	7.0	1.0	0.0	0.00017285714285714287
2237.0	7.0	1.0	0.0	5.714285714285715e-05
2244.0	7.0	1.0	0.0	0.00045
2251.0	7.0	1.0	0.0	0.0005714285714285715
2258.0	7.0	1.0	0.0	0.00017999999999999998
2265.0	7.0	1.0	0.0	0.0007971428571428572
2272.0	7.0	1.0	0.0	0.002534285714285714
2279.0	7.0	1.0	0.0	0.001738571428571429
2286.0	7.0	1.0	0.0	0.0016485714285714287
2293.0	7.0	1.0	0.0	0.0024742857142857145
2300.0	7.0	1.0	0.0	0.0014742857142857144
2307.0	7.0	1.0	0.0	0.0013014285714285714
2314.0	7.0	1.0	0.0	0.007511428571428572
2321.0	7.0	1.0	0.0	0.005067142857142858
2328.0	7.0	1.0	0.0	0.0019214285714285715
2335.0	7.0	1.0	0.0	0.0007628571428571427
2342.0	7.0	1.0	0.0	0.0009757142857142858
2349.0	7.0	1.0	0.0	0.002007142857142857
2356.0	7.0	1.0	0.0	0.002617142857142857
2363.0	7.0	1.0	0.0	0.0023442857142857145
2370.0	7.0	1.0	0.0	0.003211428571428571
2377.0	7.0	1.0	0.0	0.0031242857142857144
2384.0	7.0	1.0	0.0	0.0035028571428571435
2391.0	7.0	1.0	0.0	0.0031428571428571426
2398.0	7.0	1.0	0.0	0.0018942857142857145
2405.0	7.0	1.0	0.0	0.0009214285714285713
2412.0	7.0	1.0	0.0	0.00069
2419.0	7.0	1.0	0.0	0.0013071428571428572
2426.0	7.0	1.0	0.0	0.0019428571428571427
2433.0	7.0	1.0	0.0	0.0014657142857142857
2440.0	7.0	1.0	0.0	0.0006300000000000001
2447.0	7.0	1.0	0.0	2.8571428571428573e-06
2454.0	7.0	1.0	0.0	8.428571428571429e-05
2461.0	7.0	1.0	0.0	0.00028000000000000003
2468.0	7.0	1.0	0.0	0.00023714285714285715
2475.0	7.0	1.0	0.0	0.00047714285714285724
2482.0	7.0	1.0	0.0	1.4285714285714286e-06
2489.0	7.0	1.0	0.0	5.714285714285715e-05
2496.0	7.0	1.0	0.0	0.00012
2503.0	7.0	1.0	0.0	0.0004042857142857143
2510.0	7.0	1.0	0.0	2.571428571428571e-05
2517.0	7.0	1.0	0.0	2.142857142857143e-05
2524.0	7.0	1.0	0.0	2.1428571428571428e-05
2531.0	7.0	1.0	0.0	0.0001842857142857143
2538.0	7.0	1.0	0.0	9.285714285714286e-05
2545.0	7.0	1.0	0.0	0.00021285714285714286
2552.0	7.0	1.0	0.0	4.8571428571428576e-05
1098.0	7.0	1.0	0.0	0.00016571428571428572
1105.0	7.0	1.0	0.0	3e-05
1112.0	7.0	1.0	0.0	3.714285714285714e-05
1119.0	7.0	1.0	0.0	8.571428571428571e-06
1126.0	7.0	1.0	0.0	0.0
1133.0	7.0	1.0	0.0	1.7142857142857142e-05
1140.0	7.0	1.0	0.0	0.00013857142857142857
1147.0	7.0	1.0	0.0	0.0004042857142857143
1154.0	7.0	1.0	0.0	0.00033142857142857144
1161.0	7.0	1.0	0.0	5.285714285714286e-05
1168.0	7.0	1.0	0.0	0.0003714285714285713
1175.0	7.0	1.0	0.0	9.571428571428571e-05
1182.0	7.0	1.0	0.0	0.0
1189.0	7.0	1.0	0.0	0.00022428571428571433
1196.0	7.0	1.0	0.0	0.00017999999999999998
1203.0	7.0	1.0	0.0	2.2857142857142858e-05
1210.0	7.0	1.0	0.0	0.0007542857142857143
1217.0	7.0	1.0	0.0	0.0013514285714285713
1224.0	7.0	1.0	0.0	0.0029800000000000004
1231.0	7.0	1.0	0.0	0.0022242857142857142
1238.0	7.0	1.0	0.0	0.0027585714285714292
1245.0	7.0	1.0	0.0	0.0013414285714285718
1252.0	7.0	1.0	0.0	0.0016885714285714286
1259.0	7.0	1.0	0.0	0.0032157142857142857
1266.0	7.0	1.0	0.0	0.0012885714285714286
1273.0	7.0	1.0	0.0	0.0006900000000000002
1280.0	7.0	1.0	0.0	0.001707142857142857
1287.0	7.0	1.0	0.0	0.003941428571428571
1294.0	7.0	1.0	0.0	0.0023528571428571426
1301.0	7.0	1.0	0.0	0.00035428571428571426
1308.0	7.0	1.0	0.0	0.0022485714285714288
1315.0	7.0	1.0	0.0	0.00123
1322.0	7.0	1.0	0.0	0.004162857142857143
1329.0	7.0	1.0	0.0	0.0013171428571428572
1336.0	7.0	1.0	0.0	6.857142857142858e-05
1343.0	7.0	1.0	0.0	1.1428571428571427e-05
1350.0	7.0	1.0	0.0	0.0
1357.0	7.0	1.0	0.0	0.0
1364.0	7.0	1.0	0.0	5.714285714285715e-05
1371.0	7.0	1.0	0.0	3.4285714285714284e-05
1378.0	7.0	1.0	0.0	2.8571428571428574e-05
1385.0	7.0	1.0	0.0	2.4285714285714285e-05
1392.0	7.0	1.0	0.0	4.1428571428571437e-05
1399.0	7.0	1.0	0.0	9.999999999999999e-06
1406.0	7.0	1.0	0.0	1.7142857142857142e-05
1413.0	7.0	1.0	0.0	1.4285714285714286e-06
1420.0	7.0	1.0	0.0	0.0001357142857142857
1427.0	7.0	1.0	0.0	6.428571428571429e-05
1434.0	7.0	1.0	0.0	0.0
1441.0	7.0	1.0	0.0	7.285714285714286e-05
1448.0	7.0	1.0	0.0	1.4285714285714286e-06
1455.0	7.0	1.0	0.0	0.0
11689.0	7.0	1.0	0.0	1.9999999999999998e-05
11696.0	7.0	1.0	0.0	0.00015285714285714287
11703.0	7.0	1.0	0.0	0.0
11710.0	7.0	1.0	0.0	4.142857142857143e-05
11717.0	7.0	1.0	0.0	0.0
11724.0	7.0	1.0	0.0	0.00029285714285714283
11731.0	7.0	1.0	0.0	1.7142857142857142e-05
11738.0	7.0	1.0	0.0	1.4285714285714287e-05
11745.0	7.0	1.0	0.0	5.142857142857143e-05
11752.0	7.0	1.0	0.0	2.4285714285714285e-05
11759.0	7.0	1.0	0.0	0.00015428571428571428
11766.0	7.0	1.0	0.0	0.0004528571428571428
11773.0	7.0	1.0	0.0	0.00018714285714285713
11780.0	7.0	1.0	0.0	0.0009557142857142856
11787.0	7.0	1.0	0.0	0.00307
11794.0	7.0	1.0	0.0	0.0027671428571428573
11801.0	7.0	1.0	0.0	0.0013528571428571428
11808.0	7.0	1.0	0.0	0.002972857142857143
11815.0	7.0	1.0	0.0	0.0018771428571428574
11822.0	7.0	1.0	0.0	0.0016342857142857142
11829.0	7.0	1.0	0.0	0.0034371428571428574
11836.0	7.0	1.0	0.0	0.004491428571428571
11843.0	7.0	1.0	0.0	0.004007142857142857
11850.0	7.0	1.0	0.0	0.0009685714285714287
11857.0	7.0	1.0	0.0	0.0020971428571428573
11864.0	7.0	1.0	0.0	0.0019885714285714285
11871.0	7.0	1.0	0.0	0.0032228571428571428
11878.0	7.0	1.0	0.0	0.0026714285714285716
11885.0	7.0	1.0	0.0	0.0006985714285714286
11892.0	7.0	1.0	0.0	8.571428571428573e-06
11899.0	7.0	1.0	0.0	0.0015899999999999998
11906.0	7.0	1.0	0.0	0.0010442857142857142
11913.0	7.0	1.0	0.0	3.4285714285714284e-05
11920.0	7.0	1.0	0.0	0.0
11927.0	7.0	1.0	0.0	8.285714285714286e-05
11934.0	7.0	1.0	0.0	0.0
11941.0	7.0	1.0	0.0	5.7142857142857145e-06
11948.0	7.0	1.0	0.0	4.2857142857142855e-06
11955.0	7.0	1.0	0.0	5.571428571428572e-05
11962.0	7.0	1.0	0.0	7.1428571428571436e-06
11969.0	7.0	1.0	0.0	3.571428571428572e-05
11976.0	7.0	1.0	0.0	0.00015142857142857143
11983.0	7.0	1.0	0.0	0.00011571428571428572
11990.0	7.0	1.0	0.0	3.428571428571429e-05
11997.0	7.0	1.0	0.0	0.0
12004.0	7.0	1.0	0.0	1.5714285714285715e-05
12011.0	7.0	1.0	0.0	1.4285714285714286e-06
12018.0	7.0	1.0	0.0	1.4285714285714286e-06
12025.0	7.0	1.0	0.0	0.0
12032.0	7.0	1.0	0.0	3.571428571428572e-05
12039.0	7.0	1.0	0.0	0.0
12046.0	7.0	1.0	0.0	2e-05
12053.0	7.0	1.0	0.0	0.0003271428571428571
11330.0	7.0	1.0	0.0	6.857142857142857e-05
11337.0	7.0	1.0	0.0	1.7142857142857145e-05
11344.0	7.0	1.0	0.0	0.0
11351.0	7.0	1.0	0.0	3e-05
11358.0	7.0	1.0	0.0	4.285714285714286e-06
11365.0	7.0	1.0	0.0	2e-05
11372.0	7.0	1.0	0.0	2.2857142857142858e-05
11379.0	7.0	1.0	0.0	0.00013714285714285716
11386.0	7.0	1.0	0.0	0.00011857142857142859
11393.0	7.0	1.0	0.0	8.285714285714286e-05
11400.0	7.0	1.0	0.0	0.00025285714285714283
11407.0	7.0	1.0	0.0	6.571428571428571e-05
11414.0	7.0	1.0	0.0	4.428571428571428e-05
11421.0	7.0	1.0	0.0	0.00033857142857142853
11428.0	7.0	1.0	0.0	1.4285714285714286e-06
11435.0	7.0	1.0	0.0	0.00013
11442.0	7.0	1.0	0.0	0.00038714285714285717
11449.0	7.0	1.0	0.0	2.2857142857142855e-05
11456.0	7.0	1.0	0.0	1.4285714285714286e-06
11463.0	7.0	1.0	0.0	0.00016285714285714284
11470.0	7.0	1.0	0.0	0.0008142857142857143
11477.0	7.0	1.0	0.0	0.00112
11484.0	7.0	1.0	0.0	0.0008599999999999999
11491.0	7.0	1.0	0.0	0.001985714285714286
11498.0	7.0	1.0	0.0	0.0015285714285714284
11505.0	7.0	1.0	0.0	0.0011042857142857143
11512.0	7.0	1.0	0.0	0.0022742857142857144
11519.0	7.0	1.0	0.0	0.002665714285714286
11526.0	7.0	1.0	0.0	0.0035300000000000006
11533.0	7.0	1.0	0.0	0.002361428571428572
11540.0	7.0	1.0	0.0	0.00027428571428571427
11547.0	7.0	1.0	0.0	0.0007185714285714286
11554.0	7.0	1.0	0.0	0.0014414285714285714
11561.0	7.0	1.0	0.0	6.857142857142857e-05
11568.0	7.0	1.0	0.0	1.7142857142857142e-05
11575.0	7.0	1.0	0.0	2.2857142857142855e-05
11582.0	7.0	1.0	0.0	5.428571428571429e-05
11589.0	7.0	1.0	0.0	5.428571428571429e-05
11596.0	7.0	1.0	0.0	3.4285714285714284e-05
11603.0	7.0	1.0	0.0	4.571428571428571e-05
11610.0	7.0	1.0	0.0	3.285714285714286e-05
11617.0	7.0	1.0	0.0	0.0002014285714285714
11624.0	7.0	1.0	0.0	2.8571428571428574e-05
11631.0	7.0	1.0	0.0	0.0001257142857142857
11638.0	7.0	1.0	0.0	4.2857142857142855e-06
11645.0	7.0	1.0	0.0	7.1428571428571436e-06
11652.0	7.0	1.0	0.0	1e-05
11659.0	7.0	1.0	0.0	0.00014142857142857143
11666.0	7.0	1.0	0.0	2.8571428571428574e-05
11673.0	7.0	1.0	0.0	0.0
11680.0	7.0	1.0	0.0	1.4285714285714286e-06
11687.0	7.0	1.0	0.0	0.0
9502.0	7.0	1.0	0.0	3e-05
9509.0	7.0	1.0	0.0	0.0
9516.0	7.0	1.0	0.0	7.1428571428571436e-06
9523.0	7.0	1.0	0.0	5.428571428571429e-05
9530.0	7.0	1.0	0.0	1.4285714285714286e-06
9537.0	7.0	1.0	0.0	0.0
9544.0	7.0	1.0	0.0	1.4285714285714286e-06
9551.0	7.0	1.0	0.0	3.428571428571429e-05
9558.0	7.0	1.0	0.0	0.00010999999999999999
9565.0	7.0	1.0	0.0	2.8571428571428573e-06
9572.0	7.0	1.0	0.0	0.00017
9579.0	7.0	1.0	0.0	2.2857142857142858e-05
9586.0	7.0	1.0	0.0	0.00023285714285714286
9593.0	7.0	1.0	0.0	0.00016571428571428572
9600.0	7.0	1.0	0.0	7.714285714285714e-05
9607.0	7.0	1.0	0.0	0.0009014285714285714
9614.0	7.0	1.0	0.0	0.0017485714285714288
9621.0	7.0	1.0	0.0	0.0038057142857142864
9628.0	7.0	1.0	0.0	0.0012828571428571429
9635.0	7.0	1.0	0.0	0.0028971428571428572
9642.0	7.0	1.0	0.0	0.0014814285714285715
9649.0	7.0	1.0	0.0	7.285714285714286e-05
9656.0	7.0	1.0	0.0	6.142857142857142e-05
9663.0	7.0	1.0	0.0	0.00010714285714285715
9670.0	7.0	1.0	0.0	0.0005442857142857143
9677.0	7.0	1.0	0.0	0.00020285714285714286
9684.0	7.0	1.0	0.0	0.0012171428571428572
9691.0	7.0	1.0	0.0	0.0030085714285714286
9698.0	7.0	1.0	0.0	0.0023771428571428567
9705.0	7.0	1.0	0.0	0.00041285714285714287
9712.0	7.0	1.0	0.0	1.8571428571428575e-05
9719.0	7.0	1.0	0.0	1.7142857142857145e-05
9726.0	7.0	1.0	0.0	3.571428571428572e-05
9733.0	7.0	1.0	0.0	3.4285714285714284e-05
9740.0	7.0	1.0	0.0	0.0
9747.0	7.0	1.0	0.0	0.0
9754.0	7.0	1.0	0.0	0.0
9761.0	7.0	1.0	0.0	0.00013
9768.0	7.0	1.0	0.0	4.428571428571428e-05
9775.0	7.0	1.0	0.0	0.00016142857142857145
9782.0	7.0	1.0	0.0	0.0002785714285714286
9789.0	7.0	1.0	0.0	8.428571428571427e-05
9796.0	7.0	1.0	0.0	0.0
9803.0	7.0	1.0	0.0	5.2857142857142855e-05
9810.0	7.0	1.0	0.0	7e-05
9817.0	7.0	1.0	0.0	0.00012857142857142858
9824.0	7.0	1.0	0.0	0.00033285714285714293
9831.0	7.0	1.0	0.0	0.00011
9838.0	7.0	1.0	0.0	0.0
9845.0	7.0	1.0	0.0	0.0
9852.0	7.0	1.0	0.0	1.7142857142857142e-05
9859.0	7.0	1.0	0.0	6.571428571428571e-05
14979.0	7.0	1.0	0.0	4.714285714285715e-05
14986.0	7.0	1.0	0.0	0.0001142857142857143
14993.0	7.0	1.0	0.0	5.571428571428572e-05
15000.0	7.0	1.0	0.0	9.142857142857142e-05
15007.0	7.0	1.0	0.0	5.142857142857142e-05
15014.0	7.0	1.0	0.0	5e-05
15021.0	7.0	1.0	0.0	0.00011142857142857144
15028.0	7.0	1.0	0.0	0.0
15035.0	7.0	1.0	0.0	1.4285714285714286e-06
15042.0	7.0	1.0	0.0	1e-05
15049.0	7.0	1.0	0.0	3e-05
15056.0	7.0	1.0	0.0	3.714285714285715e-05
15063.0	7.0	1.0	0.0	4.714285714285714e-05
15070.0	7.0	1.0	0.0	2.2857142857142855e-05
15077.0	7.0	1.0	0.0	2.8571428571428573e-06
15084.0	7.0	1.0	0.0	0.0
15091.0	7.0	1.0	0.0	0.00011142857142857143
15098.0	7.0	1.0	0.0	0.0006214285714285714
15105.0	7.0	1.0	0.0	0.0009585714285714285
15112.0	7.0	1.0	0.0	0.0030557142857142857
15119.0	7.0	1.0	0.0	0.0031528571428571426
15126.0	7.0	1.0	0.0	0.004145714285714286
15133.0	7.0	1.0	0.0	0.0025385714285714287
15140.0	7.0	1.0	0.0	0.0005700000000000001
15147.0	7.0	1.0	0.0	0.0006000000000000001
15154.0	7.0	1.0	0.0	0.0009471428571428572
15161.0	7.0	1.0	0.0	0.0005185714285714285
15168.0	7.0	1.0	0.0	6.42857142857143e-05
15175.0	7.0	1.0	0.0	0.0001342857142857143
15182.0	7.0	1.0	0.0	7.1428571428571436e-06
15189.0	7.0	1.0	0.0	0.00020142857142857142
15196.0	7.0	1.0	0.0	2.8571428571428573e-06
15203.0	7.0	1.0	0.0	0.00017714285714285713
15210.0	7.0	1.0	0.0	0.0
15217.0	7.0	1.0	0.0	1.4285714285714286e-06
15224.0	7.0	1.0	0.0	0.0002014285714285714
15231.0	7.0	1.0	0.0	0.00012571428571428572
15238.0	7.0	1.0	0.0	0.00037142857142857143
15245.0	7.0	1.0	0.0	0.0002985714285714286
15252.0	7.0	1.0	0.0	0.00020142857142857142
15259.0	7.0	1.0	0.0	6.285714285714286e-05
15266.0	7.0	1.0	0.0	0.00022142857142857145
15273.0	7.0	1.0	0.0	9.428571428571429e-05
15280.0	7.0	1.0	0.0	0.00013428571428571428
15287.0	7.0	1.0	0.0	0.00012142857142857144
15294.0	7.0	1.0	0.0	0.00016571428571428572
15301.0	7.0	1.0	0.0	0.00015714285714285716
15308.0	7.0	1.0	0.0	2.8571428571428574e-05
15315.0	7.0	1.0	0.0	0.00016571428571428572
15322.0	7.0	1.0	0.0	7.285714285714286e-05
15329.0	7.0	1.0	0.0	5.7142857142857145e-06
15336.0	7.0	1.0	0.0	2.8571428571428573e-06
10230.0	7.0	1.0	0.0	4.2857142857142855e-06
10237.0	7.0	1.0	0.0	0.0
10244.0	7.0	1.0	0.0	1.7142857142857145e-05
10251.0	7.0	1.0	0.0	0.0
10258.0	7.0	1.0	0.0	0.00011285714285714286
10265.0	7.0	1.0	0.0	0.00031714285714285715
10272.0	7.0	1.0	0.0	8.428571428571429e-05
10279.0	7.0	1.0	0.0	0.00012714285714285714
10286.0	7.0	1.0	0.0	5.857142857142857e-05
10293.0	7.0	1.0	0.0	0.00016428571428571428
10300.0	7.0	1.0	0.0	0.0004271428571428571
10307.0	7.0	1.0	0.0	0.0012942857142857144
10314.0	7.0	1.0	0.0	0.005367142857142857
10321.0	7.0	1.0	0.0	0.004708571428571428
10328.0	7.0	1.0	0.0	0.0037328571428571424
10335.0	7.0	1.0	0.0	0.002282857142857143
10342.0	7.0	1.0	0.0	0.0020357142857142857
10349.0	7.0	1.0	0.0	0.0016400000000000002
10356.0	7.0	1.0	0.0	0.004385714285714285
10363.0	7.0	1.0	0.0	0.003194285714285714
10370.0	7.0	1.0	0.0	0.003915714285714285
10377.0	7.0	1.0	0.0	0.004045714285714285
10384.0	7.0	1.0	0.0	0.0028171428571428575
10391.0	7.0	1.0	0.0	0.0032557142857142854
10398.0	7.0	1.0	0.0	0.003132857142857143
10405.0	7.0	1.0	0.0	0.002975714285714286
10412.0	7.0	1.0	0.0	0.0011014285714285713
10419.0	7.0	1.0	0.0	0.00211
10426.0	7.0	1.0	0.0	0.002787142857142857
10433.0	7.0	1.0	0.0	0.0035971428571428573
10440.0	7.0	1.0	0.0	0.0031228571428571425
10447.0	7.0	1.0	0.0	0.00232
10454.0	7.0	1.0	0.0	0.00019857142857142857
10461.0	7.0	1.0	0.0	8.714285714285715e-05
10468.0	7.0	1.0	0.0	0.00019
10475.0	7.0	1.0	0.0	0.00013
10482.0	7.0	1.0	0.0	0.00039000000000000005
10489.0	7.0	1.0	0.0	0.0009699999999999998
10496.0	7.0	1.0	0.0	0.0007599999999999999
10503.0	7.0	1.0	0.0	1.2857142857142857e-05
10510.0	7.0	1.0	0.0	6.142857142857143e-05
10517.0	7.0	1.0	0.0	0.0004957142857142857
10524.0	7.0	1.0	0.0	0.0
10531.0	7.0	1.0	0.0	0.00020999999999999998
10538.0	7.0	1.0	0.0	5.7142857142857145e-06
10545.0	7.0	1.0	0.0	1.4285714285714286e-06
10552.0	7.0	1.0	0.0	1.857142857142857e-05
10559.0	7.0	1.0	0.0	3.4285714285714284e-05
10566.0	7.0	1.0	0.0	2.8571428571428573e-06
10573.0	7.0	1.0	0.0	1.4285714285714286e-06
10580.0	7.0	1.0	0.0	0.0
10587.0	7.0	1.0	0.0	0.0
4020.0	7.0	1.0	0.0	0.0002757142857142857
4027.0	7.0	1.0	0.0	0.0
4034.0	7.0	1.0	0.0	3.4285714285714284e-05
4041.0	7.0	1.0	0.0	2.8571428571428573e-06
4048.0	7.0	1.0	0.0	4.2857142857142855e-06
4055.0	7.0	1.0	0.0	4.999999999999999e-05
4062.0	7.0	1.0	0.0	0.0005128571428571428
4069.0	7.0	1.0	0.0	0.0005971428571428571
4076.0	7.0	1.0	0.0	6e-05
4083.0	7.0	1.0	0.0	0.00047714285714285713
4090.0	7.0	1.0	0.0	0.002082857142857143
4097.0	7.0	1.0	0.0	0.004687142857142857
4104.0	7.0	1.0	0.0	0.004265714285714286
4111.0	7.0	1.0	0.0	0.0015985714285714286
4118.0	7.0	1.0	0.0	0.0003328571428571429
4125.0	7.0	1.0	0.0	0.0005542857142857143
4132.0	7.0	1.0	0.0	0.0009185714285714285
4139.0	7.0	1.0	0.0	0.00203
4146.0	7.0	1.0	0.0	0.003782857142857143
4153.0	7.0	1.0	0.0	0.0056500000000000005
4160.0	7.0	1.0	0.0	0.004024285714285714
4167.0	7.0	1.0	0.0	0.0034114285714285713
4174.0	7.0	1.0	0.0	0.0034371428571428574
4181.0	7.0	1.0	0.0	0.0034328571428571433
4188.0	7.0	1.0	0.0	0.0017099999999999997
4195.0	7.0	1.0	0.0	0.0013857142857142857
4202.0	7.0	1.0	0.0	0.00026
4209.0	7.0	1.0	0.0	0.00023142857142857145
4216.0	7.0	1.0	0.0	0.0006942857142857142
4223.0	7.0	1.0	0.0	0.0005257142857142856
4230.0	7.0	1.0	0.0	0.0010500000000000002
4237.0	7.0	1.0	0.0	0.0019185714285714288
4244.0	7.0	1.0	0.0	0.002358571428571428
4251.0	7.0	1.0	0.0	0.001225714285714286
4258.0	7.0	1.0	0.0	4.714285714285715e-05
4265.0	7.0	1.0	0.0	0.00016142857142857145
4272.0	7.0	1.0	0.0	0.0
4279.0	7.0	1.0	0.0	0.0
4286.0	7.0	1.0	0.0	0.0
4293.0	7.0	1.0	0.0	0.0002042857142857143
4300.0	7.0	1.0	0.0	0.0
4307.0	7.0	1.0	0.0	9.714285714285714e-05
4314.0	7.0	1.0	0.0	0.00010428571428571428
4321.0	7.0	1.0	0.0	4.428571428571428e-05
4328.0	7.0	1.0	0.0	0.00021571428571428571
4335.0	7.0	1.0	0.0	0.00010428571428571428
4342.0	7.0	1.0	0.0	0.0002442857142857143
4349.0	7.0	1.0	0.0	1.857142857142857e-05
4356.0	7.0	1.0	0.0	2.8571428571428573e-06
4363.0	7.0	1.0	0.0	0.0003585714285714286
4370.0	7.0	1.0	0.0	0.00015000000000000001
4377.0	7.0	1.0	0.0	0.00015000000000000001
13880.0	7.0	1.0	0.0	2.9999999999999997e-05
13887.0	7.0	1.0	0.0	3.714285714285716e-05
13894.0	7.0	1.0	0.0	2.8571428571428573e-06
13901.0	7.0	1.0	0.0	1.1428571428571427e-05
13908.0	7.0	1.0	0.0	2.8571428571428574e-05
13915.0	7.0	1.0	0.0	0.00011
13922.0	7.0	1.0	0.0	9e-05
13929.0	7.0	1.0	0.0	2.8571428571428573e-06
13936.0	7.0	1.0	0.0	5.428571428571429e-05
13943.0	7.0	1.0	0.0	0.00016142857142857145
13950.0	7.0	1.0	0.0	6.714285714285715e-05
13957.0	7.0	1.0	0.0	0.0001
13964.0	7.0	1.0	0.0	0.00042714285714285716
13971.0	7.0	1.0	0.0	0.0003457142857142857
13978.0	7.0	1.0	0.0	0.0007
13985.0	7.0	1.0	0.0	0.0011642857142857143
13992.0	7.0	1.0	0.0	0.00205
13999.0	7.0	1.0	0.0	0.0024814285714285715
14006.0	7.0	1.0	0.0	0.0038685714285714287
14013.0	7.0	1.0	0.0	0.003174285714285714
14020.0	7.0	1.0	0.0	0.0013228571428571428
14027.0	7.0	1.0	0.0	0.00010857142857142858
14034.0	7.0	1.0	0.0	2.1428571428571428e-05
14041.0	7.0	1.0	0.0	0.00018285714285714284
14048.0	7.0	1.0	0.0	0.0014071428571428572
14055.0	7.0	1.0	0.0	0.004432857142857143
14062.0	7.0	1.0	0.0	0.003125714285714286
14069.0	7.0	1.0	0.0	0.002695714285714286
14076.0	7.0	1.0	0.0	0.0014500000000000001
14083.0	7.0	1.0	0.0	0.00011714285714285715
14090.0	7.0	1.0	0.0	0.00034857142857142856
14097.0	7.0	1.0	0.0	0.0009542857142857143
14104.0	7.0	1.0	0.0	0.00019000000000000004
14111.0	7.0	1.0	0.0	5.5714285714285715e-05
14118.0	7.0	1.0	0.0	0.00013142857142857143
14125.0	7.0	1.0	0.0	6.857142857142857e-05
14132.0	7.0	1.0	0.0	0.00020999999999999998
14139.0	7.0	1.0	0.0	2.1428571428571428e-05
14146.0	7.0	1.0	0.0	0.0002528571428571429
14153.0	7.0	1.0	0.0	3.571428571428572e-05
14160.0	7.0	1.0	0.0	0.00031
14167.0	7.0	1.0	0.0	2.8571428571428574e-05
14174.0	7.0	1.0	0.0	0.00019285714285714286
14181.0	7.0	1.0	0.0	0.0
14188.0	7.0	1.0	0.0	0.00022285714285714283
14195.0	7.0	1.0	0.0	1.4285714285714286e-06
14202.0	7.0	1.0	0.0	0.0
14209.0	7.0	1.0	0.0	2.7142857142857144e-05
14216.0	7.0	1.0	0.0	4.2857142857142855e-06
14223.0	7.0	1.0	0.0	4.285714285714286e-06
14230.0	7.0	1.0	0.0	4.285714285714286e-06
14237.0	7.0	1.0	0.0	1.5714285714285715e-05
14244.0	7.0	1.0	0.0	4.428571428571428e-05
9868.0	7.0	1.0	0.0	3.142857142857143e-05
9875.0	7.0	1.0	0.0	0.0
9882.0	7.0	1.0	0.0	6.571428571428571e-05
9889.0	7.0	1.0	0.0	6.571428571428571e-05
9896.0	7.0	1.0	0.0	1.9999999999999998e-05
9903.0	7.0	1.0	0.0	1.2857142857142856e-05
9910.0	7.0	1.0	0.0	1.4285714285714286e-06
9917.0	7.0	1.0	0.0	0.0
9924.0	7.0	1.0	0.0	1.9999999999999998e-05
9931.0	7.0	1.0	0.0	0.00014285714285714287
9938.0	7.0	1.0	0.0	0.00014714285714285716
9945.0	7.0	1.0	0.0	0.0
9952.0	7.0	1.0	0.0	5.428571428571429e-05
9959.0	7.0	1.0	0.0	0.0002928571428571429
9966.0	7.0	1.0	0.0	0.00016285714285714284
9973.0	7.0	1.0	0.0	0.00014142857142857143
9980.0	7.0	1.0	0.0	0.0006528571428571429
9987.0	7.0	1.0	0.0	0.00026571428571428574
9994.0	7.0	1.0	0.0	0.00011571428571428572
10001.0	7.0	1.0	0.0	0.0010857142857142858
10008.0	7.0	1.0	0.0	0.004428571428571428
10015.0	7.0	1.0	0.0	0.005748571428571429
10022.0	7.0	1.0	0.0	0.003117142857142857
10029.0	7.0	1.0	0.0	0.0028385714285714286
10036.0	7.0	1.0	0.0	0.0014128571428571428
10043.0	7.0	1.0	0.0	7.714285714285714e-05
10050.0	7.0	1.0	0.0	5.285714285714286e-05
10057.0	7.0	1.0	0.0	5.7142857142857145e-06
10064.0	7.0	1.0	0.0	0.00017285714285714287
10071.0	7.0	1.0	0.0	0.00019999999999999996
10078.0	7.0	1.0	0.0	0.00027
10085.0	7.0	1.0	0.0	3.571428571428572e-05
10092.0	7.0	1.0	0.0	1.4285714285714287e-05
10099.0	7.0	1.0	0.0	0.00010714285714285715
10106.0	7.0	1.0	0.0	0.0006057142857142858
10113.0	7.0	1.0	0.0	0.0019014285714285715
10120.0	7.0	1.0	0.0	0.0032857142857142863
10127.0	7.0	1.0	0.0	0.0026471428571428575
10134.0	7.0	1.0	0.0	0.0012828571428571429
10141.0	7.0	1.0	0.0	1.8571428571428575e-05
10148.0	7.0	1.0	0.0	0.0
10155.0	7.0	1.0	0.0	0.0
10162.0	7.0	1.0	0.0	0.00015714285714285716
10169.0	7.0	1.0	0.0	0.0002
10176.0	7.0	1.0	0.0	0.0002757142857142857
10183.0	7.0	1.0	0.0	0.0
10190.0	7.0	1.0	0.0	5.428571428571429e-05
10197.0	7.0	1.0	0.0	1.4285714285714286e-06
10204.0	7.0	1.0	0.0	6e-05
10211.0	7.0	1.0	0.0	4.571428571428571e-05
10218.0	7.0	1.0	0.0	1.4285714285714287e-05
10225.0	7.0	1.0	0.0	8.571428571428571e-06
12789.0	7.0	1.0	0.0	7.1428571428571436e-06
12796.0	7.0	1.0	0.0	1.4285714285714286e-06
12803.0	7.0	1.0	0.0	0.00014571428571428572
12810.0	7.0	1.0	0.0	0.0
12817.0	7.0	1.0	0.0	2.8571428571428573e-06
12824.0	7.0	1.0	0.0	1.1428571428571429e-05
12831.0	7.0	1.0	0.0	0.0
12838.0	7.0	1.0	0.0	1.5714285714285715e-05
12845.0	7.0	1.0	0.0	2.2857142857142855e-05
12852.0	7.0	1.0	0.0	0.00020285714285714286
12859.0	7.0	1.0	0.0	0.00023714285714285715
12866.0	7.0	1.0	0.0	0.0005314285714285714
12873.0	7.0	1.0	0.0	0.0003585714285714286
12880.0	7.0	1.0	0.0	0.00037571428571428575
12887.0	7.0	1.0	0.0	0.00012571428571428572
12894.0	7.0	1.0	0.0	0.00016285714285714284
12901.0	7.0	1.0	0.0	0.0007814285714285715
12908.0	7.0	1.0	0.0	0.0037799999999999995
12915.0	7.0	1.0	0.0	0.002531428571428571
12922.0	7.0	1.0	0.0	0.0008571428571428572
12929.0	7.0	1.0	0.0	0.000612857142857143
12936.0	7.0	1.0	0.0	0.002962857142857143
12943.0	7.0	1.0	0.0	0.0018271428571428573
12950.0	7.0	1.0	0.0	0.0018471428571428569
12957.0	7.0	1.0	0.0	0.0011599999999999998
12964.0	7.0	1.0	0.0	0.00012
12971.0	7.0	1.0	0.0	1.4285714285714287e-05
12978.0	7.0	1.0	0.0	0.0004014285714285714
12985.0	7.0	1.0	0.0	0.00228
12992.0	7.0	1.0	0.0	0.0020728571428571428
12999.0	7.0	1.0	0.0	0.0029885714285714285
13006.0	7.0	1.0	0.0	0.0015414285714285716
13013.0	7.0	1.0	0.0	0.00031999999999999997
13020.0	7.0	1.0	0.0	0.0010199999999999999
13027.0	7.0	1.0	0.0	0.0003342857142857143
13034.0	7.0	1.0	0.0	3e-05
13041.0	7.0	1.0	0.0	0.0003842857142857143
13048.0	7.0	1.0	0.0	0.00010285714285714286
13055.0	7.0	1.0	0.0	5.428571428571429e-05
13062.0	7.0	1.0	0.0	0.00012571428571428572
13069.0	7.0	1.0	0.0	5.428571428571429e-05
13076.0	7.0	1.0	0.0	0.0001342857142857143
13083.0	7.0	1.0	0.0	1.4285714285714286e-06
13090.0	7.0	1.0	0.0	0.0
13097.0	7.0	1.0	0.0	1.4285714285714287e-05
13104.0	7.0	1.0	0.0	0.0
13111.0	7.0	1.0	0.0	7.1428571428571436e-06
13118.0	7.0	1.0	0.0	2.8571428571428573e-06
13125.0	7.0	1.0	0.0	1.4285714285714286e-06
13132.0	7.0	1.0	0.0	0.0
13139.0	7.0	1.0	0.0	1e-05
13146.0	7.0	1.0	0.0	2.2857142857142858e-05
8770.0	7.0	1.0	0.0	0.0003942857142857143
8777.0	7.0	1.0	0.0	4.2857142857142856e-05
8784.0	7.0	1.0	0.0	6e-05
8791.0	7.0	1.0	0.0	0.00031999999999999997
8798.0	7.0	1.0	0.0	0.00031857142857142853
8805.0	7.0	1.0	0.0	0.00056
8812.0	7.0	1.0	0.0	0.000872857142857143
8819.0	7.0	1.0	0.0	0.0019
8826.0	7.0	1.0	0.0	0.00025714285714285715
8833.0	7.0	1.0	0.0	0.0
8840.0	7.0	1.0	0.0	8.285714285714286e-05
8847.0	7.0	1.0	0.0	0.0005885714285714286
8854.0	7.0	1.0	0.0	0.004434285714285715
8861.0	7.0	1.0	0.0	0.005892857142857143
8868.0	7.0	1.0	0.0	0.00578
8875.0	7.0	1.0	0.0	0.004294285714285715
8882.0	7.0	1.0	0.0	0.0012728571428571429
8889.0	7.0	1.0	0.0	0.0013642857142857141
8896.0	7.0	1.0	0.0	0.0028885714285714283
8903.0	7.0	1.0	0.0	0.0021285714285714285
8910.0	7.0	1.0	0.0	0.0026799999999999997
8917.0	7.0	1.0	0.0	0.004118571428571428
8924.0	7.0	1.0	0.0	0.0028199999999999996
8931.0	7.0	1.0	0.0	0.001772857142857143
8938.0	7.0	1.0	0.0	0.006797142857142857
8945.0	7.0	1.0	0.0	0.008605714285714284
8952.0	7.0	1.0	0.0	0.005357142857142857
8959.0	7.0	1.0	0.0	0.00369
8966.0	7.0	1.0	0.0	0.0038471428571428576
8973.0	7.0	1.0	0.0	0.0033900000000000002
8980.0	7.0	1.0	0.0	0.0035228571428571427
8987.0	7.0	1.0	0.0	0.0020914285714285718
8994.0	7.0	1.0	0.0	0.00231
9001.0	7.0	1.0	0.0	0.0006357142857142857
9008.0	7.0	1.0	0.0	7.000000000000001e-05
9015.0	7.0	1.0	0.0	0.0
9022.0	7.0	1.0	0.0	0.00018857142857142857
9029.0	7.0	1.0	0.0	0.00025428571428571427
9036.0	7.0	1.0	0.0	0.0001142857142857143
9043.0	7.0	1.0	0.0	0.0001
9050.0	7.0	1.0	0.0	0.0002357142857142857
9057.0	7.0	1.0	0.0	1.4285714285714287e-05
9064.0	7.0	1.0	0.0	5.000000000000001e-05
9071.0	7.0	1.0	0.0	6.714285714285715e-05
9078.0	7.0	1.0	0.0	4.2857142857142855e-06
9085.0	7.0	1.0	0.0	0.00015
9092.0	7.0	1.0	0.0	0.0
9099.0	7.0	1.0	0.0	7.142857142857143e-05
9106.0	7.0	1.0	0.0	8.571428571428573e-06
9113.0	7.0	1.0	0.0	1.8571428571428575e-05
9120.0	7.0	1.0	0.0	2.8571428571428574e-05
9127.0	7.0	1.0	0.0	1.5714285714285715e-05
12421.0	7.0	1.0	0.0	3.4285714285714284e-05
12428.0	7.0	1.0	0.0	0.00013285714285714287
12435.0	7.0	1.0	0.0	0.00014714285714285716
12442.0	7.0	1.0	0.0	0.00012428571428571428
12449.0	7.0	1.0	0.0	0.0
12456.0	7.0	1.0	0.0	0.0001342857142857143
12463.0	7.0	1.0	0.0	2.2857142857142858e-05
12470.0	7.0	1.0	0.0	3.571428571428572e-05
12477.0	7.0	1.0	0.0	7.1428571428571436e-06
12484.0	7.0	1.0	0.0	0.00012142857142857144
12491.0	7.0	1.0	0.0	0.0011485714285714287
12498.0	7.0	1.0	0.0	0.00018714285714285713
12505.0	7.0	1.0	0.0	0.00020285714285714286
12512.0	7.0	1.0	0.0	8.142857142857142e-05
12519.0	7.0	1.0	0.0	7.571428571428571e-05
12526.0	7.0	1.0	0.0	0.0002157142857142857
12533.0	7.0	1.0	0.0	0.0002928571428571429
12540.0	7.0	1.0	0.0	0.00034428571428571424
12547.0	7.0	1.0	0.0	5.285714285714287e-05
12554.0	7.0	1.0	0.0	0.0010314285714285716
12561.0	7.0	1.0	0.0	0.00412
12568.0	7.0	1.0	0.0	0.0038800000000000006
12575.0	7.0	1.0	0.0	0.0016842857142857143
12582.0	7.0	1.0	0.0	0.0010785714285714285
12589.0	7.0	1.0	0.0	0.00304
12596.0	7.0	1.0	0.0	0.003437142857142857
12603.0	7.0	1.0	0.0	0.0009114285714285715
12610.0	7.0	1.0	0.0	0.00136
12617.0	7.0	1.0	0.0	0.0012085714285714286
12624.0	7.0	1.0	0.0	0.0001942857142857143
12631.0	7.0	1.0	0.0	0.00027428571428571427
12638.0	7.0	1.0	0.0	2.7142857142857144e-05
12645.0	7.0	1.0	0.0	2.8571428571428573e-06
12652.0	7.0	1.0	0.0	0.00027714285714285715
12659.0	7.0	1.0	0.0	9.857142857142858e-05
12666.0	7.0	1.0	0.0	0.00015571428571428572
12673.0	7.0	1.0	0.0	0.00034142857142857146
12680.0	7.0	1.0	0.0	0.00027428571428571427
12687.0	7.0	1.0	0.0	7.285714285714285e-05
12694.0	7.0	1.0	0.0	4.428571428571428e-05
12701.0	7.0	1.0	0.0	0.00021285714285714286
12708.0	7.0	1.0	0.0	0.00011571428571428572
12715.0	7.0	1.0	0.0	0.0001
12722.0	7.0	1.0	0.0	5.714285714285715e-05
12729.0	7.0	1.0	0.0	0.0
12736.0	7.0	1.0	0.0	2.1428571428571428e-05
12743.0	7.0	1.0	0.0	0.0
12750.0	7.0	1.0	0.0	3.714285714285715e-05
12757.0	7.0	1.0	0.0	3.4285714285714284e-05
12764.0	7.0	1.0	0.0	0.0
12771.0	7.0	1.0	0.0	1.4285714285714287e-05
12778.0	7.0	1.0	0.0	0.00015714285714285713
1827.0	7.0	1.0	0.0	0.0
1834.0	7.0	1.0	0.0	7.1428571428571436e-06
1841.0	7.0	1.0	0.0	4e-05
1848.0	7.0	1.0	0.0	0.0
1855.0	7.0	1.0	0.0	8.571428571428571e-06
1862.0	7.0	1.0	0.0	4.142857142857143e-05
1869.0	7.0	1.0	0.0	0.0002971428571428572
1876.0	7.0	1.0	0.0	0.00018857142857142857
1883.0	7.0	1.0	0.0	0.00011714285714285715
1890.0	7.0	1.0	0.0	4.428571428571428e-05
1897.0	7.0	1.0	0.0	5.2857142857142855e-05
1904.0	7.0	1.0	0.0	2.8571428571428573e-06
1911.0	7.0	1.0	0.0	0.0
1918.0	7.0	1.0	0.0	0.00035571428571428576
1925.0	7.0	1.0	0.0	0.00016428571428571428
1932.0	7.0	1.0	0.0	0.000807142857142857
1939.0	7.0	1.0	0.0	0.0005
1946.0	7.0	1.0	0.0	0.0022800000000000003
1953.0	7.0	1.0	0.0	0.0010371428571428571
1960.0	7.0	1.0	0.0	0.0001785714285714286
1967.0	7.0	1.0	0.0	0.00011857142857142858
1974.0	7.0	1.0	0.0	0.00016714285714285716
1981.0	7.0	1.0	0.0	3.285714285714286e-05
1988.0	7.0	1.0	0.0	2.7142857142857144e-05
1995.0	7.0	1.0	0.0	0.00014285714285714287
2002.0	7.0	1.0	0.0	0.00027
2009.0	7.0	1.0	0.0	0.00011714285714285715
2016.0	7.0	1.0	0.0	0.0020085714285714286
2023.0	7.0	1.0	0.0	0.002318571428571429
2030.0	7.0	1.0	0.0	0.0007471428571428571
2037.0	7.0	1.0	0.0	3.857142857142858e-05
2044.0	7.0	1.0	0.0	0.00011142857142857143
2051.0	7.0	1.0	0.0	0.0006428571428571429
2058.0	7.0	1.0	0.0	0.0011242857142857144
2065.0	7.0	1.0	0.0	7.714285714285714e-05
2072.0	7.0	1.0	0.0	0.0
2079.0	7.0	1.0	0.0	7.999999999999999e-05
2086.0	7.0	1.0	0.0	0.0
2093.0	7.0	1.0	0.0	0.0
2100.0	7.0	1.0	0.0	2.571428571428571e-05
2107.0	7.0	1.0	0.0	8.571428571428573e-06
2114.0	7.0	1.0	0.0	2.8571428571428573e-06
2121.0	7.0	1.0	0.0	0.0
2128.0	7.0	1.0	0.0	0.0
2135.0	7.0	1.0	0.0	0.0
2142.0	7.0	1.0	0.0	0.0
2149.0	7.0	1.0	0.0	0.0
2156.0	7.0	1.0	0.0	0.0
2163.0	7.0	1.0	0.0	8.571428571428571e-06
2170.0	7.0	1.0	0.0	7.1428571428571436e-06
2177.0	7.0	1.0	0.0	3.142857142857143e-05
2184.0	7.0	1.0	0.0	0.0
2191.0	7.0	1.0	0.0	0.0
7677.0	7.0	1.0	0.0	0.0
7684.0	7.0	1.0	0.0	0.0
7691.0	7.0	1.0	0.0	4.2857142857142855e-06
7698.0	7.0	1.0	0.0	1.1428571428571427e-05
7705.0	7.0	1.0	0.0	0.0
7712.0	7.0	1.0	0.0	0.0
7719.0	7.0	1.0	0.0	2e-05
7726.0	7.0	1.0	0.0	0.00020285714285714286
7733.0	7.0	1.0	0.0	2.571428571428571e-05
7740.0	7.0	1.0	0.0	6.142857142857143e-05
7747.0	7.0	1.0	0.0	0.00022999999999999998
7754.0	7.0	1.0	0.0	0.00020999999999999998
7761.0	7.0	1.0	0.0	0.0003
7768.0	7.0	1.0	0.0	0.0004285714285714286
7775.0	7.0	1.0	0.0	0.0006742857142857143
7782.0	7.0	1.0	0.0	0.001072857142857143
7789.0	7.0	1.0	0.0	0.0006371428571428572
7796.0	7.0	1.0	0.0	3.571428571428572e-05
7803.0	7.0	1.0	0.0	0.0001457142857142857
7810.0	7.0	1.0	0.0	0.0012785714285714288
7817.0	7.0	1.0	0.0	0.0006071428571428571
7824.0	7.0	1.0	0.0	0.00031571428571428576
7831.0	7.0	1.0	0.0	0.0010428571428571427
7838.0	7.0	1.0	0.0	0.0003128571428571428
7845.0	7.0	1.0	0.0	5.428571428571429e-05
7852.0	7.0	1.0	0.0	3e-05
7859.0	7.0	1.0	0.0	0.0003971428571428571
7866.0	7.0	1.0	0.0	0.0011385714285714285
7873.0	7.0	1.0	0.0	0.00013857142857142857
7880.0	7.0	1.0	0.0	2.7142857142857144e-05
7887.0	7.0	1.0	0.0	5.2857142857142855e-05
7894.0	7.0	1.0	0.0	4.285714285714286e-05
7901.0	7.0	1.0	0.0	0.0001557142857142857
7908.0	7.0	1.0	0.0	0.00035428571428571437
7915.0	7.0	1.0	0.0	0.00022428571428571427
7922.0	7.0	1.0	0.0	0.00011285714285714286
7929.0	7.0	1.0	0.0	8.428571428571429e-05
7936.0	7.0	1.0	0.0	0.00029
7943.0	7.0	1.0	0.0	0.00013285714285714287
7950.0	7.0	1.0	0.0	0.00017142857142857145
7957.0	7.0	1.0	0.0	8.571428571428571e-06
7964.0	7.0	1.0	0.0	2.142857142857143e-05
7971.0	7.0	1.0	0.0	0.0003728571428571428
7978.0	7.0	1.0	0.0	4.142857142857143e-05
7985.0	7.0	1.0	0.0	0.0
7992.0	7.0	1.0	0.0	9.142857142857143e-05
7999.0	7.0	1.0	0.0	3.285714285714286e-05
8006.0	7.0	1.0	0.0	9.571428571428571e-05
8013.0	7.0	1.0	0.0	1.8571428571428575e-05
8020.0	7.0	1.0	0.0	6.285714285714286e-05
8027.0	7.0	1.0	0.0	0.0
8034.0	7.0	1.0	0.0	0.0
7676.0	7.0	1.0	0.0	0.0
7683.0	7.0	1.0	0.0	0.0
7690.0	7.0	1.0	0.0	4.2857142857142855e-06
7697.0	7.0	1.0	0.0	1.1428571428571427e-05
7704.0	7.0	1.0	0.0	0.0
7711.0	7.0	1.0	0.0	0.0
7718.0	7.0	1.0	0.0	5.7142857142857145e-06
7725.0	7.0	1.0	0.0	0.00021714285714285715
7732.0	7.0	1.0	0.0	2.2857142857142855e-05
7739.0	7.0	1.0	0.0	2.5714285714285714e-05
7746.0	7.0	1.0	0.0	0.00026857142857142856
7753.0	7.0	1.0	0.0	9.285714285714286e-05
7760.0	7.0	1.0	0.0	0.0004171428571428572
7767.0	7.0	1.0	0.0	0.00041999999999999996
7774.0	7.0	1.0	0.0	0.0006371428571428572
7781.0	7.0	1.0	0.0	0.000957142857142857
7788.0	7.0	1.0	0.0	0.0007628571428571427
7795.0	7.0	1.0	0.0	7.142857142857143e-05
7802.0	7.0	1.0	0.0	0.00012285714285714284
7809.0	7.0	1.0	0.0	0.001157142857142857
7816.0	7.0	1.0	0.0	0.0007057142857142859
7823.0	7.0	1.0	0.0	0.00030285714285714285
7830.0	7.0	1.0	0.0	0.0009942857142857143
7837.0	7.0	1.0	0.0	0.0004014285714285715
7844.0	7.0	1.0	0.0	7.285714285714286e-05
7851.0	7.0	1.0	0.0	3e-05
7858.0	7.0	1.0	0.0	0.00028999999999999995
7865.0	7.0	1.0	0.0	0.001142857142857143
7872.0	7.0	1.0	0.0	0.00024
7879.0	7.0	1.0	0.0	2.8571428571428574e-05
7886.0	7.0	1.0	0.0	4.571428571428571e-05
7893.0	7.0	1.0	0.0	5e-05
7900.0	7.0	1.0	0.0	0.00010142857142857142
7907.0	7.0	1.0	0.0	0.00040714285714285717
7914.0	7.0	1.0	0.0	0.00010142857142857143
7921.0	7.0	1.0	0.0	0.00020142857142857142
7928.0	7.0	1.0	0.0	0.00012
7935.0	7.0	1.0	0.0	0.00029
7942.0	7.0	1.0	0.0	0.00013285714285714287
7949.0	7.0	1.0	0.0	0.00017142857142857145
7956.0	7.0	1.0	0.0	8.571428571428571e-06
7963.0	7.0	1.0	0.0	2.142857142857143e-05
7970.0	7.0	1.0	0.0	0.00032857142857142856
7977.0	7.0	1.0	0.0	8.571428571428573e-05
7984.0	7.0	1.0	0.0	0.0
7991.0	7.0	1.0	0.0	9.142857142857143e-05
7998.0	7.0	1.0	0.0	1.8571428571428575e-05
8005.0	7.0	1.0	0.0	0.00011
8012.0	7.0	1.0	0.0	1.8571428571428575e-05
8019.0	7.0	1.0	0.0	6.285714285714286e-05
8026.0	7.0	1.0	0.0	0.0
8033.0	3.0	1.0	0.0	0.0
