stress_period	sp_length	time_step	study (0 : TS or 1 : SS)	rech
0.0	1.0	1.0	1.0	0.00018863348445438214
1.0	21.0	1.0	0.0	3.315852937244233e-05
22.0	21.0	1.0	0.0	3.754316057477679e-05
43.0	21.0	1.0	0.0	3.0100186665852863e-05
64.0	21.0	1.0	0.0	2.5664829072498137e-05
85.0	21.0	1.0	0.0	1.88004629952567e-05
106.0	21.0	1.0	0.0	1.1505989801316034e-05
127.0	21.0	1.0	0.0	7.219995771135601e-06
148.0	21.0	1.0	0.0	2.197951362246492e-05
169.0	21.0	1.0	0.0	5.147071111769903e-06
190.0	21.0	1.0	0.0	7.846287318638391e-06
211.0	21.0	1.0	0.0	3.1852174018110547e-06
232.0	21.0	1.0	0.0	3.07881459593773e-06
253.0	21.0	1.0	0.0	5.319553578183228e-05
274.0	21.0	1.0	0.0	9.839143639518063e-05
295.0	21.0	1.0	0.0	5.514625140598134e-05
316.0	21.0	1.0	0.0	7.738767351421384e-05
337.0	21.0	1.0	0.0	6.259648005167642e-05
358.0	21.0	1.0	0.0	6.487167449224565e-05
379.0	21.0	1.0	0.0	0.00012903426942368037
400.0	21.0	1.0	0.0	0.0009824587049937856
421.0	21.0	1.0	0.0	0.0008907583327519904
442.0	21.0	1.0	0.0	0.00032619349161778577
463.0	21.0	1.0	0.0	9.609549386158658e-05
484.0	21.0	1.0	0.0	6.939515613373526e-05
505.0	21.0	1.0	0.0	2.8405144101097472e-05
526.0	21.0	1.0	0.0	1.4356703985305058e-05
547.0	21.0	1.0	0.0	8.260272798084077e-06
568.0	21.0	1.0	0.0	5.409958639315196e-06
589.0	21.0	1.0	0.0	4.841334940422148e-06
610.0	21.0	1.0	0.0	3.3447416055770145e-06
631.0	21.0	1.0	0.0	2.6177991004217236e-06
652.0	21.0	1.0	0.0	0.0007192807736850589
673.0	21.0	1.0	0.0	0.0002375596364338762
694.0	21.0	1.0	0.0	0.000307080859229619
715.0	21.0	1.0	0.0	0.0015670119694300617
736.0	21.0	1.0	0.0	0.0013549595787411095
757.0	21.0	1.0	0.0	0.000436457316080681
778.0	21.0	1.0	0.0	0.0009963142758323523
799.0	21.0	1.0	0.0	0.0003512446085611476
820.0	21.0	1.0	0.0	0.00010546874999997502
841.0	21.0	1.0	0.0	3.920745849609375e-05
862.0	21.0	1.0	0.0	1.8415905180431548e-05
883.0	21.0	1.0	0.0	1.0090419224330357e-05
904.0	21.0	1.0	0.0	6.753104073660713e-06
925.0	21.0	1.0	0.0	0.00020030310891921778
946.0	21.0	1.0	0.0	3.498525278908676e-05
967.0	21.0	1.0	0.0	1.3144694623493014e-05
988.0	21.0	1.0	0.0	7.178720973786855e-06
1009.0	21.0	1.0	0.0	3.9535221599392096e-05
1030.0	21.0	1.0	0.0	0.00015121456554955193
1051.0	21.0	1.0	0.0	0.0005034301621572809
1072.0	21.0	1.0	0.0	0.00041105801718570474
1093.0	21.0	1.0	0.0	0.0007941701071602475
1114.0	21.0	1.0	0.0	0.001830446515764462
1135.0	21.0	1.0	0.0	0.001218897501627562
1156.0	21.0	1.0	0.0	0.0004858282180059001
1177.0	21.0	1.0	0.0	0.0003585016159783619
1198.0	21.0	1.0	0.0	0.00015570649646573574
1219.0	21.0	1.0	0.0	6.027149018787203e-05
1240.0	21.0	1.0	0.0	2.7603149414062502e-05
1261.0	21.0	1.0	0.0	3.248814174107143e-05
1282.0	21.0	1.0	0.0	1.2450445265997024e-05
1303.0	21.0	1.0	0.0	7.3527009004638295e-06
1324.0	21.0	1.0	0.0	6.693779357842037e-06
1345.0	21.0	1.0	0.0	4.532454978852046e-06
1366.0	21.0	1.0	0.0	0.000427009090071596
1387.0	21.0	1.0	0.0	0.00010469068799698287
1408.0	21.0	1.0	0.0	0.00012739267803368726
1429.0	21.0	1.0	0.0	0.00023965522221150952
1450.0	21.0	1.0	0.0	0.00029016594659709996
1471.0	21.0	1.0	0.0	0.002162263870239205
1492.0	21.0	1.0	0.0	0.000979548136393181
1513.0	21.0	1.0	0.0	0.0005526900518507715
1534.0	21.0	1.0	0.0	0.0006949826195125953
1555.0	21.0	1.0	0.0	0.0002641750517345143
1576.0	21.0	1.0	0.0	7.175881522042052e-05
1597.0	21.0	1.0	0.0	7.970101492744882e-05
1618.0	21.0	1.0	0.0	3.1366257440476195e-05
1639.0	21.0	1.0	0.0	1.581064860026042e-05
1660.0	21.0	1.0	0.0	9.233897285802027e-06
1681.0	21.0	1.0	0.0	5.995459854602813e-06
1702.0	21.0	1.0	0.0	4.711899019422985e-06
1723.0	21.0	1.0	0.0	5.27334355172657e-06
1744.0	21.0	1.0	0.0	2.9778494721367242e-06
1765.0	21.0	1.0	0.0	0.00011366026884031945
1786.0	21.0	1.0	0.0	2.1803140640258785e-05
1807.0	21.0	1.0	0.0	9.715874989827474e-06
1828.0	21.0	1.0	0.0	0.0002135808467864687
1849.0	21.0	1.0	0.0	0.00016991047632121907
1870.0	21.0	1.0	0.0	0.00027151071457629525
1891.0	21.0	1.0	0.0	0.0011335878826322571
1912.0	21.0	1.0	0.0	0.0003535078139531571
1933.0	21.0	1.0	0.0	8.354132516042143e-05
1954.0	21.0	1.0	0.0	2.9023125058128715e-05
1975.0	21.0	1.0	0.0	1.3289315359933033e-05
1996.0	21.0	1.0	0.0	7.510775611514136e-06
2017.0	21.0	1.0	0.0	4.945845831008184e-06
2038.0	21.0	1.0	0.0	3.7337697687603164e-06
2059.0	21.0	1.0	0.0	2.774899204572042e-06
2080.0	21.0	1.0	0.0	2.1910560982567923e-06
2101.0	21.0	1.0	0.0	1.9354029780341118e-05
2122.0	21.0	1.0	0.0	7.354222592852725e-05
2143.0	21.0	1.0	0.0	0.00016438190142311075
2164.0	21.0	1.0	0.0	2.5932993207659043e-05
2185.0	21.0	1.0	0.0	1.9406750088646293e-05
2206.0	21.0	1.0	0.0	1.5263126009986516e-05
2227.0	21.0	1.0	0.0	3.567802338373093e-05
2248.0	21.0	1.0	0.0	5.0974482581728976e-05
2269.0	21.0	1.0	0.0	5.163456144787016e-05
2290.0	21.0	1.0	0.0	2.216016678583055e-05
2311.0	21.0	1.0	0.0	1.0512034098307293e-05
2332.0	21.0	1.0	0.0	6.29138946533203e-06
2353.0	21.0	1.0	0.0	4.270916893368676e-06
2374.0	21.0	1.0	0.0	3.0987603323800217e-06
2395.0	21.0	1.0	0.0	2.86823067636717e-06
2416.0	21.0	1.0	0.0	2.01404183393433e-06
2437.0	21.0	1.0	0.0	1.4815747383092405e-05
2458.0	21.0	1.0	0.0	0.00022400457376522604
2479.0	21.0	1.0	0.0	5.381497882660046e-05
2500.0	21.0	1.0	0.0	1.1789049421037946e-05
2521.0	21.0	1.0	0.0	9.762922922770183e-06
2542.0	21.0	1.0	0.0	8.319400605701267e-06
2563.0	21.0	1.0	0.0	1.048862366449265e-05
2584.0	21.0	1.0	0.0	3.397419339134453e-05
2605.0	21.0	1.0	0.0	2.1751517341250462e-05
2626.0	21.0	1.0	0.0	1.3517788478306363e-05
2647.0	21.0	1.0	0.0	9.40109434581938e-06
2668.0	21.0	1.0	0.0	6.24824705578032e-06
2689.0	21.0	1.0	0.0	4.645710899716332e-06
2710.0	21.0	1.0	0.0	9.28906032017299e-06
2731.0	21.0	1.0	0.0	2.1180152893064807e-05
2752.0	21.0	1.0	0.0	1.4220858347553298e-05
2773.0	21.0	1.0	0.0	7.515842981991313e-06
2794.0	21.0	1.0	0.0	2.1337306215649557e-06
2815.0	21.0	1.0	0.0	8.171577751635414e-05
2836.0	21.0	1.0	0.0	6.6184543427966895e-06
2857.0	21.0	1.0	0.0	5.114010402134486e-06
2878.0	21.0	1.0	0.0	4.5168479283642666e-05
2899.0	21.0	1.0	0.0	0.00010114807174317774
2920.0	21.0	1.0	0.0	4.979085922240617e-05
2941.0	21.0	1.0	0.0	2.1076701936267672e-05
2962.0	21.0	1.0	0.0	0.00010944377808340484
2983.0	21.0	1.0	0.0	0.00010318056742347215
3004.0	21.0	1.0	0.0	7.374409266880303e-05
3025.0	21.0	1.0	0.0	6.818053835913267e-05
3046.0	21.0	1.0	0.0	2.7809642610095796e-05
3067.0	21.0	1.0	0.0	1.319349379766555e-05
3088.0	21.0	1.0	0.0	7.32771555582682e-06
3109.0	21.0	1.0	0.0	4.698526291620164e-06
3130.0	21.0	1.0	0.0	3.376201149963197e-06
3151.0	21.0	1.0	0.0	3.163279167243413e-06
3172.0	21.0	1.0	0.0	2.3419310649236043e-06
3193.0	21.0	1.0	0.0	0.00037587317824360064
3214.0	21.0	1.0	0.0	9.728626977827135e-05
3235.0	21.0	1.0	0.0	0.00013920366196402086
3256.0	21.0	1.0	0.0	0.000140859331403414
3277.0	21.0	1.0	0.0	0.0005364084697904571
3298.0	21.0	1.0	0.0	0.0007113385881695857
3319.0	21.0	1.0	0.0	0.001705737341017895
3340.0	21.0	1.0	0.0	0.00043742443266363805
3361.0	21.0	1.0	0.0	0.00014836447579515358
3382.0	21.0	1.0	0.0	6.32836478097098e-05
3403.0	21.0	1.0	0.0	4.1620890299475294e-05
3424.0	21.0	1.0	0.0	2.3503621419270833e-05
3445.0	21.0	1.0	0.0	5.867948986234792e-05
3466.0	21.0	1.0	0.0	5.9783935546869954e-05
3487.0	21.0	1.0	0.0	1.1559715228421348e-05
3508.0	21.0	1.0	0.0	6.361775809810275e-06
3529.0	21.0	1.0	0.0	0.00047816780848159823
3550.0	21.0	1.0	0.0	4.917703356061646e-05
3571.0	21.0	1.0	0.0	0.0006365694772629156
3592.0	21.0	1.0	0.0	0.0006099060603550094
3613.0	21.0	1.0	0.0	0.0004090467180524095
3634.0	21.0	1.0	0.0	0.0007446835835774286
3655.0	21.0	1.0	0.0	0.0008885597955612333
3676.0	21.0	1.0	0.0	0.0007669092814127047
3697.0	21.0	1.0	0.0	0.00034015510195772376
3718.0	21.0	1.0	0.0	0.0002754690987722714
3739.0	21.0	1.0	0.0	0.00016038476853140208
3760.0	21.0	1.0	0.0	5.706859770275296e-05
3781.0	21.0	1.0	0.0	2.5666009812127976e-05
3802.0	21.0	1.0	0.0	1.5066237676711311e-05
3823.0	21.0	1.0	0.0	8.602687290736604e-06
3844.0	21.0	1.0	0.0	5.503336588541668e-06
3865.0	21.0	1.0	0.0	3.898102257932935e-06
3886.0	21.0	1.0	0.0	0.000133104241674854
3907.0	21.0	1.0	0.0	0.00020034827504838106
3928.0	21.0	1.0	0.0	1.2449355352492561e-05
3949.0	21.0	1.0	0.0	4.032802581786414e-05
3970.0	21.0	1.0	0.0	7.7927316938119e-05
3991.0	21.0	1.0	0.0	0.0004309265954153657
4012.0	21.0	1.0	0.0	0.0006877247038341238
4033.0	21.0	1.0	0.0	0.0005578413463773713
4054.0	21.0	1.0	0.0	0.00020102037702283813
4075.0	21.0	1.0	0.0	0.0001093050638834156
4096.0	21.0	1.0	0.0	0.00031864765712188097
4117.0	21.0	1.0	0.0	0.0002231854030063715
4138.0	21.0	1.0	0.0	0.00010253088814869999
4159.0	21.0	1.0	0.0	3.1613304501488095e-05
4180.0	21.0	1.0	0.0	1.3900756835937502e-05
4201.0	21.0	1.0	0.0	7.90986560639881e-06
4222.0	21.0	1.0	0.0	5.193266485418594e-06
4243.0	21.0	1.0	0.0	1.4914624392985229e-05
4264.0	21.0	1.0	0.0	0.0006200256049632843
4285.0	21.0	1.0	0.0	0.00043179670969640475
4306.0	21.0	1.0	0.0	0.0002961145128522238
4327.0	21.0	1.0	0.0	0.0003279300871349
4348.0	21.0	1.0	0.0	0.0003321876525878381
4369.0	21.0	1.0	0.0	0.0009958810352143238
4390.0	21.0	1.0	0.0	0.0015342723301478432
4411.0	21.0	1.0	0.0	0.0011470169793991378
4432.0	21.0	1.0	0.0	0.0007590168544223857
4453.0	21.0	1.0	0.0	0.00044856116885226197
4474.0	21.0	1.0	0.0	0.0004993111746651428
4495.0	21.0	1.0	0.0	0.0007447073800222763
4516.0	21.0	1.0	0.0	0.00017513602120531552
4537.0	21.0	1.0	0.0	4.650878906250001e-05
4558.0	21.0	1.0	0.0	1.9598098028273806e-05
4579.0	21.0	1.0	0.0	1.0422816588765099e-05
4600.0	21.0	1.0	0.0	6.5201109363919225e-06
4621.0	21.0	1.0	0.0	4.530390813237146e-06
4642.0	21.0	1.0	0.0	5.521080323628018e-06
4663.0	21.0	1.0	0.0	0.00018624381791975536
4684.0	21.0	1.0	0.0	0.00010341256005420438
4705.0	21.0	1.0	0.0	0.00023376167388187096
4726.0	21.0	1.0	0.0	0.0003969461804344143
4747.0	21.0	1.0	0.0	0.00026880382356184754
4768.0	21.0	1.0	0.0	0.00015438216073168098
4789.0	21.0	1.0	0.0	0.0002570045107886428
4810.0	21.0	1.0	0.0	0.0002862443469819048
4831.0	21.0	1.0	0.0	8.624576386949897e-05
4852.0	21.0	1.0	0.0	0.00010102953229631175
4873.0	21.0	1.0	0.0	4.477437337239584e-05
4894.0	21.0	1.0	0.0	2.1370660691034224e-05
4915.0	21.0	1.0	0.0	1.0830652146112351e-05
4936.0	21.0	1.0	0.0	6.768726167224702e-06
4957.0	21.0	1.0	0.0	4.574925062202272e-06
4978.0	21.0	1.0	0.0	3.3290219448861623e-06
4999.0	21.0	1.0	0.0	2.5744672332491193e-06
5020.0	21.0	1.0	0.0	2.1023679347265335e-06
5041.0	21.0	1.0	0.0	1.93994953518822e-06
5062.0	21.0	1.0	0.0	1.6029675801595055e-06
5083.0	21.0	1.0	0.0	2.2669932671954255e-05
5104.0	21.0	1.0	0.0	6.668926420664347e-05
5125.0	21.0	1.0	0.0	0.0002952517781938451
5146.0	21.0	1.0	0.0	0.0010662097022646475
5167.0	21.0	1.0	0.0	0.0037618333725701575
5188.0	21.0	1.0	0.0	0.0006943497430710096
5209.0	21.0	1.0	0.0	0.00018178195045103808
5230.0	21.0	1.0	0.0	7.490394228980178e-05
5251.0	21.0	1.0	0.0	2.9854184105282742e-05
5272.0	21.0	1.0	0.0	1.4686947777157739e-05
5293.0	21.0	1.0	0.0	8.336385091145833e-06
5314.0	21.0	1.0	0.0	5.492532359702247e-06
5335.0	21.0	1.0	0.0	3.945620819216682e-06
5356.0	21.0	1.0	0.0	1.8507626439840472e-05
5377.0	21.0	1.0	0.0	2.0297515959964687e-05
5398.0	21.0	1.0	0.0	1.8655385289873394e-05
5419.0	21.0	1.0	0.0	6.635904312133791e-06
5440.0	21.0	1.0	0.0	6.789134229931584e-05
5461.0	21.0	1.0	0.0	3.590608778453331e-05
5482.0	21.0	1.0	0.0	0.0008503478822253519
5503.0	21.0	1.0	0.0	0.0010166143689836192
5524.0	21.0	1.0	0.0	0.0004263866969516905
5545.0	21.0	1.0	0.0	0.00017128172374901904
5566.0	21.0	1.0	0.0	7.563763573055536e-05
5587.0	21.0	1.0	0.0	3.704833984374999e-05
5608.0	21.0	1.0	0.0	3.242093040829584e-05
5629.0	21.0	1.0	0.0	1.428349812825521e-05
5650.0	21.0	1.0	0.0	8.35691179547991e-06
5671.0	21.0	1.0	0.0	2.989287603468855e-05
5692.0	21.0	1.0	0.0	4.9452582995096855e-06
5713.0	21.0	1.0	0.0	6.020950987224953e-05
5734.0	21.0	1.0	0.0	0.00035568653969536476
5755.0	21.0	1.0	0.0	0.0003272592453729003
5776.0	21.0	1.0	0.0	0.00016486467633923334
5797.0	21.0	1.0	0.0	0.00015877805437356188
5818.0	21.0	1.0	0.0	0.00011368924095513207
5839.0	21.0	1.0	0.0	0.000587346485682859
5860.0	21.0	1.0	0.0	0.000621249425978838
5881.0	21.0	1.0	0.0	0.0009188228788829617
5902.0	21.0	1.0	0.0	0.0009382026309058286
5923.0	21.0	1.0	0.0	0.0022580838884625667
5944.0	21.0	1.0	0.0	0.0012307957240512955
5965.0	21.0	1.0	0.0	0.00018462408156618638
5986.0	21.0	1.0	0.0	6.0658772786458334e-05
6007.0	21.0	1.0	0.0	3.615606398809524e-05
6028.0	21.0	1.0	0.0	4.201543898809525e-05
6049.0	21.0	1.0	0.0	1.614657115368616e-05
6070.0	21.0	1.0	0.0	1.0338915955452691e-05
6091.0	21.0	1.0	0.0	8.989537046069192e-06
6112.0	21.0	1.0	0.0	5.4792506354195735e-06
6133.0	21.0	1.0	0.0	0.000599414095992099
6154.0	21.0	1.0	0.0	0.0008863873708815286
6175.0	21.0	1.0	0.0	0.00039776502336770475
6196.0	21.0	1.0	0.0	0.00023513866606207618
6217.0	21.0	1.0	0.0	0.0005886065165201428
6238.0	21.0	1.0	0.0	0.0008743151710146569
6259.0	21.0	1.0	0.0	0.00043657466343467147
6280.0	21.0	1.0	0.0	0.0014592695690336143
6301.0	21.0	1.0	0.0	0.0006614685058593334
6322.0	21.0	1.0	0.0	0.0001196172805059375
6343.0	21.0	1.0	0.0	4.110790434337798e-05
6364.0	21.0	1.0	0.0	1.9049508231026786e-05
6385.0	21.0	1.0	0.0	1.0763259161086307e-05
6406.0	21.0	1.0	0.0	6.78540278403532e-06
6427.0	21.0	1.0	0.0	6.599136672559238e-06
6448.0	21.0	1.0	0.0	2.1057357390716724e-05
6469.0	21.0	1.0	0.0	9.3999221211388e-06
6490.0	21.0	1.0	0.0	6.413913908458892e-06
6511.0	21.0	1.0	0.0	5.379696687062582e-06
6532.0	21.0	1.0	0.0	4.1490378833944525e-05
6553.0	21.0	1.0	0.0	4.4470520246596555e-05
6574.0	21.0	1.0	0.0	1.1869271596272788e-05
6595.0	21.0	1.0	0.0	0.00041145087423775803
6616.0	21.0	1.0	0.0	0.00027017561594640477
6637.0	21.0	1.0	0.0	0.00027419535319005714
6658.0	21.0	1.0	0.0	0.0001765772501627095
6679.0	21.0	1.0	0.0	0.0001417689550490337
6700.0	21.0	1.0	0.0	0.00020833651224768098
6721.0	21.0	1.0	0.0	0.00012735076177683763
6742.0	21.0	1.0	0.0	4.2521158854166666e-05
6763.0	21.0	1.0	0.0	1.7278398786272325e-05
6784.0	21.0	1.0	0.0	9.604964227903458e-06
6805.0	21.0	1.0	0.0	6.245425059681849e-06
6826.0	21.0	1.0	0.0	6.998704302878116e-05
6847.0	21.0	1.0	0.0	7.128812017894928e-06
6868.0	21.0	1.0	0.0	4.477835836864653e-06
6889.0	21.0	1.0	0.0	3.6305132366362072e-06
6910.0	21.0	1.0	0.0	3.5179569607689274e-06
6931.0	21.0	1.0	0.0	5.615188961937314e-06
6952.0	21.0	1.0	0.0	6.148054486229306e-06
6973.0	21.0	1.0	0.0	4.490372112818507e-05
6994.0	21.0	1.0	0.0	9.692818777900646e-05
7015.0	21.0	1.0	0.0	7.444540659585128e-05
7036.0	21.0	1.0	0.0	3.735045024326869e-05
7057.0	21.0	1.0	0.0	5.056079228718728e-05
7078.0	21.0	1.0	0.0	2.3313386099679133e-05
7099.0	21.0	1.0	0.0	1.0730652582077752e-05
7120.0	21.0	1.0	0.0	6.377628871372767e-06
7141.0	21.0	1.0	0.0	4.315681400753204e-06
7162.0	21.0	1.0	0.0	3.1592029900777896e-06
7183.0	21.0	1.0	0.0	0.00010910687418209142
7204.0	21.0	1.0	0.0	5.0901515143246805e-05
7225.0	21.0	1.0	0.0	0.00010923146066208852
7246.0	21.0	1.0	0.0	9.478725705827304e-05
7267.0	21.0	1.0	0.0	0.0004952383722577381
7288.0	21.0	1.0	0.0	0.0007562527429489285
7309.0	21.0	1.0	0.0	0.0005402679443358953
7330.0	21.0	1.0	0.0	0.0004926410856700477
7351.0	21.0	1.0	0.0	0.0007273926507858476
7372.0	21.0	1.0	0.0	0.00177066693987161
7393.0	21.0	1.0	0.0	0.0012368683587936666
7414.0	21.0	1.0	0.0	0.00022939627511157145
7435.0	21.0	1.0	0.0	6.221807570684165e-05
7456.0	21.0	1.0	0.0	2.496119907924107e-05
7477.0	21.0	1.0	0.0	1.2224469866071427e-05
7498.0	21.0	1.0	0.0	7.274797053209373e-06
7519.0	21.0	1.0	0.0	4.847731130818526e-06
7540.0	21.0	1.0	0.0	3.5250548805509294e-06
7561.0	21.0	1.0	0.0	2.709151733489264e-06
7582.0	21.0	1.0	0.0	2.2861177013033913e-06
7603.0	21.0	1.0	0.0	1.874004091535296e-06
7624.0	21.0	1.0	0.0	1.632183790206909e-06
7645.0	21.0	1.0	0.0	0.00013409148227598214
7666.0	21.0	1.0	0.0	0.0001033775692894198
7687.0	21.0	1.0	0.0	3.3212548210507344e-05
7708.0	21.0	1.0	0.0	0.0008425446919032209
7729.0	21.0	1.0	0.0	0.0005403045472644097
7750.0	21.0	1.0	0.0	0.00024897875104628095
7771.0	21.0	1.0	0.0	0.0002467397054036095
7792.0	21.0	1.0	0.0	7.745779128300357e-05
7813.0	21.0	1.0	0.0	3.081748599097842e-05
7834.0	21.0	1.0	0.0	1.6930171421595982e-05
7855.0	21.0	1.0	0.0	9.781973702566965e-06
7876.0	21.0	1.0	0.0	6.1963984654063254e-06
7897.0	21.0	1.0	0.0	4.47711596886317e-06
7918.0	21.0	1.0	0.0	1.622893412907831e-05
7939.0	21.0	1.0	0.0	6.429016590118406e-06
7960.0	21.0	1.0	0.0	3.4275026548476457e-06
7981.0	21.0	1.0	0.0	3.173850831531343e-06
8002.0	21.0	1.0	0.0	0.00015855943588981712
8023.0	21.0	1.0	0.0	0.0003989790280659571
8044.0	21.0	1.0	0.0	0.0009296688352311904
8065.0	21.0	1.0	0.0	0.0021380796886625144
8086.0	21.0	1.0	0.0	0.0025276216779435952
8107.0	21.0	1.0	0.0	0.0007896779378254668
8128.0	21.0	1.0	0.0	0.00038570149739578093
8149.0	21.0	1.0	0.0	0.00011571902320496369
8170.0	21.0	1.0	0.0	0.0001093212309337732
8191.0	21.0	1.0	0.0	4.7090802873883314e-05
8212.0	21.0	1.0	0.0	1.935032435825893e-05
8233.0	21.0	1.0	0.0	1.145273092247191e-05
8254.0	21.0	1.0	0.0	7.616211261068072e-06
8275.0	21.0	1.0	0.0	5.006425437473115e-06
8296.0	21.0	1.0	0.0	3.673823106856573e-06
8317.0	21.0	1.0	0.0	1.98605954647058e-05
8338.0	21.0	1.0	0.0	4.745585577828543e-06
8359.0	21.0	1.0	0.0	4.92489706902216e-05
8380.0	21.0	1.0	0.0	0.00010175467105137604
8401.0	21.0	1.0	0.0	1.9152527763730005e-05
8422.0	21.0	1.0	0.0	1.5028681073869977e-05
8443.0	21.0	1.0	0.0	1.234059106735956e-05
8464.0	21.0	1.0	0.0	1.9837538401281193e-05
8485.0	21.0	1.0	0.0	5.6260426839183193e-05
8506.0	21.0	1.0	0.0	2.0600432441348124e-05
8527.0	21.0	1.0	0.0	1.2829916817801335e-05
8548.0	21.0	1.0	0.0	1.2434119269961403e-05
8569.0	21.0	1.0	0.0	6.340844290597099e-06
8590.0	21.0	1.0	0.0	7.3045776003883e-06
8611.0	21.0	1.0	0.0	5.8490222408657986e-06
8632.0	21.0	1.0	0.0	7.6133140495845265e-06
8653.0	21.0	1.0	0.0	2.9306809107462574e-06
8674.0	21.0	1.0	0.0	0.00050832306487216
8695.0	21.0	1.0	0.0	8.093738555907805e-05
8716.0	21.0	1.0	0.0	0.00010852441333587889
8737.0	21.0	1.0	0.0	0.0001902684711274143
8758.0	21.0	1.0	0.0	0.00019552803039545714
8779.0	21.0	1.0	0.0	0.00012388329278849522
8800.0	21.0	1.0	0.0	8.17546844482372e-05
8821.0	21.0	1.0	0.0	5.0924028669084815e-05
8842.0	21.0	1.0	0.0	4.0172304425920766e-05
8863.0	21.0	1.0	0.0	2.795355660574777e-05
8884.0	21.0	1.0	0.0	1.5503202165876115e-05
8905.0	21.0	1.0	0.0	9.098234630766367e-06
8926.0	21.0	1.0	0.0	5.600338890438988e-06
8947.0	21.0	1.0	0.0	4.16156223842076e-06
8968.0	21.0	1.0	0.0	4.493382094161851e-06
8989.0	21.0	1.0	0.0	3.5415666976145333e-06
9010.0	21.0	1.0	0.0	5.033941566943784e-05
9031.0	21.0	1.0	0.0	5.779703458150228e-06
9052.0	21.0	1.0	0.0	2.1369286945887975e-06
9073.0	21.0	1.0	0.0	3.00511292048863e-06
9094.0	21.0	1.0	0.0	4.304028692699615e-06
9115.0	21.0	1.0	0.0	0.00010028008619942677
9136.0	21.0	1.0	0.0	9.816443352469531e-05
9157.0	21.0	1.0	0.0	0.00017750537963136915
9178.0	21.0	1.0	0.0	0.00012924144381565612
9199.0	21.0	1.0	0.0	0.00034679285685216193
9220.0	21.0	1.0	0.0	0.00026092892601372377
9241.0	21.0	1.0	0.0	9.20660836355945e-05
9262.0	21.0	1.0	0.0	3.4616742815290176e-05
9283.0	21.0	1.0	0.0	1.7277853829520088e-05
9304.0	21.0	1.0	0.0	9.640194120861235e-06
9325.0	21.0	1.0	0.0	7.315018702121008e-06
9346.0	21.0	1.0	0.0	4.75835906607764e-06
9367.0	21.0	1.0	0.0	2.6285043784546633e-05
9388.0	21.0	1.0	0.0	2.3796075866334364e-05
9409.0	21.0	1.0	0.0	7.673672267368863e-06
9430.0	21.0	1.0	0.0	1.1474081448146275e-05
9451.0	21.0	1.0	0.0	0.00015778478554314486
9472.0	21.0	1.0	0.0	0.00015882230940316095
9493.0	21.0	1.0	0.0	0.00030739484514502856
9514.0	21.0	1.0	0.0	0.0003445732480003143
9535.0	21.0	1.0	0.0	0.0002276042756579667
9556.0	21.0	1.0	0.0	0.0025117438180105515
9577.0	21.0	1.0	0.0	0.000931355067661776
9598.0	21.0	1.0	0.0	0.0004871448335193
9619.0	21.0	1.0	0.0	0.0002439749581472714
9640.0	21.0	1.0	0.0	0.00013820866176056547
9661.0	21.0	1.0	0.0	3.9072672526041666e-05
9682.0	21.0	1.0	0.0	1.660010928199405e-05
9703.0	21.0	1.0	0.0	9.294255858375913e-06
9724.0	21.0	1.0	0.0	6.310286976042246e-06
9745.0	21.0	1.0	0.0	2.608922975403405e-05
9766.0	21.0	1.0	0.0	6.638840834298985e-05
9787.0	21.0	1.0	0.0	7.960936001367996e-05
9808.0	21.0	1.0	0.0	9.054035232178134e-05
9829.0	21.0	1.0	0.0	0.00014278430030456542
9850.0	21.0	1.0	0.0	0.0001527735392252
9871.0	21.0	1.0	0.0	0.00016426286243251425
9892.0	21.0	1.0	0.0	8.936877477735215e-05
9913.0	21.0	1.0	0.0	4.456293015252976e-05
9934.0	21.0	1.0	0.0	2.451279049827939e-05
9955.0	21.0	1.0	0.0	1.7926079886300226e-05
9976.0	21.0	1.0	0.0	1.5076410202752973e-05
9997.0	21.0	1.0	0.0	1.1114847092401414e-05
10018.0	21.0	1.0	0.0	6.136848813011533e-06
10039.0	21.0	1.0	0.0	5.993071056547619e-06
10060.0	21.0	1.0	0.0	3.572459376993634e-06
10081.0	21.0	1.0	0.0	2.5855710818654016e-06
10102.0	21.0	1.0	0.0	2.0629298828897018e-06
10123.0	21.0	1.0	0.0	8.02478573861548e-05
10144.0	21.0	1.0	0.0	0.00043989259288421654
10165.0	21.0	1.0	0.0	4.3468339102608824e-05
10186.0	21.0	1.0	0.0	5.753072102864058e-05
10207.0	21.0	1.0	0.0	0.000229031971522716
10228.0	21.0	1.0	0.0	0.0013107775733584048
10249.0	21.0	1.0	0.0	0.0009805742899576335
10270.0	21.0	1.0	0.0	0.0007502085367838096
10291.0	21.0	1.0	0.0	0.00036676679338723333
10312.0	21.0	1.0	0.0	0.0001256136213029762
10333.0	21.0	1.0	0.0	6.0315450032552085e-05
10354.0	21.0	1.0	0.0	2.9451279413132435e-05
10375.0	21.0	1.0	0.0	1.3930547805059522e-05
10396.0	21.0	1.0	0.0	8.009411039806547e-06
10417.0	21.0	1.0	0.0	5.247570219494049e-06
10438.0	21.0	1.0	0.0	3.7092584229650945e-06
10459.0	21.0	1.0	0.0	3.208299832684654e-06
10480.0	21.0	1.0	0.0	2.3945307447796776e-06
10501.0	21.0	1.0	0.0	6.813286670615451e-05
10522.0	21.0	1.0	0.0	2.4534060841514948e-05
10543.0	21.0	1.0	0.0	0.00022910714149472223
10564.0	21.0	1.0	0.0	0.0001662189846946524
10585.0	21.0	1.0	0.0	0.00010358696892144904
10606.0	21.0	1.0	0.0	0.00010282975151421673
10627.0	21.0	1.0	0.0	9.15505091349188e-05
10648.0	21.0	1.0	0.0	5.093574523925781e-05
10669.0	21.0	1.0	0.0	3.300948370070685e-05
10690.0	21.0	1.0	0.0	2.7117411295572915e-05
10711.0	21.0	1.0	0.0	4.62976183210029e-05
10732.0	21.0	1.0	0.0	1.7301468622116815e-05
10753.0	21.0	1.0	0.0	9.075073968796503e-06
10774.0	21.0	1.0	0.0	5.824497767857144e-06
10795.0	21.0	1.0	0.0	3.945392689534595e-06
10816.0	21.0	1.0	0.0	2.9274759193261466e-06
10837.0	21.0	1.0	0.0	5.595794391064416e-06
10858.0	21.0	1.0	0.0	4.4658966007682996e-05
10879.0	21.0	1.0	0.0	1.7934884343828474e-05
10900.0	21.0	1.0	0.0	4.6974465960537314e-05
10921.0	21.0	1.0	0.0	1.354762486049107e-05
10942.0	21.0	1.0	0.0	4.2358262198306934e-05
10963.0	21.0	1.0	0.0	2.8308550516764327e-05
10984.0	21.0	1.0	0.0	2.2167342049734937e-05
11005.0	21.0	1.0	0.0	8.59687668936504e-05
11026.0	21.0	1.0	0.0	4.999769301641555e-05
11047.0	21.0	1.0	0.0	4.360541843232655e-05
11068.0	21.0	1.0	0.0	3.049682435535249e-05
11089.0	21.0	1.0	0.0	1.5103294735863093e-05
11110.0	21.0	1.0	0.0	8.224759783063617e-06
11131.0	21.0	1.0	0.0	7.695924668085007e-06
11152.0	21.0	1.0	0.0	3.797641644875208e-06
11173.0	21.0	1.0	0.0	2.779298772414525e-06
11194.0	21.0	1.0	0.0	5.36655102457319e-06
11215.0	21.0	1.0	0.0	2.067467286473229e-06
11236.0	21.0	1.0	0.0	1.8223254453568234e-06
11257.0	21.0	1.0	0.0	1.7049326783134822e-06
11278.0	21.0	1.0	0.0	0.0002641143486612867
11299.0	21.0	1.0	0.0	7.9305989401676e-05
11320.0	21.0	1.0	0.0	0.00013988163357685356
11341.0	21.0	1.0	0.0	0.00025389589582166193
11362.0	21.0	1.0	0.0	0.00016879962739486191
11383.0	21.0	1.0	0.0	8.6291449410568e-05
11404.0	21.0	1.0	0.0	4.785410563151042e-05
11425.0	21.0	1.0	0.0	2.2351855323428196e-05
11446.0	21.0	1.0	0.0	1.169713338216146e-05
11467.0	21.0	1.0	0.0	6.900969005766371e-06
11488.0	21.0	1.0	0.0	4.835946219308036e-06
11509.0	21.0	1.0	0.0	3.3346811930338537e-06
11530.0	21.0	1.0	0.0	2.4648039113907583e-06
11551.0	21.0	1.0	0.0	2.5030729316529772e-06
11572.0	21.0	1.0	0.0	3.671014592761086e-06
11593.0	21.0	1.0	0.0	1.9935163713636853e-06
11614.0	21.0	1.0	0.0	3.3150691361654375e-06
11635.0	21.0	1.0	0.0	1.0454945621036346e-05
11656.0	21.0	1.0	0.0	3.694244793483188e-06
11677.0	21.0	1.0	0.0	3.4012141681852794e-06
11698.0	21.0	1.0	0.0	5.1975704374767485e-06
11719.0	21.0	1.0	0.0	7.168482031140123e-05
11740.0	21.0	1.0	0.0	2.5431337810698008e-05
11761.0	21.0	1.0	0.0	1.2672219957624165e-05
11782.0	21.0	1.0	0.0	7.429906300136019e-06
11803.0	21.0	1.0	0.0	5.077861604236421e-06
11824.0	21.0	1.0	0.0	3.451404117402576e-06
11845.0	21.0	1.0	0.0	2.8558231535412014e-06
11866.0	21.0	1.0	0.0	2.133687337239583e-06
11887.0	21.0	1.0	0.0	2.670693798877653e-06
11908.0	21.0	1.0	0.0	1.6755779229459313e-06
11929.0	21.0	1.0	0.0	1.6211672198204762e-06
11950.0	21.0	1.0	0.0	1.7013649145762125e-06
11971.0	21.0	1.0	0.0	1.844759569281587e-05
11992.0	21.0	1.0	0.0	0.00023279405207858318
12013.0	21.0	1.0	0.0	2.1429357074555892e-05
12034.0	21.0	1.0	0.0	1.3103553227015906e-05
12055.0	21.0	1.0	0.0	1.0395481472923643e-05
12076.0	21.0	1.0	0.0	8.396443866548082e-06
12097.0	21.0	1.0	0.0	0.00010449146089099053
12118.0	21.0	1.0	0.0	0.00018355546678810956
12139.0	21.0	1.0	0.0	9.701156616208807e-05
12160.0	21.0	1.0	0.0	3.425084976922898e-05
12181.0	21.0	1.0	0.0	1.4412562052408857e-05
12202.0	21.0	1.0	0.0	7.966177804129463e-06
12223.0	21.0	1.0	0.0	6.4261754353841145e-06
12244.0	21.0	1.0	0.0	3.9953504289899554e-06
12265.0	21.0	1.0	0.0	2.7504359327611466e-06
12286.0	21.0	1.0	0.0	2.1294491986433667e-06
12307.0	21.0	1.0	0.0	2.219838400681814e-06
12328.0	21.0	1.0	0.0	0.00013645724313598195
12349.0	21.0	1.0	0.0	0.0002522316319601617
12370.0	21.0	1.0	0.0	3.294390723818824e-05
12391.0	21.0	1.0	0.0	2.882585071382068e-05
12412.0	21.0	1.0	0.0	3.450911385672433e-05
12433.0	21.0	1.0	0.0	4.3348675682431175e-05
12454.0	21.0	1.0	0.0	0.00023645805177229895
12475.0	21.0	1.0	0.0	0.0005564574287050571
12496.0	21.0	1.0	0.0	0.0006510196867442952
12517.0	21.0	1.0	0.0	0.0003163537524994857
12538.0	21.0	1.0	0.0	8.351880028132113e-05
12559.0	21.0	1.0	0.0	2.7879442487444196e-05
12580.0	21.0	1.0	0.0	1.3624645414806549e-05
12601.0	21.0	1.0	0.0	7.961273193359374e-06
12622.0	21.0	1.0	0.0	5.4013365436167945e-06
12643.0	21.0	1.0	0.0	3.883608927329383e-06
12664.0	21.0	1.0	0.0	2.9184633777255114e-06
12685.0	21.0	1.0	0.0	0.00015386296808717886
12706.0	21.0	1.0	0.0	0.004789383774711934
12727.0	21.0	1.0	0.0	0.001704901922316738
12748.0	21.0	1.0	0.0	0.0006563895089285236
12769.0	21.0	1.0	0.0	0.0010094582693917
12790.0	21.0	1.0	0.0	0.0013368748256137857
12811.0	21.0	1.0	0.0	0.0024268740699404283
12832.0	21.0	1.0	0.0	0.0004970833914620142
12853.0	21.0	1.0	0.0	0.00019967651367183811
12874.0	21.0	1.0	0.0	0.00012306286039803093
12895.0	21.0	1.0	0.0	4.976399739583334e-05
12916.0	21.0	1.0	0.0	4.7832670665919046e-05
12937.0	21.0	1.0	0.0	5.801100957960713e-05
12958.0	21.0	1.0	0.0	1.4067150297619047e-05
12979.0	21.0	1.0	0.0	8.49789675946037e-06
13000.0	21.0	1.0	0.0	1.415790821469966e-05
13021.0	21.0	1.0	0.0	4.7512522765568325e-06
13042.0	21.0	1.0	0.0	3.646865203266758e-05
13063.0	21.0	1.0	0.0	0.00016729796500431984
13084.0	21.0	1.0	0.0	0.0005481017657688095
13105.0	21.0	1.0	0.0	0.00041892396836049035
13126.0	21.0	1.0	0.0	0.0004050528208414191
13147.0	21.0	1.0	0.0	0.00027493613106859525
13168.0	21.0	1.0	0.0	0.0006936847141810428
13189.0	21.0	1.0	0.0	0.0003497398013159905
13210.0	21.0	1.0	0.0	0.00020977256411593338
13231.0	21.0	1.0	0.0	8.674694242929344e-05
13252.0	21.0	1.0	0.0	3.394535609654018e-05
13273.0	21.0	1.0	0.0	1.7139979771205356e-05
13294.0	21.0	1.0	0.0	9.845188685825895e-06
13315.0	21.0	1.0	0.0	1.0929289318266369e-05
13336.0	21.0	1.0	0.0	4.3129693894149096e-05
13357.0	21.0	1.0	0.0	9.886911937168664e-06
13378.0	21.0	1.0	0.0	4.694417828605287e-06
13399.0	21.0	1.0	0.0	3.313890525272914e-06
13420.0	21.0	1.0	0.0	2.5771047387804306e-06
13441.0	21.0	1.0	0.0	0.00029033960472967836
13462.0	21.0	1.0	0.0	0.0005380952698843541
13483.0	21.0	1.0	0.0	0.0029131443386985665
13504.0	21.0	1.0	0.0	0.0015601287115187526
13525.0	21.0	1.0	0.0	0.0007004303705124048
13546.0	21.0	1.0	0.0	0.0003863790602910714
13567.0	21.0	1.0	0.0	0.0002399727957588809
13588.0	21.0	1.0	0.0	0.00010195704868859702
13609.0	21.0	1.0	0.0	8.10212634858631e-05
13630.0	21.0	1.0	0.0	4.7077723911830366e-05
13651.0	21.0	1.0	0.0	6.980678013392083e-05
13672.0	21.0	1.0	0.0	1.9425165085565472e-05
13693.0	21.0	1.0	0.0	1.0441371372767859e-05
13714.0	21.0	1.0	0.0	6.569496932483855e-06
13735.0	21.0	1.0	0.0	4.788302949496678e-06
13756.0	21.0	1.0	0.0	3.5397467159089586e-06
13777.0	21.0	1.0	0.0	2.6877437319074353e-06
13798.0	21.0	1.0	0.0	2.1669680163973853e-06
13819.0	21.0	1.0	0.0	2.4000533989497592e-06
13840.0	21.0	1.0	0.0	2.009760623885783e-05
13861.0	21.0	1.0	0.0	3.533353124346052e-05
13882.0	21.0	1.0	0.0	4.148142678396919e-05
13903.0	21.0	1.0	0.0	1.5875929877871554e-05
13924.0	21.0	1.0	0.0	9.948991593860445e-06
13945.0	21.0	1.0	0.0	1.0383185886201402e-05
13966.0	21.0	1.0	0.0	1.266850743974958e-05
13987.0	21.0	1.0	0.0	7.882981073288693e-06
14008.0	21.0	1.0	0.0	4.853214536394391e-06
14029.0	21.0	1.0	0.0	3.3351807367234e-06
14050.0	21.0	1.0	0.0	3.3362479436965214e-06
14071.0	21.0	1.0	0.0	2.214988072713216e-06
14092.0	21.0	1.0	0.0	1.7302009676183973e-06
14113.0	21.0	1.0	0.0	1.4282583835579098e-06
14134.0	21.0	1.0	0.0	0.00018544905029589393
14155.0	21.0	1.0	0.0	2.5460583823066314e-05
14176.0	21.0	1.0	0.0	7.764861697242375e-06
14197.0	21.0	1.0	0.0	4.3847220284598216e-06
14218.0	21.0	1.0	0.0	8.900596981956846e-06
14239.0	21.0	1.0	0.0	9.213220505487352e-06
14260.0	21.0	1.0	0.0	6.721087864467077e-06
14281.0	21.0	1.0	0.0	5.9667768932524185e-06
14302.0	21.0	1.0	0.0	5.855605715797061e-06
14323.0	21.0	1.0	0.0	1.5404610406784783e-05
14344.0	21.0	1.0	0.0	8.197443825857979e-06
14365.0	21.0	1.0	0.0	7.372152237665087e-06
14386.0	21.0	1.0	0.0	5.040395827520461e-06
14407.0	21.0	1.0	0.0	1.957352956136068e-05
14428.0	21.0	1.0	0.0	7.675168627783141e-05
14449.0	21.0	1.0	0.0	9.311976354746591e-06
14470.0	21.0	1.0	0.0	5.195156981547673e-06
14491.0	21.0	1.0	0.0	1.4207065105438232e-05
14512.0	21.0	1.0	0.0	0.0002595145177273292
14533.0	21.0	1.0	0.0	1.827037902105422e-05
14554.0	21.0	1.0	0.0	0.00014274917330058147
14575.0	21.0	1.0	0.0	0.0002262588682628334
14596.0	21.0	1.0	0.0	0.0005402075903755906
14617.0	21.0	1.0	0.0	0.001065878459385405
14638.0	21.0	1.0	0.0	0.0006496456691196523
14659.0	21.0	1.0	0.0	0.0005929049537294858
14680.0	21.0	1.0	0.0	0.00026590292794360476
14701.0	21.0	1.0	0.0	0.00014454469226649527
14722.0	21.0	1.0	0.0	9.231276739210237e-05
14743.0	21.0	1.0	0.0	5.477687290736607e-05
14764.0	21.0	1.0	0.0	2.6172819591703867e-05
14785.0	21.0	1.0	0.0	1.285916283017113e-05
14806.0	21.0	1.0	0.0	7.6270984219653265e-06
14827.0	21.0	1.0	0.0	5.066110175989923e-06
14848.0	21.0	1.0	0.0	3.858938813209533e-06
14869.0	21.0	1.0	0.0	3.8055380185445154e-06
14890.0	21.0	1.0	0.0	4.330999794460479e-06
14911.0	21.0	1.0	0.0	1.9526659023193427e-05
14932.0	21.0	1.0	0.0	4.844613302321424e-05
14953.0	21.0	1.0	0.0	0.0008676287049338525
14974.0	21.0	1.0	0.0	0.0006709964388892191
14995.0	21.0	1.0	0.0	0.000534832908993619
15016.0	21.0	1.0	0.0	0.00031611397152850475
15037.0	21.0	1.0	0.0	0.0008230836050850524
15058.0	21.0	1.0	0.0	0.00023848978678380002
15079.0	21.0	1.0	0.0	7.82714117140872e-05
15100.0	21.0	1.0	0.0	4.162815638950535e-05
15121.0	21.0	1.0	0.0	5.7769412086122335e-05
15142.0	21.0	1.0	0.0	1.4270964122953869e-05
15163.0	21.0	1.0	0.0	9.299505324590776e-06
15184.0	21.0	1.0	0.0	5.765919174466813e-06
15205.0	21.0	1.0	0.0	4.043225731168475e-06
15226.0	21.0	1.0	0.0	4.241203977948143e-06
15247.0	21.0	1.0	0.0	4.426455213910059e-06
15268.0	21.0	1.0	0.0	2.9661414169129878e-06
15289.0	21.0	1.0	0.0	2.2596789257866994e-05
15310.0	21.0	1.0	0.0	5.1645503157659205e-05
15331.0	21.0	1.0	0.0	0.00014475538049422051
15352.0	21.0	1.0	0.0	0.0003205362274532852
15373.0	21.0	1.0	0.0	0.000830618449619781
15394.0	21.0	1.0	0.0	0.0006051985422769714
15415.0	21.0	1.0	0.0	0.0004318146478561667
15436.0	21.0	1.0	0.0	0.001727532523018933
15457.0	21.0	1.0	0.0	0.000752163841610819
15478.0	21.0	1.0	0.0	0.00011146436418803456
15499.0	21.0	1.0	0.0	3.168051583426339e-05
15520.0	21.0	1.0	0.0	1.3935997372581843e-05
15541.0	21.0	1.0	0.0	8.158056508927119e-06
15562.0	21.0	1.0	0.0	5.358992587952388e-06
15583.0	21.0	1.0	0.0	3.847278299785796e-06
15604.0	21.0	1.0	0.0	4.771717247507758e-05
15625.0	21.0	1.0	0.0	8.455395698547364e-06
15646.0	21.0	1.0	0.0	4.82132321312314e-06
15667.0	21.0	1.0	0.0	3.8006248928251716e-06
15688.0	21.0	1.0	0.0	0.00020659693649834355
15709.0	21.0	1.0	0.0	0.00019821030752995537
15730.0	21.0	1.0	0.0	0.00014557298024490002
15751.0	21.0	1.0	0.0	0.00011810834067205228
15772.0	21.0	1.0	0.0	0.0001241651262555333
15793.0	21.0	1.0	0.0	9.044338407968777e-05
15814.0	21.0	1.0	0.0	3.3714203607468365e-05
15835.0	21.0	1.0	0.0	1.5163512456984749e-05
15856.0	21.0	1.0	0.0	6.0771488008034236e-05
15877.0	21.0	1.0	0.0	9.615489414760045e-06
15898.0	21.0	1.0	0.0	5.767186482747395e-06
15919.0	21.0	1.0	0.0	6.220046963010515e-06
15940.0	21.0	1.0	0.0	4.075428559666589e-06
15961.0	21.0	1.0	0.0	2.7879526217778517e-06
15982.0	21.0	1.0	0.0	0.00015637343838099084
16003.0	21.0	1.0	0.0	0.00024129551932921574
16024.0	21.0	1.0	0.0	0.0001253896440778063
16045.0	21.0	1.0	0.0	0.0003680969874064073
16066.0	21.0	1.0	0.0	0.0017125279562813429
16087.0	21.0	1.0	0.0	0.0006194754100980667
16108.0	21.0	1.0	0.0	0.00046980794270828577
16129.0	21.0	1.0	0.0	0.0002932088942754333
16150.0	21.0	1.0	0.0	0.00014150674002507319
16171.0	21.0	1.0	0.0	6.200154622395835e-05
16192.0	21.0	1.0	0.0	4.65665544782366e-05
16213.0	21.0	1.0	0.0	1.9501822335379467e-05
16234.0	21.0	1.0	0.0	1.0373070126488094e-05
16255.0	21.0	1.0	0.0	8.123851957775298e-06
16276.0	21.0	1.0	0.0	1.8170397773026242e-05
16297.0	21.0	1.0	0.0	4.568425672394496e-05
16318.0	21.0	1.0	0.0	2.2981541497362523e-05
16339.0	21.0	1.0	0.0	5.640256972539992e-06
16360.0	21.0	1.0	0.0	3.3934485344656145e-05
16381.0	21.0	1.0	0.0	9.949990681239535e-06
16402.0	21.0	1.0	0.0	9.868616149537245e-05
16423.0	21.0	1.0	0.0	6.598840441022089e-05
16444.0	21.0	1.0	0.0	0.00015867099307828402
16465.0	21.0	1.0	0.0	6.405408041817802e-05
16486.0	21.0	1.0	0.0	6.218138195219301e-05
16507.0	21.0	1.0	0.0	7.877245403471449e-05
16528.0	21.0	1.0	0.0	0.0005915965579804476
16549.0	21.0	1.0	0.0	0.00029413495744972854
16570.0	21.0	1.0	0.0	0.00010982604253856695
16591.0	21.0	1.0	0.0	3.2059442429315466e-05
16612.0	21.0	1.0	0.0	1.46575201125372e-05
16633.0	21.0	1.0	0.0	8.412969786496391e-06
16654.0	21.0	1.0	0.0	5.563477852514813e-06
16675.0	21.0	1.0	0.0	4.026102168219431e-06
16696.0	21.0	1.0	0.0	3.1314974739438006e-06
16717.0	21.0	1.0	0.0	6.360268309002831e-06
16738.0	21.0	1.0	0.0	4.509373647825926e-05
16759.0	21.0	1.0	0.0	7.674807593936012e-06
16780.0	21.0	1.0	0.0	1.9776599747794012e-05
16801.0	21.0	1.0	0.0	1.5369755881173274e-05
16822.0	21.0	1.0	0.0	3.8904417128782584e-05
16843.0	21.0	1.0	0.0	0.0003322493689400428
16864.0	21.0	1.0	0.0	9.004633767262281e-05
16885.0	21.0	1.0	0.0	4.008220490955171e-05
16906.0	21.0	1.0	0.0	1.9691058567592076e-05
16927.0	21.0	1.0	0.0	4.4244539170029714e-05
16948.0	21.0	1.0	0.0	1.1091731843494232e-05
16969.0	21.0	1.0	0.0	6.621814909435455e-06
16990.0	21.0	1.0	0.0	4.488899594261532e-06
17011.0	21.0	1.0	0.0	3.2813783202852533e-06
17032.0	21.0	1.0	0.0	2.942914764086406e-06
17053.0	21.0	1.0	0.0	2.1153986454010004e-06
17074.0	21.0	1.0	0.0	8.504062323342612e-05
17095.0	21.0	1.0	0.0	0.00010822271165390957
17116.0	21.0	1.0	0.0	0.0003309121358961869
17137.0	21.0	1.0	0.0	0.00026952375684460476
17158.0	21.0	1.0	0.0	0.0014132278079077906
17179.0	21.0	1.0	0.0	0.0017940455845423574
17200.0	21.0	1.0	0.0	0.000526319957914762
17221.0	21.0	1.0	0.0	0.00020342254638668097
17242.0	21.0	1.0	0.0	0.00017597925095326668
17263.0	21.0	1.0	0.0	0.00013350822812029914
17284.0	21.0	1.0	0.0	8.39276994977652e-05
17305.0	21.0	1.0	0.0	8.073316301617977e-05
17326.0	21.0	1.0	0.0	8.276439848399524e-05
17347.0	21.0	1.0	0.0	2.334849039713542e-05
17368.0	21.0	1.0	0.0	7.074816170192143e-05
17389.0	21.0	1.0	0.0	1.5515778745923727e-05
17410.0	21.0	1.0	0.0	1.0072367531912667e-05
17431.0	21.0	1.0	0.0	3.202077320643386e-05
17452.0	21.0	1.0	0.0	0.00015867336591082558
17473.0	21.0	1.0	0.0	2.7923515864780973e-05
17494.0	21.0	1.0	0.0	0.00012646100634618098
17515.0	21.0	1.0	0.0	0.00011424745832169321
17536.0	21.0	1.0	0.0	0.0001726128714424762
17557.0	21.0	1.0	0.0	0.00010920288449239694
17578.0	21.0	1.0	0.0	0.00013245873224162856
17599.0	21.0	1.0	0.0	7.652046566916868e-05
17620.0	21.0	1.0	0.0	8.7797346569234e-05
17641.0	21.0	1.0	0.0	8.081000191824458e-05
17662.0	21.0	1.0	0.0	3.854252043224516e-05
17683.0	21.0	1.0	0.0	1.5885852632068452e-05
17704.0	21.0	1.0	0.0	8.468991234188989e-06
17725.0	21.0	1.0	0.0	5.498426522882213e-06
17746.0	21.0	1.0	0.0	3.851091710939293e-06
17767.0	21.0	1.0	0.0	9.462871367023106e-06
17788.0	21.0	1.0	0.0	3.3531997885022846e-06
17809.0	21.0	1.0	0.0	2.3823664301917672e-06
17830.0	21.0	1.0	0.0	2.3729999860127768e-06
17851.0	21.0	1.0	0.0	7.413647146451587e-05
17872.0	21.0	1.0	0.0	1.0628904615129741e-05
17893.0	21.0	1.0	0.0	4.181566692533947e-06
17914.0	21.0	1.0	0.0	3.5433201562790646e-06
17935.0	21.0	1.0	0.0	3.397907529558454e-06
17956.0	21.0	1.0	0.0	3.285101481846401e-06
17977.0	21.0	1.0	0.0	3.312565031505767e-06
17998.0	21.0	1.0	0.0	2.475863411313011e-06
18019.0	21.0	1.0	0.0	2.1554629007975265e-06
18040.0	21.0	1.0	0.0	5.68428493681408e-06
18061.0	21.0	1.0	0.0	1.7902851104736327e-06
18082.0	21.0	1.0	0.0	1.3343266078404019e-06
18103.0	21.0	1.0	0.0	1.1060477810956182e-06
18124.0	21.0	1.0	0.0	9.609981927843324e-07
18145.0	21.0	1.0	0.0	8.518238152776444e-07
18166.0	21.0	1.0	0.0	1.6382084893323948e-05
18187.0	21.0	1.0	0.0	2.6225192206246514e-06
18208.0	21.0	1.0	0.0	0.00011175516673495827
18229.0	21.0	1.0	0.0	0.00010585797400699839
18250.0	13.0	1.0	0.0	3.17539435166579e-05
